0 1 1691693377.99
1 1 1691693378.27
2 1 1691693378.6
3 1 1691693378.96
4 1 1691693379.27
5 1 1691693379.64
6 1 1691693379.95
7 1 1691693380.29
8 1 1691693380.68
9 1 1691693381.04
10 1 1691693381.46
11 1 1691693382.0
12 1 1691693382.53
13 1 1691693383.11
14 1 1691693383.65
15 1 1691693384.19
16 1 1691693384.77
17 1 1691693385.31
18 1 1691693385.83
19 1 1691693386.4
20 1 1691693386.92
21 1 1691693387.46
22 1 1691693388.09
23 1 1691693388.6
24 1 1691693389.31
25 0 1691693390.5
25 1 1691693391.33
26 1 1691693391.66
27 1 1691693391.99
28 1 1691693392.33
29 1 1691693392.62
30 1 1691693392.98
31 1 1691693393.32
32 1 1691693393.61
33 1 1691693394.09
34 1 1691693394.64
35 1 1691693395.19
36 1 1691693395.76
37 1 1691693396.31
38 1 1691693396.85
39 1 1691693397.38
40 0 1691693398.77
40 1 1691693400.08
41 1 1691693400.36
42 1 1691693400.7
43 1 1691693401.03
44 1 1691693401.33
45 1 1691693401.64
46 1 1691693401.97
47 1 1691693402.29
48 1 1691693402.65
49 0 1691693403.76
49 0 1691693405.9
49 1 1691693407.2
50 1 1691693407.49
51 1 1691693407.81
52 1 1691693408.13
53 1 1691693408.42
54 1 1691693408.73
55 1 1691693409.05
56 1 1691693409.36
57 1 1691693409.65
58 1 1691693409.98
59 1 1691693410.33
60 1 1691693410.64
61 1 1691693410.98
62 1 1691693411.33
63 1 1691693411.71
64 1 1691693412.08
65 1 1691693412.41
66 1 1691693412.78
67 0 1691693413.89
67 1 1691693415.16
68 1 1691693415.46
69 0 1691693416.56
69 1 1691693417.84
70 1 1691693418.15
71 1 1691693418.46
72 1 1691693418.78
73 1 1691693419.21
74 1 1691693419.69
75 0 1691693420.8
75 1 1691693422.11
76 1 1691693422.43
77 1 1691693422.76
78 1 1691693423.08
79 1 1691693423.38
80 1 1691693423.71
81 1 1691693424.05
82 1 1691693424.37
83 1 1691693424.7
84 0 1691693425.81
84 1 1691693426.6
85 1 1691693426.9
86 1 1691693427.21
87 1 1691693427.53
88 1 1691693427.81
89 1 1691693428.18
90 1 1691693428.49
91 0 1691693429.59
91 1 1691693430.39
92 1 1691693430.68
93 0 1691693431.81
93 1 1691693433.11
94 1 1691693433.41
95 1 1691693433.73
96 1 1691693434.04
97 1 1691693434.35
98 1 1691693434.63
99 1 1691693434.91
100 1 1691693435.24
101 1 1691693435.6
102 1 1691693435.93
103 1 1691693436.25
104 1 1691693436.56
105 1 1691693436.9
106 1 1691693437.22
107 1 1691693437.56
108 1 1691693437.92
109 1 1691693438.25
110 1 1691693438.64
111 1 1691693438.99
112 1 1691693439.33
113 1 1691693439.7
114 1 1691693440.1
115 1 1691693440.51
116 1 1691693440.88
117 0 1691693441.99
117 1 1691693443.3
118 1 1691693443.59
119 1 1691693443.89
120 1 1691693444.21
121 1 1691693444.55
122 1 1691693444.89
123 1 1691693445.19
124 1 1691693445.52
125 1 1691693445.84
126 1 1691693446.18
127 1 1691693446.47
128 1 1691693446.78
129 1 1691693447.1
130 1 1691693447.44
131 1 1691693447.92
132 1 1691693448.48
133 1 1691693448.99
134 1 1691693449.57
135 0 1691693450.94
135 1 1691693451.75
136 1 1691693452.08
137 1 1691693452.35
138 1 1691693452.65
139 1 1691693452.98
140 1 1691693453.31
141 1 1691693453.61
142 0 1691693454.78
142 1 1691693456.13
143 1 1691693456.43
144 1 1691693456.71
145 1 1691693457.01
146 1 1691693457.31
147 1 1691693457.63
148 1 1691693457.94
149 1 1691693458.26
150 1 1691693458.56
151 1 1691693458.89
152 1 1691693459.41
153 1 1691693460.01
154 1 1691693460.54
155 1 1691693461.06
156 0 1691693462.46
156 1 1691693463.77
157 1 1691693464.11
158 1 1691693464.38
159 1 1691693464.71
160 0 1691693465.83
160 1 1691693467.13
161 1 1691693467.45
162 1 1691693467.72
163 1 1691693468.04
164 1 1691693468.31
165 1 1691693468.63
166 1 1691693468.94
167 1 1691693469.26
168 1 1691693469.58
169 1 1691693469.9
170 1 1691693470.24
171 1 1691693470.52
172 1 1691693470.82
173 1 1691693471.13
174 1 1691693471.52
175 1 1691693472.04
176 1 1691693472.6
177 1 1691693473.17
178 1 1691693473.7
179 1 1691693474.26
180 1 1691693474.81
181 1 1691693475.36
182 1 1691693475.88
183 1 1691693476.43
184 0 1691693477.81
184 1 1691693478.85
185 1 1691693479.22
186 1 1691693479.54
187 1 1691693479.82
188 0 1691693480.9
188 0 1691693483.03
188 1 1691693484.33
189 1 1691693484.63
190 1 1691693484.89
191 1 1691693485.24
192 1 1691693485.57
193 1 1691693485.87
194 1 1691693486.19
195 0 1691693487.27
195 1 1691693488.54
196 1 1691693488.85
197 1 1691693489.14
198 1 1691693489.44
199 1 1691693489.73
200 1 1691693490.08
201 1 1691693490.36
202 1 1691693490.72
203 1 1691693491.09
204 1 1691693491.38
205 1 1691693491.72
206 1 1691693492.02
207 0 1691693493.19
207 1 1691693494.6
208 1 1691693494.96
209 1 1691693495.26
210 1 1691693495.54
211 1 1691693495.83
212 1 1691693496.1
