0 1 1691689989.74
1 1 1691689990.06
2 1 1691689990.36
3 0 1691689991.48
3 1 1691689992.77
4 1 1691689993.08
5 1 1691689993.37
6 0 1691689994.56
6 1 1691689995.87
7 1 1691689996.21
8 1 1691689996.51
9 1 1691689996.82
10 1 1691689997.11
11 1 1691689997.42
12 1 1691689997.71
13 1 1691689998.06
14 0 1691689999.18
14 1 1691690000.46
15 1 1691690000.75
16 1 1691690001.04
17 1 1691690001.35
18 1 1691690001.63
19 1 1691690001.97
20 1 1691690002.3
21 1 1691690002.59
22 1 1691690002.9
23 1 1691690003.21
24 1 1691690003.53
25 1 1691690003.83
26 1 1691690004.18
27 1 1691690004.52
28 1 1691690004.82
29 1 1691690005.16
30 1 1691690005.46
31 0 1691690006.62
31 1 1691690007.93
32 1 1691690008.26
33 1 1691690008.56
34 1 1691690008.87
35 1 1691690009.17
36 0 1691690010.31
36 1 1691690011.64
37 1 1691690011.93
38 1 1691690012.26
39 1 1691690012.57
40 0 1691690013.7
40 1 1691690015.0
41 0 1691690016.12
41 1 1691690017.05
42 1 1691690017.47
43 1 1691690017.78
44 1 1691690018.06
45 1 1691690018.41
46 1 1691690018.72
47 1 1691690019.04
48 1 1691690019.37
49 1 1691690019.8
50 1 1691690020.17
51 1 1691690020.5
52 1 1691690020.82
53 1 1691690021.17
54 1 1691690021.55
55 1 1691690021.89
56 1 1691690022.25
57 1 1691690022.59
58 1 1691690022.93
59 1 1691690023.27
60 1 1691690023.65
61 1 1691690024.03
62 0 1691690025.14
62 1 1691690025.94
63 1 1691690026.23
64 1 1691690026.53
65 1 1691690026.94
66 0 1691690028.04
66 1 1691690028.85
67 1 1691690029.19
68 1 1691690029.48
69 1 1691690029.79
70 1 1691690030.09
71 1 1691690030.37
72 1 1691690030.68
73 1 1691690031.02
74 1 1691690031.35
75 1 1691690031.68
76 1 1691690032.02
77 1 1691690032.32
78 1 1691690032.67
79 1 1691690033.03
80 1 1691690033.37
81 1 1691690033.71
82 1 1691690034.02
83 1 1691690034.42
84 1 1691690034.81
85 1 1691690035.19
86 1 1691690035.56
87 0 1691690036.68
87 1 1691690037.49
88 1 1691690037.76
89 1 1691690038.06
90 1 1691690038.33
91 1 1691690038.63
92 1 1691690038.91
93 1 1691690039.23
94 1 1691690039.56
95 1 1691690039.85
96 0 1691690041.2
96 1 1691690042.5
97 1 1691690042.77
98 1 1691690043.09
99 1 1691690043.41
100 1 1691690043.7
101 0 1691690044.81
101 1 1691690046.1
102 1 1691690046.41
103 1 1691690046.74
104 1 1691690047.02
105 1 1691690047.33
106 1 1691690047.65
107 1 1691690047.99
108 1 1691690048.33
109 1 1691690048.64
110 1 1691690048.99
111 1 1691690049.31
112 1 1691690049.63
113 1 1691690049.99
114 1 1691690050.3
115 1 1691690050.82
116 1 1691690051.34
117 1 1691690051.9
118 1 1691690052.44
119 1 1691690053.01
120 0 1691690054.42
120 1 1691690055.73
121 1 1691690056.04
122 1 1691690056.32
123 1 1691690056.62
124 1 1691690056.93
125 1 1691690057.22
126 1 1691690057.53
127 1 1691690057.88
128 1 1691690058.22
129 1 1691690058.52
130 1 1691690059.06
131 1 1691690059.59
132 0 1691690061.0
132 1 1691690061.79
133 1 1691690062.13
134 1 1691690062.4
135 1 1691690062.71
136 1 1691690063.01
137 1 1691690063.32
138 0 1691690064.41
138 1 1691690065.67
139 1 1691690065.98
140 1 1691690066.26
141 1 1691690066.56
142 1 1691690066.86
143 1 1691690067.18
144 1 1691690067.49
145 1 1691690067.83
146 1 1691690068.14
147 1 1691690068.46
148 1 1691690068.93
149 1 1691690069.47
150 1 1691690070.04
151 1 1691690070.62
152 1 1691690071.15
153 1 1691690071.7
154 1 1691690072.24
155 1 1691690072.81
156 1 1691690073.34
157 1 1691690073.87
158 1 1691690074.42
159 1 1691690074.96
160 1 1691690075.53
161 0 1691690076.93
161 1 1691690078.23
162 1 1691690078.47
163 1 1691690078.77
164 1 1691690079.09
165 1 1691690079.43
166 1 1691690079.74
167 1 1691690080.07
168 1 1691690080.39
169 1 1691690080.73
170 1 1691690081.05
171 1 1691690081.56
172 1 1691690082.11
173 1 1691690082.66
174 1 1691690083.2
175 1 1691690083.76
176 1 1691690084.33
177 1 1691690084.85
178 1 1691690085.43
179 1 1691690085.96
180 1 1691690086.52
181 1 1691690087.1
182 1 1691690087.61
183 0 1691690088.98
183 1 1691690090.28
184 1 1691690090.56
185 1 1691690090.86
186 1 1691690091.18
187 1 1691690091.5
188 1 1691690091.83
189 1 1691690092.13
190 1 1691690092.46
191 1 1691690092.76
192 1 1691690093.15
193 1 1691690093.66
194 1 1691690094.21
195 0 1691690095.59
195 1 1691690096.97
196 1 1691690097.3
197 0 1691690098.42
197 1 1691690099.22
198 1 1691690099.53
199 1 1691690099.85
200 1 1691690100.16
201 1 1691690100.46
202 1 1691690100.81
203 1 1691690101.15
204 1 1691690101.43
205 1 1691690101.75
206 1 1691690102.05
207 1 1691690102.37
208 1 1691690102.73
209 1 1691690103.05
210 1 1691690103.38
211 1 1691690103.69
212 1 1691690104.12
213 1 1691690104.63
214 1 1691690105.18
