0 1 1691691026.18
1 1 1691691026.44
2 1 1691691026.78
3 1 1691691027.1
4 1 1691691027.56
5 0 1691691028.65
5 0 1691691030.76
5 1 1691691032.03
6 1 1691691032.36
7 1 1691691032.68
8 1 1691691033.06
9 1 1691691033.52
10 1 1691691033.93
11 1 1691691034.33
12 1 1691691034.7
13 1 1691691035.09
14 1 1691691035.51
15 1 1691691035.97
16 0 1691691037.12
16 1 1691691038.39
17 1 1691691038.71
18 1 1691691039.02
19 0 1691691040.12
19 1 1691691041.44
20 1 1691691041.77
21 1 1691691042.1
22 1 1691691042.39
23 1 1691691042.73
24 1 1691691043.08
25 0 1691691044.2
25 1 1691691045.01
26 1 1691691045.31
27 0 1691691046.41
27 0 1691691048.57
27 1 1691691049.89
28 0 1691691051.01
28 1 1691691052.32
29 1 1691691052.62
30 1 1691691052.88
31 1 1691691053.2
32 1 1691691053.5
33 1 1691691053.8
34 1 1691691054.11
35 0 1691691055.2
35 1 1691691056.52
36 1 1691691056.83
37 0 1691691057.95
37 1 1691691059.25
38 1 1691691059.56
39 1 1691691059.86
40 1 1691691060.16
41 1 1691691060.43
42 1 1691691060.75
43 1 1691691061.03
44 1 1691691061.36
45 1 1691691061.67
46 0 1691691062.84
46 1 1691691064.15
47 0 1691691065.26
47 1 1691691066.08
48 1 1691691066.41
49 1 1691691066.75
50 1 1691691067.06
51 1 1691691067.39
52 1 1691691067.68
53 1 1691691068.01
54 0 1691691069.12
54 1 1691691070.4
55 1 1691691070.69
56 1 1691691070.99
57 1 1691691071.28
58 1 1691691071.63
59 1 1691691071.95
60 1 1691691072.28
61 1 1691691072.58
62 1 1691691072.91
63 1 1691691073.22
64 1 1691691073.58
65 0 1691691074.67
65 1 1691691075.95
66 1 1691691076.26
67 1 1691691076.58
68 1 1691691076.89
69 1 1691691077.2
70 0 1691691078.32
70 1 1691691079.09
71 1 1691691079.4
72 1 1691691079.68
73 1 1691691079.99
74 1 1691691080.31
75 1 1691691080.6
76 1 1691691080.86
77 1 1691691081.15
78 1 1691691081.43
79 1 1691691081.74
80 1 1691691082.06
81 1 1691691082.38
82 1 1691691082.71
83 1 1691691083.01
84 1 1691691083.34
85 1 1691691083.65
86 0 1691691084.81
86 1 1691691086.11
87 1 1691691086.39
88 1 1691691086.7
89 1 1691691087.0
90 1 1691691087.29
91 0 1691691088.4
91 1 1691691089.75
92 1 1691691090.03
93 1 1691691090.35
94 1 1691691090.64
95 1 1691691090.95
96 1 1691691091.25
97 1 1691691091.55
98 1 1691691091.84
99 1 1691691092.17
100 1 1691691092.5
101 1 1691691092.8
102 0 1691691093.92
102 1 1691691095.26
103 1 1691691095.56
104 1 1691691095.86
105 1 1691691096.15
106 1 1691691096.48
107 1 1691691096.79
108 1 1691691097.09
109 1 1691691097.45
110 1 1691691097.78
111 1 1691691098.13
112 1 1691691098.43
113 1 1691691098.75
114 1 1691691099.08
115 1 1691691099.4
116 1 1691691099.72
117 1 1691691100.06
118 1 1691691100.47
119 1 1691691100.84
120 1 1691691101.2
121 1 1691691101.53
122 1 1691691101.92
123 1 1691691102.25
124 1 1691691102.59
125 1 1691691102.94
126 1 1691691103.27
127 1 1691691103.58
128 1 1691691103.9
129 1 1691691104.26
130 1 1691691104.64
131 1 1691691104.97
132 1 1691691105.34
133 1 1691691105.7
134 1 1691691106.05
135 1 1691691106.41
136 1 1691691106.79
137 1 1691691107.16
138 1 1691691107.51
139 1 1691691107.89
140 1 1691691108.23
141 1 1691691108.61
142 1 1691691108.98
143 1 1691691109.32
144 1 1691691109.66
145 1 1691691110.01
146 1 1691691110.39
147 1 1691691110.77
148 1 1691691111.11
149 1 1691691111.48
150 1 1691691111.85
151 1 1691691112.22
152 1 1691691112.71
153 1 1691691113.19
154 1 1691691113.6
155 1 1691691113.99
156 1 1691691114.34
157 1 1691691114.71
158 1 1691691115.12
159 1 1691691115.46
160 1 1691691115.82
161 1 1691691116.18
162 1 1691691116.72
163 0 1691691117.82
163 0 1691691119.44
163 1 1691691120.22
164 1 1691691120.54
165 1 1691691120.85
166 1 1691691121.17
167 1 1691691121.45
168 1 1691691121.77
169 1 1691691122.05
170 1 1691691122.4
171 1 1691691122.72
172 1 1691691123.03
173 1 1691691123.36
174 1 1691691123.66
175 1 1691691123.99
176 0 1691691125.12
176 1 1691691126.42
177 1 1691691126.75
178 1 1691691127.03
179 1 1691691127.37
180 1 1691691127.7
181 1 1691691128.0
182 0 1691691129.11
182 0 1691691130.71
182 1 1691691131.59
183 1 1691691131.89
184 1 1691691132.19
185 1 1691691132.49
186 1 1691691132.81
187 1 1691691133.15
188 1 1691691133.47
189 1 1691691133.79
190 1 1691691134.11
191 0 1691691135.24
191 1 1691691136.05
192 1 1691691136.34
193 1 1691691136.65
194 1 1691691136.99
195 1 1691691137.32
196 0 1691691138.47
196 1 1691691139.79
197 1 1691691140.16
198 0 1691691141.32
198 1 1691691142.27
199 1 1691691142.66
200 1 1691691143.01
201 1 1691691143.36
202 1 1691691143.69
203 1 1691691143.99
