0 0 1691169869.59
0 1 1691169870.4
1 1 1691169870.71
2 1 1691169870.98
3 1 1691169871.3
4 1 1691169871.63
5 0 1691169872.72
5 1 1691169873.56
6 1 1691169873.88
7 1 1691169874.29
8 1 1691169874.8
9 0 1691169875.92
9 1 1691169877.22
10 1 1691169877.49
11 1 1691169877.8
12 0 1691169878.93
12 1 1691169880.19
13 1 1691169880.51
14 0 1691169881.63
14 1 1691169883.14
15 1 1691169883.41
16 1 1691169883.72
17 1 1691169884.04
18 1 1691169884.34
19 1 1691169884.61
20 1 1691169884.92
21 1 1691169885.2
22 1 1691169885.5
23 1 1691169885.78
24 1 1691169886.08
25 1 1691169886.34
26 0 1691169887.52
26 1 1691169888.82
27 1 1691169889.11
28 1 1691169889.43
29 1 1691169889.76
30 1 1691169890.03
31 1 1691169890.35
32 1 1691169890.64
33 1 1691169890.94
34 1 1691169891.22
35 1 1691169891.5
36 1 1691169891.78
37 0 1691169892.94
37 0 1691169894.64
37 0 1691169896.84
37 0 1691169898.97
37 1 1691169900.32
38 1 1691169900.61
39 1 1691169900.93
40 1 1691169901.23
41 1 1691169901.53
42 1 1691169901.84
43 0 1691169902.94
43 1 1691169903.73
44 1 1691169904.05
45 1 1691169904.33
46 1 1691169904.63
47 1 1691169904.91
48 0 1691169906.02
48 0 1691169908.14
48 0 1691169909.76
48 1 1691169910.59
49 1 1691169910.89
50 1 1691169911.2
51 1 1691169911.47
52 1 1691169911.77
53 1 1691169912.08
54 1 1691169912.38
55 1 1691169912.65
56 1 1691169912.98
57 1 1691169913.3
58 0 1691169914.42
58 1 1691169915.7
59 1 1691169916.0
60 0 1691169917.15
60 1 1691169917.99
61 1 1691169918.37
62 1 1691169918.85
63 1 1691169919.26
64 1 1691169919.62
65 1 1691169919.93
66 1 1691169920.35
67 0 1691169921.49
67 1 1691169922.32
68 1 1691169922.63
69 1 1691169922.91
70 1 1691169923.21
71 1 1691169923.52
72 1 1691169923.84
73 1 1691169924.12
74 1 1691169924.44
75 1 1691169924.72
76 1 1691169925.03
77 1 1691169925.29
78 1 1691169925.61
79 0 1691169926.74
79 0 1691169928.35
79 0 1691169929.96
79 1 1691169931.35
80 1 1691169931.69
81 1 1691169932.02
82 0 1691169933.11
82 1 1691169934.47
83 1 1691169934.79
84 1 1691169935.09
85 1 1691169935.41
86 1 1691169935.69
87 1 1691169936.0
88 1 1691169936.28
89 1 1691169936.57
90 1 1691169936.91
91 1 1691169937.26
92 1 1691169937.69
93 0 1691169938.78
93 1 1691169940.33
94 1 1691169940.64
95 1 1691169940.93
96 1 1691169941.32
97 1 1691169941.73
98 1 1691169942.21
99 0 1691169943.32
99 1 1691169944.66
100 1 1691169944.94
101 1 1691169945.25
102 1 1691169945.54
103 1 1691169945.84
104 0 1691169946.95
104 1 1691169947.76
105 1 1691169948.06
106 1 1691169948.36
107 1 1691169948.64
108 1 1691169948.94
109 1 1691169949.33
110 1 1691169949.73
111 0 1691169950.86
111 1 1691169952.16
112 1 1691169952.46
113 1 1691169952.72
114 1 1691169953.02
115 1 1691169953.3
116 1 1691169953.61
117 1 1691169953.93
118 0 1691169955.06
118 1 1691169956.36
119 1 1691169956.69
120 1 1691169956.96
121 1 1691169957.33
122 1 1691169957.7
123 0 1691169958.87
123 1 1691169960.18
124 1 1691169960.45
125 1 1691169960.77
126 1 1691169961.11
127 1 1691169961.41
128 1 1691169961.7
129 1 1691169961.97
130 1 1691169962.35
131 1 1691169962.78
132 0 1691169963.88
132 1 1691169965.17
133 1 1691169965.49
134 1 1691169965.78
135 1 1691169966.09
136 0 1691169967.19
136 1 1691169968.55
137 1 1691169968.86
138 1 1691169969.17
139 1 1691169969.6
140 0 1691169970.71
140 0 1691169972.32
140 1 1691169973.59
141 1 1691169973.88
142 1 1691169974.15
143 1 1691169974.43
144 1 1691169974.72
145 1 1691169975.01
146 1 1691169975.29
147 1 1691169975.61
148 1 1691169975.94
149 1 1691169976.23
150 1 1691169976.55
151 1 1691169976.85
152 1 1691169977.16
153 1 1691169977.46
154 0 1691169978.66
154 1 1691169980.0
155 1 1691169980.31
156 1 1691169980.6
157 1 1691169980.9
158 1 1691169981.21
159 1 1691169981.53
160 1 1691169981.79
161 1 1691169982.07
162 1 1691169982.37
163 1 1691169982.64
164 1 1691169983.03
165 1 1691169983.41
166 1 1691169983.77
167 1 1691169984.1
168 1 1691169984.4
169 1 1691169984.73
