0 1 1691699188.51
1 1 1691699188.8
2 1 1691699189.14
3 1 1691699189.42
4 1 1691699189.76
5 1 1691699190.1
6 1 1691699190.43
7 1 1691699190.77
8 1 1691699191.15
9 1 1691699191.49
10 1 1691699192.05
11 1 1691699192.54
12 1 1691699193.09
13 1 1691699193.63
14 1 1691699194.21
15 1 1691699194.7
16 0 1691699196.12
16 1 1691699196.94
17 1 1691699197.28
18 1 1691699197.57
19 0 1691699198.66
19 1 1691699199.46
20 1 1691699199.75
21 1 1691699200.08
22 1 1691699200.37
23 1 1691699200.68
24 1 1691699201.0
25 1 1691699201.35
26 1 1691699201.67
27 1 1691699201.98
28 1 1691699202.29
29 1 1691699202.61
30 1 1691699203.02
31 1 1691699203.53
32 1 1691699204.04
33 1 1691699204.65
34 1 1691699205.18
35 1 1691699205.75
36 1 1691699206.27
37 1 1691699206.81
38 1 1691699207.33
39 1 1691699207.93
40 1 1691699208.46
41 1 1691699209.0
42 0 1691699210.41
42 1 1691699211.76
43 1 1691699212.04
44 1 1691699212.34
45 1 1691699212.68
46 1 1691699212.96
47 1 1691699213.29
48 1 1691699213.61
49 1 1691699213.94
50 1 1691699214.28
51 1 1691699214.59
52 1 1691699215.1
53 1 1691699215.62
54 1 1691699216.16
55 1 1691699216.7
56 1 1691699217.25
57 1 1691699217.81
58 1 1691699218.36
59 1 1691699218.88
60 1 1691699219.44
61 1 1691699220.01
62 0 1691699221.37
62 0 1691699223.02
62 1 1691699223.86
63 1 1691699224.16
64 1 1691699224.43
65 0 1691699225.54
65 1 1691699226.35
66 1 1691699226.65
67 1 1691699226.96
68 1 1691699227.23
69 1 1691699227.55
70 1 1691699227.86
71 1 1691699228.18
72 1 1691699228.5
73 1 1691699228.85
74 1 1691699229.16
75 1 1691699229.46
76 1 1691699229.83
77 1 1691699230.18
78 1 1691699230.51
79 1 1691699230.82
80 0 1691699231.93
80 1 1691699233.22
81 1 1691699233.51
82 1 1691699233.81
83 1 1691699234.11
84 1 1691699234.4
85 1 1691699234.71
86 1 1691699235.01
87 1 1691699235.37
88 1 1691699235.73
89 1 1691699236.04
90 1 1691699236.38
91 1 1691699236.69
92 1 1691699237.06
93 1 1691699237.59
94 1 1691699238.09
95 1 1691699238.63
96 1 1691699239.21
97 1 1691699239.79
98 0 1691699241.17
98 1 1691699242.49
99 0 1691699243.6
99 1 1691699244.91
100 1 1691699245.24
101 1 1691699245.57
102 1 1691699245.88
103 1 1691699246.2
104 1 1691699246.49
105 1 1691699246.82
106 1 1691699247.17
107 1 1691699247.49
108 1 1691699247.83
109 0 1691699248.92
109 1 1691699249.69
110 1 1691699249.99
111 1 1691699250.25
112 1 1691699250.56
113 1 1691699250.86
114 1 1691699251.16
115 0 1691699252.25
115 1 1691699253.52
116 1 1691699253.84
117 1 1691699254.12
118 0 1691699255.2
118 0 1691699256.82
118 0 1691699258.91
118 1 1691699260.2
119 1 1691699260.51
120 1 1691699260.79
121 1 1691699261.09
122 1 1691699261.35
123 1 1691699261.65
124 1 1691699261.93
125 0 1691699263.1
125 1 1691699263.94
126 0 1691699265.07
126 1 1691699265.89
127 1 1691699266.19
128 1 1691699266.48
129 1 1691699266.78
130 1 1691699267.1
131 1 1691699267.42
132 0 1691699268.6
132 1 1691699269.39
133 1 1691699269.63
134 1 1691699269.95
135 1 1691699270.24
136 1 1691699270.54
137 1 1691699270.86
138 1 1691699271.14
139 0 1691699272.25
139 1 1691699273.07
140 1 1691699273.35
141 1 1691699273.64
142 1 1691699273.95
143 1 1691699274.25
144 1 1691699274.57
145 1 1691699274.94
146 1 1691699275.29
147 1 1691699275.59
148 1 1691699275.92
149 1 1691699276.27
150 1 1691699276.6
151 1 1691699276.96
152 1 1691699277.31
153 1 1691699277.66
154 1 1691699278.04
155 1 1691699278.38
156 1 1691699278.72
157 1 1691699279.07
158 1 1691699279.46
159 1 1691699279.82
160 1 1691699280.2
161 1 1691699280.58
162 1 1691699280.96
163 1 1691699281.35
164 1 1691699281.71
165 1 1691699282.09
166 1 1691699282.45
167 1 1691699282.86
168 0 1691699283.99
168 1 1691699285.31
169 1 1691699285.61
170 1 1691699285.9
171 1 1691699286.19
172 0 1691699287.3
172 1 1691699288.6
173 1 1691699288.89
174 1 1691699289.18
175 1 1691699289.52
176 1 1691699289.83
177 1 1691699290.16
178 1 1691699290.44
179 0 1691699291.65
179 1 1691699292.94
180 1 1691699293.22
181 1 1691699293.51
182 1 1691699293.84
183 1 1691699294.14
184 1 1691699294.47
185 1 1691699294.77
186 1 1691699295.1
187 1 1691699295.44
188 1 1691699295.8
189 1 1691699296.18
190 1 1691699296.51
191 1 1691699296.86
192 1 1691699297.21
193 1 1691699297.56
194 1 1691699297.94
195 1 1691699298.36
196 1 1691699298.73
197 1 1691699299.09
198 1 1691699299.46
199 1 1691699299.83
200 1 1691699300.22
201 1 1691699300.59
202 1 1691699300.93
203 1 1691699301.33
204 1 1691699301.71
205 0 1691699302.85
205 0 1691699304.44
205 1 1691699305.73
206 1 1691699306.0
207 1 1691699306.25
