0 1 1691691741.05
1 1 1691691741.38
2 1 1691691741.67
3 1 1691691742.01
4 1 1691691742.34
5 1 1691691742.65
6 1 1691691743.02
7 1 1691691743.48
8 0 1691691744.59
8 1 1691691745.39
9 0 1691691746.51
9 1 1691691747.33
10 1 1691691747.64
11 1 1691691748.05
12 1 1691691748.39
13 1 1691691748.71
14 1 1691691749.09
15 1 1691691749.39
16 1 1691691749.72
17 1 1691691750.07
18 1 1691691750.4
19 1 1691691750.76
20 1 1691691751.1
21 1 1691691751.45
22 1 1691691751.8
23 0 1691691752.92
23 1 1691691753.71
24 1 1691691754.05
25 1 1691691754.4
26 1 1691691754.68
27 1 1691691755.02
28 1 1691691755.32
29 1 1691691755.63
30 0 1691691756.72
30 1 1691691758.03
31 0 1691691759.15
31 1 1691691759.97
32 1 1691691760.27
33 1 1691691760.61
34 0 1691691761.71
34 1 1691691763.0
35 1 1691691763.33
36 1 1691691763.6
37 1 1691691763.93
38 1 1691691764.26
39 1 1691691764.57
40 1 1691691764.93
41 1 1691691765.23
42 1 1691691765.55
43 1 1691691765.85
44 1 1691691766.26
45 0 1691691767.37
45 1 1691691768.71
46 1 1691691769.0
47 1 1691691769.33
48 1 1691691769.64
49 0 1691691770.77
49 1 1691691771.58
50 1 1691691771.85
51 1 1691691772.23
52 1 1691691772.56
53 1 1691691772.88
54 0 1691691773.98
54 1 1691691775.31
55 1 1691691775.62
56 1 1691691775.93
57 1 1691691776.19
58 1 1691691776.51
59 0 1691691777.64
59 0 1691691779.24
59 0 1691691781.35
59 1 1691691782.66
60 1 1691691782.98
61 1 1691691783.28
62 1 1691691783.62
63 1 1691691783.95
64 1 1691691784.28
65 1 1691691784.62
66 1 1691691784.97
67 0 1691691786.09
67 0 1691691787.71
67 1 1691691789.02
68 1 1691691789.32
69 1 1691691789.63
70 0 1691691790.73
70 0 1691691792.34
70 1 1691691793.13
71 1 1691691793.43
72 1 1691691793.72
73 1 1691691794.04
74 1 1691691794.35
75 1 1691691794.67
76 1 1691691795.02
77 1 1691691795.33
78 0 1691691796.44
78 1 1691691797.75
79 1 1691691798.05
80 1 1691691798.38
81 1 1691691798.7
82 0 1691691799.8
82 0 1691691801.43
82 1 1691691802.75
83 1 1691691803.05
84 1 1691691803.34
85 1 1691691803.63
86 1 1691691803.94
87 1 1691691804.25
88 1 1691691804.57
89 1 1691691804.93
90 1 1691691805.25
91 1 1691691805.59
92 1 1691691805.93
93 1 1691691806.29
94 1 1691691806.63
95 1 1691691806.95
96 1 1691691807.31
97 1 1691691807.68
98 1 1691691808.04
99 1 1691691808.4
100 1 1691691808.77
101 0 1691691809.91
101 1 1691691811.21
102 1 1691691811.53
103 0 1691691812.64
103 1 1691691813.98
104 1 1691691814.29
105 1 1691691814.6
106 1 1691691814.93
107 1 1691691815.23
108 1 1691691815.56
109 0 1691691816.66
109 1 1691691817.45
110 1 1691691817.75
111 0 1691691818.84
111 1 1691691819.61
112 1 1691691819.94
113 1 1691691820.27
114 1 1691691820.56
115 1 1691691820.88
116 1 1691691821.18
117 1 1691691821.53
118 1 1691691821.83
119 1 1691691822.16
120 1 1691691822.53
121 1 1691691822.87
122 1 1691691823.22
123 1 1691691823.57
124 1 1691691823.93
125 1 1691691824.3
126 1 1691691824.71
127 1 1691691825.23
128 1 1691691825.65
129 1 1691691826.02
130 1 1691691826.43
131 1 1691691826.92
132 1 1691691827.3
133 1 1691691827.65
134 1 1691691828.05
135 1 1691691828.42
136 0 1691691829.54
136 1 1691691830.35
137 1 1691691830.63
138 1 1691691830.95
139 1 1691691831.28
140 1 1691691831.58
141 1 1691691831.9
142 1 1691691832.22
143 0 1691691833.31
143 1 1691691834.63
144 1 1691691834.92
145 0 1691691836.02
145 1 1691691837.33
146 1 1691691837.6
147 1 1691691837.91
148 0 1691691839.0
148 1 1691691839.78
149 0 1691691840.89
149 1 1691691842.18
150 1 1691691842.51
151 1 1691691842.82
152 1 1691691843.13
153 1 1691691843.48
154 1 1691691843.78
155 1 1691691844.11
156 1 1691691844.43
157 0 1691691845.54
157 1 1691691846.36
158 1 1691691846.68
159 1 1691691846.99
160 1 1691691847.29
161 1 1691691847.6
162 1 1691691847.91
163 1 1691691848.22
164 0 1691691849.38
164 1 1691691850.2
165 0 1691691851.33
165 1 1691691852.13
166 1 1691691852.45
167 0 1691691853.55
167 1 1691691854.91
168 1 1691691855.32
169 1 1691691855.76
170 1 1691691856.11
171 0 1691691857.24
171 1 1691691858.53
172 1 1691691858.81
173 1 1691691859.1
174 1 1691691859.37
