0 1 1691692659.23
1 1 1691692659.53
2 1 1691692659.84
3 1 1691692660.14
4 1 1691692660.49
5 1 1691692660.83
6 1 1691692661.14
7 1 1691692661.49
8 1 1691692661.89
9 1 1691692662.24
10 1 1691692662.71
11 1 1691692663.25
12 1 1691692663.77
13 1 1691692664.36
14 1 1691692664.88
15 1 1691692665.43
16 1 1691692665.96
17 1 1691692666.52
18 1 1691692667.08
19 1 1691692667.6
20 1 1691692668.17
21 1 1691692668.73
22 1 1691692669.3
23 0 1691692670.65
23 1 1691692671.97
24 1 1691692672.29
25 1 1691692672.59
26 1 1691692672.89
27 1 1691692673.18
28 1 1691692673.49
29 1 1691692673.77
30 1 1691692674.1
31 1 1691692674.39
32 1 1691692674.77
33 1 1691692675.3
34 1 1691692675.82
35 1 1691692676.41
36 1 1691692676.94
37 1 1691692677.5
38 1 1691692678.05
39 1 1691692678.6
40 1 1691692679.14
41 1 1691692679.69
42 1 1691692680.23
43 1 1691692680.81
44 1 1691692681.34
45 1 1691692681.9
46 1 1691692682.47
47 1 1691692682.98
48 1 1691692683.54
49 1 1691692684.14
50 0 1691692685.47
50 1 1691692686.78
51 1 1691692687.1
52 1 1691692687.41
53 1 1691692687.72
54 1 1691692688.0
55 1 1691692688.33
56 0 1691692689.45
56 1 1691692690.24
57 1 1691692690.54
58 1 1691692690.82
59 1 1691692691.15
60 1 1691692691.43
61 1 1691692691.72
62 1 1691692692.06
63 1 1691692692.37
64 1 1691692692.71
65 1 1691692693.01
66 1 1691692693.45
67 1 1691692693.96
68 1 1691692694.56
69 1 1691692695.08
70 1 1691692695.6
71 1 1691692696.18
72 1 1691692696.73
73 1 1691692697.24
74 1 1691692697.81
75 1 1691692698.35
76 1 1691692698.93
77 1 1691692699.44
78 0 1691692700.84
78 1 1691692701.63
79 1 1691692701.96
80 1 1691692702.25
81 1 1691692702.56
82 1 1691692702.86
83 1 1691692703.17
84 1 1691692703.46
85 1 1691692703.87
86 1 1691692704.37
87 1 1691692704.96
88 1 1691692705.48
89 1 1691692706.05
90 1 1691692706.59
91 1 1691692707.15
92 1 1691692707.68
93 1 1691692708.23
94 1 1691692708.79
95 1 1691692709.36
96 1 1691692709.88
97 1 1691692710.47
98 1 1691692710.99
99 1 1691692711.54
100 1 1691692712.09
101 1 1691692712.64
102 1 1691692713.17
103 1 1691692713.73
104 1 1691692714.3
105 1 1691692714.85
106 1 1691692715.35
107 1 1691692715.94
108 1 1691692716.48
109 1 1691692717.01
110 1 1691692717.56
111 1 1691692718.13
112 1 1691692718.68
113 1 1691692719.26
114 1 1691692719.75
115 1 1691692720.34
116 1 1691692720.89
117 1 1691692721.43
118 1 1691692721.99
119 1 1691692722.51
120 1 1691692723.07
121 1 1691692723.61
122 1 1691692724.17
123 1 1691692724.73
124 1 1691692725.28
125 1 1691692725.84
126 1 1691692726.38
127 1 1691692726.92
128 1 1691692727.46
129 1 1691692728.02
130 1 1691692728.55
131 1 1691692729.11
132 1 1691692729.65
133 1 1691692730.19
134 1 1691692730.76
135 1 1691692731.42
136 0 1691692732.72
136 1 1691692734.05
137 1 1691692734.36
138 1 1691692734.65
139 1 1691692734.95
140 1 1691692735.25
141 1 1691692735.59
142 1 1691692735.91
143 1 1691692736.26
144 1 1691692736.6
145 1 1691692736.91
146 1 1691692737.37
147 1 1691692737.9
148 1 1691692738.45
149 1 1691692739.01
150 1 1691692739.53
151 1 1691692740.12
152 1 1691692740.65
153 1 1691692741.2
154 1 1691692741.74
155 1 1691692742.29
156 1 1691692742.85
157 1 1691692743.36
158 1 1691692743.95
159 1 1691692744.49
160 1 1691692745.01
161 1 1691692745.6
162 1 1691692746.14
163 1 1691692746.69
164 1 1691692747.24
165 1 1691692747.8
166 1 1691692748.31
167 1 1691692748.9
168 1 1691692749.44
169 1 1691692749.99
170 1 1691692750.55
171 1 1691692751.08
172 1 1691692751.63
173 1 1691692752.17
174 1 1691692752.71
175 1 1691692753.29
176 1 1691692753.84
177 1 1691692754.38
178 1 1691692754.9
179 1 1691692755.45
180 1 1691692756.0
181 1 1691692756.58
182 1 1691692757.1
183 1 1691692757.67
184 0 1691692759.05
184 1 1691692760.42
185 1 1691692760.73
186 1 1691692761.01
187 0 1691692762.12
187 1 1691692762.94
188 1 1691692763.24
189 1 1691692763.57
190 1 1691692763.86
191 1 1691692764.19
192 1 1691692764.52
193 1 1691692764.86
194 1 1691692765.19
195 1 1691692765.49
196 1 1691692765.82
197 1 1691692766.12
198 1 1691692766.47
199 1 1691692766.78
200 1 1691692767.09
201 1 1691692767.55
202 1 1691692768.11
203 1 1691692768.67
204 1 1691692769.18
205 1 1691692769.73
206 1 1691692770.3
207 1 1691692770.87
208 1 1691692771.4
209 1 1691692771.94
210 1 1691692772.5
211 1 1691692773.04
212 1 1691692773.64
213 1 1691692774.16
214 1 1691692774.7
215 1 1691692775.38
