0 1 1691690576.72
1 1 1691690577.01
2 1 1691690577.33
3 1 1691690577.66
4 1 1691690578.07
5 0 1691690579.22
5 1 1691690580.53
6 0 1691690581.62
6 0 1691690583.26
6 0 1691690585.36
6 1 1691690586.17
7 0 1691690587.28
7 1 1691690588.11
8 1 1691690588.41
9 1 1691690588.73
10 1 1691690589.13
11 1 1691690589.56
12 1 1691690589.96
13 1 1691690590.36
14 0 1691690591.47
14 1 1691690592.8
15 1 1691690593.1
16 1 1691690593.38
17 1 1691690593.7
18 1 1691690594.0
19 0 1691690595.1
19 1 1691690596.44
20 1 1691690596.73
21 1 1691690597.04
22 1 1691690597.34
23 1 1691690597.64
24 1 1691690597.92
25 1 1691690598.23
26 1 1691690598.56
27 1 1691690598.88
28 1 1691690599.2
29 1 1691690599.5
30 0 1691690600.63
30 1 1691690601.95
31 1 1691690602.24
32 1 1691690602.57
33 0 1691690603.67
33 1 1691690604.46
34 1 1691690604.8
35 1 1691690605.14
36 1 1691690605.45
37 1 1691690605.79
38 1 1691690606.1
39 1 1691690606.43
40 1 1691690606.78
41 1 1691690607.12
42 0 1691690608.24
42 1 1691690609.55
43 1 1691690609.92
44 0 1691690611.05
44 1 1691690612.39
45 1 1691690612.71
46 1 1691690613.03
47 1 1691690613.31
48 1 1691690613.66
49 1 1691690613.99
50 1 1691690614.33
51 0 1691690615.46
51 1 1691690616.28
52 1 1691690616.56
53 1 1691690616.87
54 0 1691690617.96
54 1 1691690618.77
55 1 1691690619.08
56 1 1691690619.4
57 1 1691690619.72
58 1 1691690620.03
59 1 1691690620.36
60 1 1691690620.7
61 1 1691690621.06
62 1 1691690621.4
63 1 1691690621.75
64 1 1691690622.15
65 1 1691690622.5
66 0 1691690623.61
66 1 1691690624.43
67 1 1691690624.73
68 1 1691690625.04
69 1 1691690625.33
70 0 1691690626.46
70 1 1691690627.81
71 1 1691690628.11
72 1 1691690628.44
73 1 1691690628.75
74 1 1691690629.08
75 1 1691690629.4
76 1 1691690629.7
77 1 1691690630.04
78 0 1691690631.15
78 1 1691690631.94
79 1 1691690632.25
80 1 1691690632.57
81 1 1691690632.88
82 1 1691690633.22
83 0 1691690634.32
83 1 1691690635.1
84 1 1691690635.4
85 1 1691690635.69
86 1 1691690636.0
87 1 1691690636.33
88 1 1691690636.67
89 1 1691690637.03
90 1 1691690637.37
91 1 1691690637.73
92 1 1691690638.11
93 1 1691690638.46
94 1 1691690638.84
95 1 1691690639.22
96 1 1691690639.56
97 1 1691690639.93
98 1 1691690640.44
99 1 1691690640.86
100 1 1691690641.23
101 1 1691690641.61
102 1 1691690642.0
103 1 1691690642.36
104 1 1691690642.73
105 1 1691690643.12
106 0 1691690644.21
106 1 1691690645.0
107 1 1691690645.31
108 1 1691690645.6
109 1 1691690645.92
110 1 1691690646.22
111 1 1691690646.52
112 1 1691690646.86
113 1 1691690647.21
114 1 1691690647.57
115 1 1691690647.88
116 1 1691690648.21
117 1 1691690648.56
118 1 1691690648.88
119 1 1691690649.23
120 1 1691690649.62
121 1 1691690649.93
122 1 1691690650.28
123 1 1691690650.6
124 1 1691690650.98
125 1 1691690651.37
126 1 1691690651.7
127 1 1691690652.05
128 1 1691690652.42
129 1 1691690652.77
130 1 1691690653.15
131 1 1691690653.53
132 1 1691690653.87
133 1 1691690654.25
134 1 1691690654.63
135 1 1691690654.96
136 1 1691690655.31
137 1 1691690655.73
138 0 1691690656.82
138 1 1691690657.64
139 1 1691690657.95
140 1 1691690658.26
141 1 1691690658.56
142 1 1691690658.87
143 1 1691690659.19
144 1 1691690659.54
145 1 1691690659.88
146 1 1691690660.21
147 1 1691690660.58
148 1 1691690660.93
149 1 1691690661.28
150 1 1691690661.59
151 1 1691690661.95
152 1 1691690662.31
153 1 1691690662.66
154 1 1691690663.03
155 1 1691690663.41
156 1 1691690663.79
157 1 1691690664.17
158 1 1691690664.56
159 1 1691690664.97
160 1 1691690665.32
161 1 1691690665.71
162 1 1691690666.12
163 1 1691690666.51
164 1 1691690666.9
165 1 1691690667.31
166 1 1691690667.72
167 1 1691690668.09
168 1 1691690668.49
169 0 1691690669.59
169 1 1691690670.4
170 1 1691690670.74
171 1 1691690671.07
172 1 1691690671.39
173 1 1691690671.72
174 1 1691690672.02
175 0 1691690673.16
175 0 1691690675.35
175 1 1691690676.64
176 1 1691690676.91
177 1 1691690677.21
178 1 1691690677.53
179 1 1691690677.86
180 1 1691690678.19
181 1 1691690678.51
182 1 1691690678.86
183 1 1691690679.18
184 1 1691690679.54
185 1 1691690679.88
186 1 1691690680.21
187 1 1691690680.55
188 1 1691690680.93
189 1 1691690681.26
190 1 1691690681.61
191 1 1691690681.92
192 1 1691690682.27
193 1 1691690682.63
194 1 1691690683.0
195 1 1691690683.34
196 1 1691690683.7
197 1 1691690684.06
198 0 1691690685.16
198 1 1691690686.47
199 0 1691690687.57
199 1 1691690688.37
200 1 1691690688.69
201 1 1691690688.97
202 1 1691690689.3
203 1 1691690689.58
204 1 1691690689.89
205 1 1691690690.23
206 1 1691690690.64
207 0 1691690691.74
207 1 1691690693.07
208 0 1691690694.3
