0 1 1691690731.99
1 1 1691690732.27
2 1 1691690732.59
3 0 1691690733.69
3 0 1691690735.32
3 0 1691690736.92
3 1 1691690738.38
4 1 1691690738.7
5 0 1691690739.81
5 1 1691690740.63
6 1 1691690740.93
7 1 1691690741.24
8 1 1691690741.53
9 1 1691690741.83
10 1 1691690742.21
11 0 1691690743.35
11 1 1691690744.68
12 1 1691690744.96
13 1 1691690745.26
14 1 1691690745.52
15 0 1691690746.68
15 1 1691690748.0
16 1 1691690748.27
17 1 1691690748.56
18 1 1691690748.84
19 1 1691690749.16
20 1 1691690749.47
21 0 1691690750.57
21 1 1691690751.9
22 1 1691690752.22
23 1 1691690752.53
24 1 1691690752.86
25 1 1691690753.18
26 1 1691690753.48
27 1 1691690753.83
28 1 1691690754.16
29 1 1691690754.5
30 0 1691690755.64
30 1 1691690756.97
31 1 1691690757.26
32 1 1691690757.55
33 0 1691690758.66
33 1 1691690759.46
34 1 1691690759.72
35 1 1691690760.01
36 1 1691690760.3
37 1 1691690760.61
38 1 1691690760.89
39 1 1691690761.19
40 1 1691690761.52
41 1 1691690761.82
42 1 1691690762.13
43 0 1691690763.23
43 1 1691690763.99
44 1 1691690764.29
45 1 1691690764.59
46 0 1691690765.73
46 1 1691690767.05
47 1 1691690767.34
48 1 1691690767.64
49 1 1691690767.95
50 1 1691690768.27
51 1 1691690768.57
52 1 1691690768.89
53 1 1691690769.21
54 1 1691690769.55
55 0 1691690770.67
55 1 1691690771.5
56 1 1691690771.8
57 1 1691690772.1
58 0 1691690773.18
58 1 1691690774.45
59 1 1691690774.74
60 1 1691690775.04
61 1 1691690775.37
62 1 1691690775.66
63 1 1691690775.98
64 1 1691690776.28
65 1 1691690776.58
66 1 1691690776.89
67 1 1691690777.19
68 1 1691690777.51
69 0 1691690778.6
69 1 1691690779.91
70 1 1691690780.22
71 1 1691690780.54
72 0 1691690781.68
72 1 1691690783.0
73 1 1691690783.29
74 1 1691690783.63
75 1 1691690783.95
76 1 1691690784.25
77 1 1691690784.59
78 1 1691690784.89
79 0 1691690786.02
79 1 1691690786.85
80 1 1691690787.14
81 1 1691690787.43
82 1 1691690787.73
83 1 1691690788.03
84 1 1691690788.33
85 1 1691690788.64
86 0 1691690789.75
86 1 1691690790.52
87 1 1691690790.85
88 1 1691690791.19
89 1 1691690791.52
90 1 1691690791.83
91 1 1691690792.15
92 1 1691690792.46
93 1 1691690792.74
94 1 1691690793.08
95 1 1691690793.42
96 1 1691690793.73
97 1 1691690794.06
98 1 1691690794.38
99 1 1691690794.72
100 0 1691690795.84
100 1 1691690797.13
101 1 1691690797.44
102 1 1691690797.77
103 1 1691690798.07
104 1 1691690798.41
105 1 1691690798.73
106 0 1691690799.9
106 1 1691690800.68
107 1 1691690800.97
108 1 1691690801.25
109 1 1691690801.59
110 1 1691690801.91
111 1 1691690802.22
112 1 1691690802.54
113 1 1691690802.85
114 1 1691690803.17
115 1 1691690803.5
116 1 1691690803.85
117 1 1691690804.19
118 1 1691690804.5
119 1 1691690804.8
120 1 1691690805.13
121 1 1691690805.46
122 1 1691690805.79
123 1 1691690806.13
124 1 1691690806.43
125 1 1691690806.78
126 0 1691690807.9
126 1 1691690809.18
127 1 1691690809.5
128 1 1691690809.84
129 1 1691690810.17
130 1 1691690810.49
131 1 1691690810.78
132 1 1691690811.12
133 1 1691690811.56
134 1 1691690811.88
135 1 1691690812.23
136 1 1691690812.58
137 1 1691690812.92
138 1 1691690813.3
139 1 1691690813.69
140 1 1691690814.01
141 1 1691690814.37
142 1 1691690814.71
143 1 1691690815.07
144 1 1691690815.43
145 1 1691690815.78
146 1 1691690816.14
147 1 1691690816.49
148 1 1691690816.83
149 1 1691690817.21
150 1 1691690817.59
151 1 1691690817.93
152 1 1691690818.27
153 1 1691690818.64
154 1 1691690819.0
155 1 1691690819.4
156 1 1691690819.8
157 1 1691690820.17
158 1 1691690820.53
159 1 1691690820.91
160 1 1691690821.27
161 1 1691690821.63
162 1 1691690822.01
163 1 1691690822.33
164 1 1691690822.71
165 1 1691690823.06
166 1 1691690823.43
167 0 1691690824.52
167 1 1691690825.86
168 1 1691690826.13
169 1 1691690826.46
170 1 1691690826.79
171 1 1691690827.1
172 0 1691690828.2
172 0 1691690830.31
172 1 1691690831.1
173 1 1691690831.44
174 1 1691690831.73
175 1 1691690832.04
176 1 1691690832.36
177 1 1691690832.67
178 1 1691690832.99
179 1 1691690833.31
180 1 1691690833.63
181 1 1691690833.93
182 1 1691690834.3
183 1 1691690834.63
184 1 1691690834.95
185 1 1691690835.26
186 1 1691690835.56
187 1 1691690835.89
188 1 1691690836.25
189 0 1691690837.35
189 1 1691690838.12
190 1 1691690838.44
191 1 1691690838.73
192 1 1691690839.03
193 0 1691690840.18
193 1 1691690841.47
194 0 1691690842.57
194 1 1691690843.38
195 1 1691690843.68
196 1 1691690843.98
197 1 1691690844.3
198 1 1691690844.61
199 1 1691690844.9
200 1 1691690845.21
201 0 1691690846.32
201 1 1691690847.12
202 1 1691690847.45
203 0 1691690848.65
203 1 1691690849.44
204 1 1691690849.7
205 1 1691690849.99
206 1 1691690850.28
207 1 1691690850.56
