0 1 1691688934.2
1 1 1691688934.5
2 1 1691688934.82
3 1 1691688935.11
4 1 1691688935.43
5 1 1691688935.77
6 1 1691688936.09
7 1 1691688936.4
8 1 1691688936.74
9 1 1691688937.13
10 1 1691688937.64
11 1 1691688938.23
12 1 1691688938.76
13 1 1691688939.31
14 1 1691688939.85
15 1 1691688940.4
16 1 1691688940.97
17 1 1691688941.5
18 1 1691688942.07
19 1 1691688942.58
20 1 1691688943.15
21 1 1691688943.72
22 1 1691688944.26
23 1 1691688944.82
24 0 1691688946.18
24 1 1691688946.99
25 1 1691688947.32
26 1 1691688947.6
27 1 1691688947.92
28 1 1691688948.21
29 1 1691688948.51
30 1 1691688948.8
31 1 1691688949.21
32 1 1691688949.74
33 1 1691688950.3
34 1 1691688950.82
35 1 1691688951.39
36 1 1691688951.92
37 1 1691688952.51
38 1 1691688953.03
39 1 1691688953.59
40 1 1691688954.13
41 1 1691688954.68
42 1 1691688955.24
43 1 1691688955.79
44 1 1691688956.34
45 1 1691688956.88
46 1 1691688957.45
47 0 1691688958.8
47 1 1691688959.62
48 1 1691688959.94
49 1 1691688960.22
50 1 1691688960.53
51 1 1691688960.83
52 1 1691688961.15
53 1 1691688961.43
54 1 1691688961.82
55 1 1691688962.36
56 1 1691688962.9
57 1 1691688963.44
58 1 1691688964.0
59 1 1691688964.58
60 1 1691688965.1
61 1 1691688965.65
62 1 1691688966.21
63 1 1691688966.76
64 1 1691688967.31
65 1 1691688967.83
66 1 1691688968.44
67 1 1691688968.96
68 1 1691688969.5
69 1 1691688970.06
70 1 1691688970.62
71 1 1691688971.15
72 1 1691688971.7
73 0 1691688973.11
73 1 1691688973.89
74 1 1691688974.2
75 1 1691688974.49
76 1 1691688974.86
77 1 1691688975.14
78 1 1691688975.45
79 1 1691688975.73
80 1 1691688976.12
81 1 1691688976.64
82 1 1691688977.17
83 1 1691688977.73
84 1 1691688978.31
85 0 1691688979.69
85 1 1691688981.02
86 1 1691688981.36
87 1 1691688981.67
88 1 1691688981.98
89 1 1691688982.26
90 1 1691688982.58
91 1 1691688982.89
92 1 1691688983.21
93 0 1691688984.32
93 1 1691688985.63
94 1 1691688985.93
95 1 1691688986.2
96 0 1691688987.35
96 1 1691688988.18
97 1 1691688988.5
98 1 1691688988.78
99 1 1691688989.09
100 1 1691688989.37
101 1 1691688989.69
102 1 1691688989.98
103 1 1691688990.3
104 1 1691688990.58
105 0 1691688991.75
105 1 1691688993.08
106 1 1691688993.42
107 1 1691688993.72
108 1 1691688994.05
109 1 1691688994.33
110 1 1691688994.65
111 1 1691688994.94
112 1 1691688995.27
113 1 1691688995.63
114 1 1691688995.93
115 1 1691688996.26
116 1 1691688996.56
117 1 1691688996.89
118 1 1691688997.24
119 1 1691688997.55
120 1 1691688998.03
121 1 1691688998.61
122 1 1691688999.2
123 1 1691688999.7
124 1 1691689000.25
125 1 1691689000.77
126 1 1691689001.34
127 0 1691689002.73
127 1 1691689004.04
128 1 1691689004.31
129 1 1691689004.63
130 1 1691689004.96
131 1 1691689005.25
132 1 1691689005.6
133 1 1691689005.87
134 1 1691689006.17
135 1 1691689006.48
136 1 1691689006.85
137 1 1691689007.4
138 1 1691689007.94
139 1 1691689008.48
140 1 1691689009.03
141 1 1691689009.57
142 1 1691689010.13
143 1 1691689010.68
144 1 1691689011.25
145 1 1691689011.79
146 1 1691689012.34
147 1 1691689012.85
148 1 1691689013.44
149 1 1691689013.95
150 1 1691689014.57
151 1 1691689015.07
152 1 1691689015.63
153 1 1691689016.17
154 1 1691689016.74
155 1 1691689017.27
156 1 1691689017.8
157 1 1691689018.35
158 1 1691689018.9
159 1 1691689019.49
160 1 1691689020.03
161 1 1691689020.56
162 1 1691689021.09
163 1 1691689021.68
164 1 1691689022.2
165 1 1691689022.78
166 1 1691689023.29
167 1 1691689023.84
168 1 1691689024.41
169 1 1691689024.94
170 1 1691689025.51
171 1 1691689026.08
172 1 1691689026.61
173 1 1691689027.15
174 1 1691689027.69
175 1 1691689028.29
176 1 1691689028.79
177 1 1691689029.38
178 1 1691689029.89
179 1 1691689030.45
180 1 1691689030.99
181 1 1691689031.54
182 1 1691689032.09
183 1 1691689032.67
184 1 1691689033.19
185 1 1691689033.76
186 1 1691689034.31
187 1 1691689034.84
188 1 1691689035.4
189 1 1691689035.95
190 1 1691689036.49
191 1 1691689037.05
192 1 1691689037.57
193 1 1691689038.14
194 1 1691689038.68
195 1 1691689039.23
196 1 1691689039.79
197 1 1691689040.34
198 1 1691689040.89
199 1 1691689041.46
200 1 1691689042.01
201 1 1691689042.54
202 1 1691689043.1
203 1 1691689043.62
204 1 1691689044.18
205 1 1691689044.74
206 1 1691689045.31
207 1 1691689045.84
208 1 1691689046.4
209 1 1691689046.9
210 1 1691689047.46
211 1 1691689048.04
212 1 1691689048.59
213 0 1691689050.01
213 1 1691689051.31
