0 1 1691690883.77
1 1 1691690884.05
2 1 1691690884.39
3 0 1691690885.51
3 1 1691690886.35
4 1 1691690886.62
5 1 1691690886.93
6 1 1691690887.22
7 1 1691690887.59
8 0 1691690888.72
8 1 1691690889.53
9 1 1691690889.82
10 1 1691690890.11
11 1 1691690890.51
12 0 1691690891.63
12 1 1691690892.97
13 0 1691690894.08
13 1 1691690895.4
14 1 1691690895.73
15 1 1691690896.02
16 1 1691690896.34
17 0 1691690897.42
17 1 1691690898.19
18 1 1691690898.48
19 1 1691690898.79
20 1 1691690899.12
21 1 1691690899.41
22 1 1691690899.71
23 1 1691690900.06
24 1 1691690900.36
25 0 1691690901.46
25 1 1691690902.31
26 1 1691690902.6
27 0 1691690903.72
27 1 1691690904.53
28 1 1691690904.9
29 1 1691690905.27
30 1 1691690905.62
31 1 1691690905.95
32 0 1691690907.09
32 1 1691690908.39
33 1 1691690908.68
34 1 1691690909.0
35 1 1691690909.29
36 1 1691690909.59
37 1 1691690909.93
38 1 1691690910.24
39 1 1691690910.58
40 1 1691690910.88
41 1 1691690911.23
42 1 1691690911.58
43 0 1691690912.69
43 1 1691690913.46
44 1 1691690913.75
45 1 1691690914.05
46 1 1691690914.38
47 0 1691690915.5
47 1 1691690916.29
48 1 1691690916.6
49 1 1691690916.88
50 1 1691690917.17
51 1 1691690917.46
52 1 1691690917.79
53 1 1691690918.07
54 1 1691690918.36
55 1 1691690918.7
56 1 1691690919.04
57 1 1691690919.36
58 0 1691690920.46
58 1 1691690921.26
59 1 1691690921.6
60 0 1691690922.71
60 1 1691690924.02
61 1 1691690924.33
62 1 1691690924.63
63 1 1691690924.95
64 1 1691690925.28
65 1 1691690925.64
66 0 1691690926.75
66 0 1691690928.38
66 1 1691690929.7
67 1 1691690930.0
68 1 1691690930.31
69 1 1691690930.58
70 1 1691690930.88
71 1 1691690931.18
72 1 1691690931.54
73 1 1691690931.98
74 1 1691690932.33
75 1 1691690932.66
76 1 1691690933.02
77 1 1691690933.39
78 1 1691690933.76
79 1 1691690934.15
80 1 1691690934.5
81 1 1691690934.87
82 0 1691690935.98
82 1 1691690936.81
83 1 1691690937.09
84 1 1691690937.43
85 1 1691690937.74
86 1 1691690938.07
87 1 1691690938.39
88 1 1691690938.69
89 1 1691690939.05
90 1 1691690939.41
91 1 1691690939.79
92 1 1691690940.14
93 1 1691690940.5
94 1 1691690940.85
95 1 1691690941.23
96 0 1691690942.35
96 1 1691690943.66
97 1 1691690943.96
98 1 1691690944.27
99 1 1691690944.59
100 0 1691690945.7
100 1 1691690946.98
101 1 1691690947.32
102 1 1691690947.6
103 1 1691690947.92
104 1 1691690948.24
105 1 1691690948.53
106 1 1691690948.83
107 1 1691690949.13
108 1 1691690949.41
109 1 1691690949.75
110 1 1691690950.11
111 1 1691690950.42
112 1 1691690950.78
113 1 1691690951.06
114 1 1691690951.45
115 1 1691690951.78
116 1 1691690952.12
117 1 1691690952.44
118 1 1691690952.8
119 1 1691690953.13
120 1 1691690953.44
121 1 1691690953.75
122 1 1691690954.09
123 1 1691690954.43
124 1 1691690954.76
125 1 1691690955.07
126 1 1691690955.39
127 1 1691690955.71
128 1 1691690956.05
129 1 1691690956.37
130 1 1691690956.74
131 1 1691690957.06
132 1 1691690957.41
133 0 1691690958.53
133 1 1691690959.28
134 1 1691690959.57
135 1 1691690959.91
136 1 1691690960.19
137 0 1691690961.32
137 1 1691690962.14
138 1 1691690962.42
139 1 1691690962.72
140 1 1691690963.02
141 1 1691690963.35
142 1 1691690963.63
143 1 1691690963.93
144 1 1691690964.24
145 1 1691690964.57
146 1 1691690964.9
147 1 1691690965.22
148 1 1691690965.54
149 1 1691690965.85
150 1 1691690966.17
151 1 1691690966.54
152 1 1691690966.87
153 1 1691690967.2
154 1 1691690967.51
155 1 1691690967.83
156 1 1691690968.21
157 1 1691690968.54
158 1 1691690968.89
159 1 1691690969.24
160 1 1691690969.55
161 0 1691690970.88
161 1 1691690971.69
162 1 1691690972.0
163 1 1691690972.31
164 1 1691690972.64
165 1 1691690972.91
166 1 1691690973.23
167 1 1691690973.51
168 0 1691690974.76
168 1 1691690976.12
169 0 1691690977.22
169 1 1691690978.56
170 1 1691690978.86
171 1 1691690979.15
172 1 1691690979.45
173 1 1691690979.78
174 1 1691690980.06
175 1 1691690980.41
176 1 1691690980.71
177 1 1691690981.07
178 1 1691690981.4
179 1 1691690981.73
180 1 1691690982.04
181 1 1691690982.34
182 1 1691690982.66
183 1 1691690983.0
184 1 1691690983.35
185 1 1691690983.68
186 1 1691690983.94
187 1 1691690984.33
188 1 1691690984.89
189 1 1691690985.46
190 1 1691690986.08
191 1 1691690986.55
192 1 1691690987.1
193 1 1691690987.67
194 0 1691690989.04
194 1 1691690989.83
195 1 1691690990.14
196 1 1691690990.43
197 1 1691690990.75
198 1 1691690991.04
199 1 1691690991.34
200 1 1691690991.64
201 0 1691690992.86
201 1 1691690993.65
202 1 1691690993.96
203 1 1691690994.24
204 0 1691690995.37
204 1 1691690996.2
205 1 1691690996.49
206 1 1691690996.8
207 1 1691690997.08
208 0 1691690998.19
208 1 1691690999.54
209 1 1691691000.01
210 1 1691691000.42
211 1 1691691000.8
212 1 1691691001.17
