0 1 1691689553.96
1 1 1691689554.26
2 1 1691689554.59
3 1 1691689554.85
4 1 1691689555.15
5 1 1691689555.49
6 1 1691689555.79
7 1 1691689556.13
8 1 1691689556.44
9 1 1691689556.85
10 1 1691689557.43
11 1 1691689557.96
12 1 1691689558.49
13 1 1691689559.07
14 1 1691689559.62
15 1 1691689560.17
16 1 1691689560.68
17 1 1691689561.24
18 1 1691689561.79
19 1 1691689562.37
20 1 1691689562.9
21 1 1691689563.43
22 1 1691689564.01
23 1 1691689564.52
24 0 1691689565.93
24 1 1691689566.75
25 1 1691689567.06
26 1 1691689567.33
27 1 1691689567.67
28 1 1691689567.95
29 1 1691689568.26
30 1 1691689568.56
31 1 1691689568.93
32 1 1691689569.51
33 1 1691689570.04
34 1 1691689570.6
35 1 1691689571.14
36 1 1691689571.71
37 1 1691689572.23
38 1 1691689572.78
39 0 1691689574.18
39 1 1691689574.98
40 1 1691689575.29
41 1 1691689575.56
42 1 1691689575.88
43 1 1691689576.16
44 1 1691689576.47
45 1 1691689576.83
46 0 1691689578.01
46 1 1691689578.83
47 1 1691689579.14
48 1 1691689579.45
49 1 1691689579.76
50 1 1691689580.05
51 1 1691689580.36
52 1 1691689580.65
53 1 1691689581.02
54 1 1691689581.59
55 1 1691689582.11
56 1 1691689582.68
57 1 1691689583.25
58 1 1691689583.83
59 1 1691689584.38
60 1 1691689584.88
61 1 1691689585.47
62 1 1691689585.97
63 0 1691689587.34
63 1 1691689588.62
64 1 1691689588.88
65 1 1691689589.18
66 1 1691689589.44
67 1 1691689589.76
68 1 1691689590.07
69 1 1691689590.37
70 1 1691689590.7
71 1 1691689590.98
72 0 1691689592.31
72 0 1691689594.47
72 1 1691689595.76
73 1 1691689596.04
74 1 1691689596.36
75 1 1691689596.66
76 1 1691689596.99
77 1 1691689597.31
78 1 1691689597.59
79 1 1691689597.91
80 1 1691689598.2
81 1 1691689598.5
82 1 1691689598.78
83 1 1691689599.1
84 1 1691689599.41
85 1 1691689599.71
86 1 1691689600.03
87 1 1691689600.32
88 1 1691689600.64
89 1 1691689600.94
90 1 1691689601.33
91 1 1691689601.9
92 1 1691689602.47
93 1 1691689603.12
94 1 1691689603.52
95 1 1691689604.07
96 1 1691689604.62
97 1 1691689605.18
98 1 1691689605.72
99 1 1691689606.26
100 1 1691689606.84
101 1 1691689607.36
102 1 1691689607.9
103 1 1691689608.48
104 1 1691689609.0
105 1 1691689609.55
106 0 1691689610.93
106 1 1691689611.73
107 1 1691689612.03
108 1 1691689612.32
109 1 1691689612.64
110 1 1691689613.03
111 1 1691689613.38
112 1 1691689613.71
113 1 1691689614.03
114 1 1691689614.51
115 1 1691689615.05
116 1 1691689615.62
117 1 1691689616.13
118 1 1691689616.71
119 1 1691689617.25
120 1 1691689617.78
121 1 1691689618.36
122 1 1691689618.9
123 1 1691689619.42
124 1 1691689619.99
125 1 1691689620.53
126 1 1691689621.1
127 1 1691689621.63
128 1 1691689622.19
129 1 1691689622.87
130 1 1691689623.3
131 1 1691689623.81
132 1 1691689624.37
133 1 1691689624.95
134 1 1691689625.52
135 1 1691689626.03
136 1 1691689626.6
137 1 1691689627.13
138 1 1691689627.68
139 1 1691689628.25
140 1 1691689628.79
141 1 1691689629.34
142 1 1691689629.88
143 1 1691689630.43
144 1 1691689630.99
145 1 1691689631.53
146 1 1691689632.07
147 1 1691689632.65
148 1 1691689633.17
149 0 1691689634.56
149 1 1691689635.37
150 1 1691689635.69
151 1 1691689635.96
152 1 1691689636.26
153 1 1691689636.55
154 0 1691689637.66
154 1 1691689638.48
155 1 1691689638.76
156 1 1691689639.06
157 1 1691689639.36
158 1 1691689639.7
159 1 1691689640.05
160 1 1691689640.35
161 1 1691689640.68
162 0 1691689641.78
162 1 1691689643.08
163 1 1691689643.4
164 1 1691689643.68
165 1 1691689643.98
166 1 1691689644.26
167 1 1691689644.55
168 1 1691689644.84
169 1 1691689645.17
170 1 1691689645.52
171 1 1691689645.83
172 0 1691689647.19
172 1 1691689648.53
173 1 1691689648.82
174 1 1691689649.1
175 1 1691689649.42
176 1 1691689649.71
177 1 1691689650.02
178 1 1691689650.29
179 1 1691689650.6
180 1 1691689650.92
181 1 1691689651.31
182 1 1691689651.86
183 1 1691689652.42
184 1 1691689652.92
185 1 1691689653.51
186 1 1691689654.03
187 1 1691689654.6
188 1 1691689655.16
189 1 1691689655.68
190 1 1691689656.26
191 1 1691689656.78
192 1 1691689657.35
193 1 1691689657.89
194 1 1691689658.45
195 0 1691689659.84
195 1 1691689660.65
196 1 1691689660.95
197 1 1691689661.24
198 1 1691689661.54
199 1 1691689661.85
200 1 1691689662.13
201 1 1691689662.44
202 1 1691689662.82
203 1 1691689663.35
204 1 1691689663.94
205 0 1691689665.33
205 1 1691689666.65
206 1 1691689666.95
207 1 1691689667.25
208 1 1691689667.57
209 1 1691689667.86
210 0 1691689668.98
210 0 1691689671.1
