0 1 1691692512.29
1 1 1691692512.61
2 1 1691692512.93
3 1 1691692513.28
4 1 1691692513.62
5 1 1691692513.96
6 1 1691692514.3
7 1 1691692514.66
8 1 1691692515.06
9 1 1691692515.49
10 1 1691692515.87
11 1 1691692516.37
12 1 1691692516.86
13 1 1691692517.39
14 1 1691692517.94
15 1 1691692518.5
16 1 1691692519.06
17 1 1691692519.62
18 1 1691692520.13
19 1 1691692520.69
20 1 1691692521.24
21 1 1691692521.79
22 1 1691692522.33
23 1 1691692522.87
24 0 1691692524.28
24 1 1691692525.63
25 1 1691692525.95
26 1 1691692526.27
27 1 1691692526.59
28 1 1691692526.89
29 1 1691692527.24
30 1 1691692527.6
31 1 1691692527.92
32 1 1691692528.28
33 1 1691692528.67
34 1 1691692529.03
35 1 1691692529.56
36 1 1691692530.05
37 1 1691692530.58
38 1 1691692531.17
39 1 1691692531.68
40 1 1691692532.26
41 1 1691692532.78
42 1 1691692533.33
43 0 1691692534.72
43 1 1691692536.04
44 1 1691692536.37
45 1 1691692536.66
46 1 1691692536.99
47 0 1691692538.11
47 1 1691692539.45
48 1 1691692539.77
49 1 1691692540.07
50 1 1691692540.41
51 1 1691692540.69
52 1 1691692541.04
53 1 1691692541.36
54 1 1691692541.67
55 1 1691692541.98
56 1 1691692542.29
57 1 1691692542.6
58 1 1691692542.95
59 1 1691692543.31
60 1 1691692543.65
61 1 1691692544.03
62 1 1691692544.39
63 1 1691692544.9
64 1 1691692545.41
65 1 1691692545.95
66 1 1691692546.52
67 1 1691692547.08
68 1 1691692547.61
69 1 1691692548.14
70 1 1691692548.7
71 1 1691692549.27
72 1 1691692549.79
73 1 1691692550.36
74 1 1691692550.9
75 1 1691692551.44
76 1 1691692551.98
77 1 1691692552.58
78 0 1691692553.93
78 1 1691692555.24
79 1 1691692555.52
80 1 1691692555.87
81 1 1691692556.21
82 1 1691692556.53
83 1 1691692556.85
84 1 1691692557.22
85 1 1691692557.57
86 1 1691692557.93
87 1 1691692558.26
88 1 1691692558.67
89 1 1691692559.18
90 1 1691692559.71
91 1 1691692560.24
92 1 1691692560.79
93 1 1691692561.35
94 1 1691692561.91
95 1 1691692562.46
96 1 1691692562.99
97 1 1691692563.54
98 1 1691692564.09
99 1 1691692564.63
100 1 1691692565.19
101 1 1691692565.73
102 0 1691692567.13
102 1 1691692568.44
103 1 1691692568.74
104 1 1691692569.05
105 1 1691692569.37
106 1 1691692569.7
107 1 1691692570.01
108 1 1691692570.34
109 1 1691692570.74
110 1 1691692571.1
111 1 1691692571.43
112 1 1691692571.8
113 1 1691692572.32
114 1 1691692572.89
115 1 1691692573.45
116 1 1691692573.98
117 1 1691692574.49
118 1 1691692575.06
119 1 1691692575.63
120 1 1691692576.15
121 1 1691692576.73
122 1 1691692577.26
123 1 1691692577.83
124 1 1691692578.36
125 1 1691692578.92
126 1 1691692579.46
127 1 1691692580.02
128 1 1691692580.55
129 1 1691692581.11
130 1 1691692581.64
131 1 1691692582.22
132 1 1691692582.77
133 1 1691692583.31
134 1 1691692583.87
135 0 1691692585.25
135 1 1691692586.03
136 1 1691692586.37
137 1 1691692586.67
138 1 1691692586.97
139 1 1691692587.28
140 1 1691692587.6
141 1 1691692587.96
142 1 1691692588.32
143 1 1691692588.8
144 1 1691692589.34
145 1 1691692589.9
146 1 1691692590.46
147 1 1691692591.01
148 1 1691692591.55
149 1 1691692592.08
150 1 1691692592.61
151 1 1691692593.17
152 1 1691692593.74
153 1 1691692594.29
154 1 1691692594.84
155 1 1691692595.37
156 1 1691692595.93
157 1 1691692596.5
158 1 1691692597.03
159 1 1691692597.59
160 1 1691692598.09
161 1 1691692598.68
162 1 1691692599.21
163 1 1691692599.78
164 1 1691692600.32
165 1 1691692600.91
166 1 1691692601.44
167 1 1691692601.99
168 1 1691692602.5
169 1 1691692603.08
170 1 1691692603.63
171 1 1691692604.2
172 1 1691692604.72
173 1 1691692605.28
174 1 1691692605.82
175 1 1691692606.37
176 1 1691692606.92
177 1 1691692607.46
178 1 1691692608.03
179 1 1691692608.56
180 1 1691692609.1
181 1 1691692609.66
182 1 1691692610.23
183 1 1691692610.76
184 0 1691692612.14
184 1 1691692613.52
185 1 1691692613.83
186 0 1691692614.92
186 1 1691692615.7
187 1 1691692616.01
188 1 1691692616.31
189 1 1691692616.61
190 1 1691692616.89
191 1 1691692617.27
192 1 1691692617.56
193 1 1691692617.87
194 1 1691692618.2
195 1 1691692618.49
196 1 1691692618.81
197 1 1691692619.1
198 1 1691692619.42
199 1 1691692619.73
200 1 1691692620.15
201 1 1691692620.67
202 1 1691692621.19
203 1 1691692621.74
204 1 1691692622.31
205 1 1691692622.84
206 1 1691692623.4
207 1 1691692623.99
208 1 1691692624.53
209 1 1691692625.04
210 1 1691692625.6
211 1 1691692626.16
212 1 1691692626.68
213 1 1691692627.26
214 1 1691692627.81
215 1 1691692628.35
