0 1 1691689100.86
1 1 1691689101.15
2 1 1691689101.48
3 1 1691689101.83
4 1 1691689102.15
5 1 1691689102.49
6 1 1691689102.83
7 1 1691689103.14
8 1 1691689103.52
9 1 1691689103.85
10 1 1691689104.33
11 1 1691689104.85
12 1 1691689105.39
13 1 1691689105.94
14 1 1691689106.49
15 1 1691689107.02
16 1 1691689107.6
17 1 1691689108.16
18 1 1691689108.69
19 0 1691689110.07
19 1 1691689111.37
20 1 1691689111.65
21 0 1691689112.82
21 1 1691689113.66
22 1 1691689113.99
23 1 1691689114.26
24 1 1691689114.61
25 1 1691689114.9
26 1 1691689115.19
27 1 1691689115.47
28 1 1691689115.8
29 1 1691689116.15
30 1 1691689116.44
31 1 1691689116.75
32 1 1691689117.03
33 1 1691689117.35
34 1 1691689117.68
35 1 1691689118.09
36 1 1691689118.55
37 1 1691689119.15
38 1 1691689119.66
39 1 1691689120.22
40 1 1691689120.75
41 1 1691689121.31
42 1 1691689121.88
43 1 1691689122.41
44 1 1691689122.97
45 1 1691689123.5
46 1 1691689124.08
47 1 1691689124.61
48 1 1691689125.16
49 1 1691689125.73
50 1 1691689126.29
51 1 1691689126.8
52 1 1691689127.37
53 1 1691689127.94
54 1 1691689128.49
55 1 1691689129.03
56 1 1691689129.58
57 1 1691689130.11
58 1 1691689130.65
59 1 1691689131.21
60 1 1691689131.77
61 1 1691689132.32
62 0 1691689133.69
62 1 1691689134.99
63 1 1691689135.25
64 1 1691689135.56
65 1 1691689135.83
66 1 1691689136.15
67 1 1691689136.49
68 1 1691689136.79
69 1 1691689137.1
70 0 1691689138.2
70 1 1691689139.47
71 1 1691689139.79
72 1 1691689140.08
73 1 1691689140.39
74 1 1691689140.67
75 1 1691689140.99
76 1 1691689141.26
77 1 1691689141.58
78 1 1691689141.91
79 1 1691689142.21
80 1 1691689142.75
81 1 1691689143.3
82 1 1691689143.85
83 1 1691689144.38
84 1 1691689144.94
85 1 1691689145.51
86 1 1691689146.06
87 1 1691689146.59
88 1 1691689147.13
89 1 1691689147.7
90 1 1691689148.24
91 1 1691689148.81
92 1 1691689149.33
93 1 1691689149.9
94 1 1691689150.45
95 1 1691689150.97
96 1 1691689151.51
97 1 1691689152.07
98 1 1691689152.63
99 1 1691689153.18
100 1 1691689153.75
101 1 1691689154.27
102 1 1691689154.83
103 1 1691689155.35
104 1 1691689155.95
105 1 1691689156.49
106 1 1691689157.01
107 1 1691689157.59
108 1 1691689158.11
109 1 1691689158.67
110 1 1691689159.23
111 1 1691689159.78
112 1 1691689160.31
113 1 1691689160.88
114 1 1691689161.43
115 1 1691689161.98
116 1 1691689162.51
117 1 1691689163.07
118 1 1691689163.64
119 1 1691689164.15
120 1 1691689164.72
121 0 1691689166.08
121 1 1691689167.38
122 1 1691689167.66
123 1 1691689168.05
124 1 1691689168.37
125 1 1691689168.69
126 1 1691689169.03
127 1 1691689169.32
128 1 1691689169.71
129 1 1691689170.07
130 1 1691689170.38
131 1 1691689170.84
132 1 1691689171.33
133 1 1691689171.85
134 1 1691689172.39
135 1 1691689172.95
136 1 1691689173.47
137 1 1691689174.02
138 1 1691689174.59
139 1 1691689175.18
140 1 1691689175.69
141 1 1691689176.26
142 1 1691689176.79
143 0 1691689178.18
143 1 1691689179.47
144 1 1691689179.73
145 1 1691689180.05
146 1 1691689180.38
147 1 1691689180.66
148 1 1691689180.98
149 1 1691689181.25
150 1 1691689181.59
151 1 1691689181.88
152 1 1691689182.26
153 1 1691689182.81
154 1 1691689183.38
155 1 1691689183.93
156 1 1691689184.48
157 1 1691689184.99
158 1 1691689185.57
159 1 1691689186.13
160 1 1691689186.67
161 1 1691689187.23
162 1 1691689187.78
163 1 1691689188.29
164 0 1691689189.72
164 1 1691689190.52
165 1 1691689190.83
166 1 1691689191.12
167 1 1691689191.44
168 1 1691689191.75
169 1 1691689192.07
170 1 1691689192.35
171 1 1691689192.73
172 1 1691689193.24
173 1 1691689193.8
174 1 1691689194.37
175 1 1691689194.93
176 1 1691689195.45
177 1 1691689196.0
178 1 1691689196.56
179 1 1691689197.13
180 1 1691689197.67
181 1 1691689198.22
182 1 1691689198.76
183 1 1691689199.3
184 1 1691689199.87
185 1 1691689200.4
186 1 1691689200.95
187 1 1691689201.54
188 1 1691689202.06
189 1 1691689202.59
190 1 1691689203.15
191 1 1691689203.73
192 1 1691689204.26
193 1 1691689204.81
194 1 1691689205.38
195 1 1691689205.89
196 1 1691689206.45
197 1 1691689207.0
198 1 1691689207.54
199 1 1691689208.11
200 1 1691689208.66
201 1 1691689209.19
202 1 1691689209.75
203 1 1691689210.28
204 1 1691689210.84
205 1 1691689211.38
206 1 1691689211.94
207 1 1691689212.52
208 1 1691689213.05
209 1 1691689213.61
210 1 1691689214.13
211 1 1691689214.67
212 0 1691689216.1
212 1 1691689217.41
