0 1 1691698056.7
1 0 1691698057.83
1 1 1691698058.65
2 1 1691698058.95
3 1 1691698059.25
4 1 1691698059.55
5 1 1691698059.87
6 1 1691698060.24
7 1 1691698060.58
8 1 1691698060.92
9 1 1691698061.25
10 1 1691698061.62
11 1 1691698061.99
12 1 1691698062.4
13 1 1691698062.77
14 1 1691698063.16
15 1 1691698063.52
16 1 1691698063.91
17 1 1691698064.33
18 1 1691698064.74
19 1 1691698065.16
20 1 1691698065.53
21 1 1691698066.06
22 1 1691698066.58
23 1 1691698067.09
24 1 1691698067.66
25 1 1691698068.19
26 1 1691698068.72
27 1 1691698069.27
28 1 1691698069.84
29 1 1691698070.34
30 1 1691698070.92
31 1 1691698071.46
32 1 1691698072.02
33 1 1691698072.54
34 1 1691698073.11
35 1 1691698073.67
36 1 1691698074.22
37 1 1691698074.78
38 1 1691698075.31
39 1 1691698075.83
40 1 1691698076.42
41 1 1691698076.93
42 1 1691698077.52
43 1 1691698078.06
44 1 1691698078.63
45 1 1691698079.16
46 1 1691698079.69
47 1 1691698080.26
48 1 1691698080.84
49 1 1691698081.35
50 1 1691698081.9
51 1 1691698082.46
52 1 1691698082.99
53 1 1691698083.55
54 1 1691698084.09
55 1 1691698084.65
56 1 1691698085.2
57 1 1691698085.73
58 1 1691698086.31
59 1 1691698086.83
60 1 1691698087.42
61 1 1691698087.96
62 1 1691698088.51
63 1 1691698089.04
64 1 1691698089.59
65 1 1691698090.15
66 1 1691698090.69
67 1 1691698091.25
68 1 1691698091.79
69 1 1691698092.36
70 1 1691698092.9
71 1 1691698093.45
72 1 1691698093.99
73 1 1691698094.53
74 1 1691698095.06
75 1 1691698095.64
76 1 1691698096.2
77 1 1691698096.73
78 1 1691698097.27
79 1 1691698097.81
80 1 1691698098.35
81 1 1691698098.93
82 1 1691698099.48
83 1 1691698100.01
84 1 1691698100.57
85 1 1691698101.13
86 1 1691698101.66
87 1 1691698102.21
88 1 1691698102.77
89 1 1691698103.34
90 1 1691698103.9
91 1 1691698104.4
92 1 1691698104.93
93 1 1691698105.52
94 1 1691698106.05
95 1 1691698106.59
96 1 1691698107.17
97 1 1691698107.7
98 1 1691698108.28
99 1 1691698108.81
100 1 1691698109.36
101 1 1691698109.92
102 1 1691698110.45
103 1 1691698110.99
104 1 1691698111.55
105 1 1691698112.12
106 1 1691698112.66
107 1 1691698113.2
108 1 1691698113.73
109 1 1691698114.31
110 1 1691698114.88
111 1 1691698115.39
112 1 1691698115.96
113 1 1691698116.5
114 1 1691698117.07
115 1 1691698117.58
116 1 1691698118.18
117 1 1691698118.72
118 1 1691698119.25
119 1 1691698119.8
120 1 1691698120.37
121 1 1691698120.93
122 1 1691698121.45
123 1 1691698121.98
124 1 1691698122.56
125 1 1691698123.12
126 1 1691698123.65
127 1 1691698124.24
128 1 1691698124.76
129 1 1691698125.33
130 1 1691698125.85
131 1 1691698126.39
132 1 1691698126.99
133 1 1691698127.52
134 1 1691698128.05
135 1 1691698128.6
136 1 1691698129.15
137 1 1691698129.7
138 1 1691698130.25
139 1 1691698130.79
140 1 1691698131.36
141 1 1691698131.91
142 1 1691698132.44
143 1 1691698132.98
144 1 1691698133.53
145 1 1691698134.09
146 1 1691698134.63
147 1 1691698135.18
148 1 1691698135.73
149 1 1691698136.27
150 1 1691698136.83
151 1 1691698137.38
152 1 1691698137.91
153 1 1691698138.49
154 1 1691698139.04
155 0 1691698140.41
155 1 1691698141.69
156 1 1691698141.98
157 1 1691698142.29
158 1 1691698142.62
159 1 1691698142.94
160 1 1691698143.26
161 0 1691698144.36
161 1 1691698145.17
162 1 1691698145.47
163 1 1691698145.75
164 1 1691698146.06
165 1 1691698146.35
166 1 1691698146.69
167 1 1691698147.03
168 1 1691698147.37
169 1 1691698147.76
170 1 1691698148.13
171 1 1691698148.5
172 1 1691698148.98
173 1 1691698149.49
174 1 1691698150.03
175 1 1691698150.53
176 1 1691698151.13
177 1 1691698151.66
178 1 1691698152.17
179 1 1691698152.79
180 1 1691698153.34
181 1 1691698153.85
182 1 1691698154.39
183 1 1691698154.94
184 1 1691698155.5
185 1 1691698156.07
186 1 1691698156.62
187 0 1691698157.98
187 1 1691698158.82
188 1 1691698159.12
189 1 1691698159.42
190 1 1691698159.74
191 1 1691698160.04
192 1 1691698160.36
193 1 1691698160.66
194 1 1691698161.03
195 1 1691698161.57
196 1 1691698162.13
197 1 1691698162.66
198 1 1691698163.19
199 1 1691698163.75
200 1 1691698164.3
201 1 1691698164.81
202 1 1691698165.38
203 1 1691698165.95
204 1 1691698166.47
205 1 1691698167.03
206 1 1691698167.58
207 1 1691698168.11
208 1 1691698168.69
209 1 1691698169.25
210 1 1691698169.8
211 1 1691698170.3
212 1 1691698170.88
213 1 1691698171.46
214 1 1691698171.96
215 1 1691698172.53
