0 1 1691693093.51
1 1 1691693093.79
2 1 1691693094.09
3 1 1691693094.39
4 1 1691693094.72
5 1 1691693095.06
6 1 1691693095.36
7 1 1691693095.71
8 1 1691693096.02
9 1 1691693096.47
10 1 1691693096.99
11 1 1691693097.54
12 1 1691693098.11
13 1 1691693098.63
14 1 1691693099.2
15 1 1691693099.75
16 1 1691693100.28
17 1 1691693100.82
18 1 1691693101.4
19 1 1691693101.93
20 1 1691693102.46
21 1 1691693103.02
22 1 1691693103.58
23 1 1691693104.13
24 1 1691693104.79
25 0 1691693106.04
25 1 1691693107.33
26 1 1691693107.6
27 1 1691693107.93
28 1 1691693108.27
29 1 1691693108.58
30 1 1691693108.88
31 1 1691693109.17
32 1 1691693109.48
33 1 1691693109.76
34 1 1691693110.15
35 1 1691693110.69
36 1 1691693111.27
37 1 1691693111.81
38 1 1691693112.35
39 1 1691693112.96
40 0 1691693114.29
40 1 1691693115.1
41 1 1691693115.41
42 1 1691693115.72
43 1 1691693116.06
44 1 1691693116.36
45 1 1691693116.66
46 1 1691693116.96
47 1 1691693117.32
48 1 1691693117.85
49 0 1691693119.24
49 1 1691693120.76
50 0 1691693121.89
50 1 1691693123.21
51 1 1691693123.49
52 1 1691693123.81
53 1 1691693124.15
54 1 1691693124.43
55 1 1691693124.73
56 1 1691693125.01
57 1 1691693125.33
58 1 1691693125.61
59 1 1691693125.93
60 1 1691693126.22
61 1 1691693126.55
62 1 1691693126.83
63 1 1691693127.17
64 1 1691693127.5
65 1 1691693127.84
66 1 1691693128.18
67 0 1691693129.28
67 0 1691693130.89
67 0 1691693133.05
67 1 1691693133.85
68 1 1691693134.16
69 0 1691693135.26
69 1 1691693136.04
70 1 1691693136.34
71 1 1691693136.62
72 1 1691693136.93
73 1 1691693137.23
74 1 1691693137.54
75 1 1691693137.85
76 1 1691693138.19
77 1 1691693138.55
78 1 1691693138.89
79 1 1691693139.25
80 1 1691693139.59
81 1 1691693139.93
82 1 1691693140.29
83 1 1691693140.71
84 0 1691693141.82
84 1 1691693142.62
85 1 1691693142.94
86 1 1691693143.24
87 1 1691693143.57
88 1 1691693143.85
89 1 1691693144.15
90 1 1691693144.49
91 0 1691693145.61
91 0 1691693147.75
91 1 1691693148.62
92 1 1691693148.93
93 1 1691693149.25
94 1 1691693149.6
95 1 1691693149.9
96 1 1691693150.22
97 1 1691693150.5
98 1 1691693150.82
99 1 1691693151.14
100 1 1691693151.46
101 1 1691693151.79
102 1 1691693152.08
103 1 1691693152.39
104 1 1691693152.75
105 1 1691693153.09
106 1 1691693153.45
107 1 1691693153.73
108 1 1691693154.04
109 1 1691693154.39
110 1 1691693154.71
111 1 1691693155.04
112 1 1691693155.31
113 1 1691693155.65
114 1 1691693155.96
115 1 1691693156.31
116 0 1691693157.4
116 1 1691693158.69
117 1 1691693158.99
118 0 1691693160.09
118 1 1691693161.39
119 1 1691693161.69
120 1 1691693161.97
121 1 1691693162.29
122 1 1691693162.57
123 1 1691693162.89
124 1 1691693163.2
125 1 1691693163.5
126 1 1691693163.82
127 1 1691693164.14
128 1 1691693164.46
129 1 1691693164.77
130 1 1691693165.1
131 0 1691693166.21
131 1 1691693167.04
132 1 1691693167.33
133 1 1691693167.67
134 1 1691693168.01
135 1 1691693168.33
136 1 1691693168.62
137 1 1691693168.97
138 1 1691693169.28
139 0 1691693170.4
139 1 1691693171.18
140 1 1691693171.49
141 1 1691693171.79
142 1 1691693172.1
143 1 1691693172.4
144 1 1691693172.72
145 1 1691693173.06
146 1 1691693173.36
147 1 1691693173.66
148 1 1691693173.98
149 1 1691693174.31
150 1 1691693174.6
151 1 1691693174.95
152 1 1691693175.28
153 1 1691693175.59
154 1 1691693176.07
155 1 1691693176.65
156 1 1691693177.2
157 1 1691693177.76
158 1 1691693178.29
159 1 1691693178.84
160 1 1691693179.37
161 1 1691693179.96
162 1 1691693180.46
163 1 1691693181.21
164 1 1691693181.78
165 1 1691693182.12
166 1 1691693182.68
167 1 1691693183.23
168 1 1691693183.81
169 1 1691693184.32
170 1 1691693184.87
171 1 1691693185.43
172 1 1691693185.97
173 1 1691693186.51
174 1 1691693187.07
175 1 1691693187.61
176 1 1691693188.15
177 1 1691693188.71
178 1 1691693189.26
179 1 1691693189.81
180 1 1691693190.34
181 1 1691693190.9
182 1 1691693191.44
183 1 1691693192.02
184 0 1691693193.39
184 1 1691693194.43
185 1 1691693194.82
186 1 1691693195.13
187 1 1691693195.45
188 1 1691693195.84
189 0 1691693196.95
189 1 1691693197.99
190 1 1691693198.48
191 0 1691693199.61
191 1 1691693200.39
192 1 1691693200.68
193 1 1691693200.94
194 1 1691693201.24
195 1 1691693201.54
196 1 1691693201.89
197 1 1691693202.22
198 1 1691693202.52
199 1 1691693202.82
200 1 1691693203.12
201 1 1691693203.43
202 1 1691693203.71
203 1 1691693204.0
204 1 1691693204.35
205 1 1691693204.68
206 1 1691693205.03
207 1 1691693205.33
208 1 1691693205.76
209 1 1691693206.28
210 0 1691693207.67
210 1 1691693208.96
211 1 1691693209.26
212 1 1691693209.59
213 1 1691693209.96
214 1 1691693210.37
215 1 1691693210.74
216 1 1691693211.1
