0 1 1691170366.7
1 1 1691170367.0
2 1 1691170367.33
3 1 1691170367.63
4 1 1691170367.95
5 1 1691170368.26
6 1 1691170368.56
7 1 1691170368.89
8 1 1691170369.23
9 1 1691170369.74
10 1 1691170370.29
11 1 1691170370.83
12 1 1691170371.35
13 1 1691170371.91
14 1 1691170372.45
15 1 1691170373.0
16 1 1691170373.57
17 1 1691170374.12
18 1 1691170374.77
19 0 1691170376.05
19 1 1691170376.85
20 1 1691170377.14
21 1 1691170377.48
22 1 1691170377.78
23 1 1691170378.1
24 1 1691170378.4
25 1 1691170378.66
26 1 1691170379.06
27 1 1691170379.59
28 1 1691170380.18
29 1 1691170380.73
30 1 1691170381.26
31 1 1691170381.8
32 1 1691170382.35
33 1 1691170382.88
34 1 1691170383.43
35 1 1691170383.99
36 1 1691170384.55
37 1 1691170385.07
38 1 1691170385.63
39 1 1691170386.2
40 1 1691170386.72
41 1 1691170387.31
42 1 1691170387.84
43 0 1691170389.23
43 0 1691170390.85
43 1 1691170391.7
44 1 1691170392.01
45 1 1691170392.34
46 1 1691170392.62
47 1 1691170392.92
48 1 1691170393.23
49 1 1691170393.5
50 0 1691170394.64
50 1 1691170395.96
51 1 1691170396.22
52 1 1691170396.5
53 1 1691170396.8
54 1 1691170397.12
55 1 1691170397.39
56 1 1691170397.71
57 1 1691170398.04
58 0 1691170399.16
58 1 1691170400.44
59 1 1691170400.75
60 1 1691170401.04
61 1 1691170401.37
62 1 1691170401.66
63 1 1691170401.96
64 1 1691170402.25
65 1 1691170402.56
66 1 1691170402.83
67 1 1691170403.11
68 1 1691170403.41
69 1 1691170403.7
70 1 1691170404.02
71 0 1691170405.14
71 1 1691170405.94
72 1 1691170406.27
73 1 1691170406.6
74 1 1691170406.93
75 1 1691170407.23
76 1 1691170407.51
77 1 1691170407.79
78 1 1691170408.06
79 1 1691170408.36
80 1 1691170408.72
81 1 1691170409.26
82 1 1691170409.78
83 1 1691170410.31
84 1 1691170410.88
85 1 1691170411.41
86 1 1691170412.0
87 1 1691170412.52
88 1 1691170413.09
89 1 1691170413.6
90 1 1691170414.16
91 1 1691170414.74
92 1 1691170415.26
93 1 1691170415.82
94 0 1691170417.2
94 1 1691170418.06
95 1 1691170418.38
96 1 1691170418.66
97 1 1691170418.98
98 1 1691170419.26
99 1 1691170419.55
100 1 1691170419.85
101 1 1691170420.25
102 1 1691170420.8
103 1 1691170421.32
104 1 1691170421.91
105 1 1691170422.46
106 1 1691170422.97
107 1 1691170423.56
108 1 1691170424.08
109 1 1691170424.64
110 1 1691170425.17
111 1 1691170425.75
112 1 1691170426.25
113 1 1691170426.83
114 1 1691170427.37
115 1 1691170427.93
116 1 1691170428.47
117 1 1691170429.02
118 1 1691170429.59
119 1 1691170430.14
120 1 1691170430.67
121 1 1691170431.24
122 1 1691170431.78
123 1 1691170432.33
124 1 1691170432.83
125 1 1691170433.44
126 1 1691170433.93
127 1 1691170434.51
128 1 1691170435.07
129 0 1691170436.45
129 1 1691170437.24
130 1 1691170437.53
131 1 1691170437.86
132 1 1691170438.19
133 1 1691170438.47
134 1 1691170438.77
135 1 1691170439.06
136 0 1691170440.29
136 1 1691170441.62
137 1 1691170441.94
138 1 1691170442.23
139 1 1691170442.54
140 1 1691170442.83
141 1 1691170443.14
142 1 1691170443.43
143 1 1691170443.74
144 1 1691170444.02
145 1 1691170444.39
146 1 1691170444.93
147 1 1691170445.5
148 1 1691170446.06
149 1 1691170446.59
150 1 1691170447.12
151 1 1691170447.71
152 1 1691170448.25
153 1 1691170448.81
154 1 1691170449.35
155 1 1691170449.89
156 0 1691170451.27
156 1 1691170452.56
157 1 1691170452.82
158 1 1691170453.12
159 1 1691170453.45
160 1 1691170453.75
161 1 1691170454.09
162 1 1691170454.4
163 1 1691170454.7
164 1 1691170455.0
165 1 1691170455.4
166 1 1691170455.91
167 1 1691170456.48
168 1 1691170457.02
169 1 1691170457.59
170 1 1691170458.13
171 1 1691170458.68
172 1 1691170459.22
173 1 1691170459.78
174 1 1691170460.32
175 1 1691170460.85
176 1 1691170461.41
177 1 1691170461.95
178 1 1691170462.52
179 0 1691170463.89
179 1 1691170465.18
180 1 1691170465.47
181 0 1691170466.64
181 1 1691170467.74
182 0 1691170468.84
182 1 1691170470.17
183 1 1691170470.44
184 1 1691170470.77
185 1 1691170471.08
186 1 1691170471.38
187 1 1691170471.69
188 1 1691170471.97
189 1 1691170472.32
190 1 1691170472.62
191 1 1691170472.95
192 1 1691170473.29
193 1 1691170473.58
194 1 1691170473.88
195 1 1691170474.18
196 1 1691170474.49
197 1 1691170474.76
198 1 1691170475.06
199 1 1691170475.36
200 1 1691170475.69
201 1 1691170475.97
202 1 1691170476.28
203 1 1691170476.61
204 1 1691170476.89
205 1 1691170477.36
206 1 1691170477.91
207 1 1691170478.45
208 1 1691170478.99
