0 1 1691691314.16
1 1 1691691314.42
2 1 1691691314.73
3 1 1691691315.05
4 0 1691691316.21
4 1 1691691317.49
5 1 1691691317.76
6 1 1691691318.15
7 1 1691691318.61
8 1 1691691318.99
9 1 1691691319.35
10 1 1691691319.72
11 1 1691691320.09
12 1 1691691320.43
13 0 1691691321.54
13 1 1691691322.37
14 0 1691691323.48
14 1 1691691324.77
15 1 1691691325.07
16 1 1691691325.35
17 1 1691691325.64
18 1 1691691325.94
19 1 1691691326.27
20 1 1691691326.56
21 1 1691691326.87
22 0 1691691327.97
22 1 1691691328.76
23 1 1691691329.08
24 1 1691691329.38
25 1 1691691329.67
26 1 1691691329.98
27 1 1691691330.29
28 1 1691691330.65
29 0 1691691331.75
29 1 1691691332.56
30 1 1691691332.86
31 0 1691691333.95
31 0 1691691335.55
31 1 1691691336.4
32 1 1691691336.7
33 1 1691691337.0
34 1 1691691337.31
35 1 1691691337.68
36 0 1691691338.78
36 1 1691691340.11
37 1 1691691340.41
38 1 1691691340.7
39 1 1691691341.05
40 1 1691691341.35
41 1 1691691341.66
42 0 1691691342.75
42 0 1691691344.85
42 1 1691691346.17
43 1 1691691346.5
44 1 1691691346.79
45 1 1691691347.09
46 1 1691691347.41
47 1 1691691347.74
48 0 1691691348.84
48 1 1691691350.15
49 1 1691691350.48
50 0 1691691351.57
50 1 1691691352.86
51 1 1691691353.18
52 1 1691691353.46
53 1 1691691353.76
54 1 1691691354.04
55 0 1691691355.2
55 0 1691691356.86
55 1 1691691357.89
56 1 1691691358.29
57 1 1691691358.6
58 1 1691691358.89
59 0 1691691359.99
59 1 1691691360.82
60 1 1691691361.08
61 1 1691691361.38
62 1 1691691361.68
63 1 1691691361.98
64 1 1691691362.28
65 1 1691691362.63
66 0 1691691363.74
66 1 1691691365.03
67 1 1691691365.36
68 1 1691691365.74
69 1 1691691366.0
70 1 1691691366.31
71 1 1691691366.61
72 1 1691691366.92
73 1 1691691367.23
74 1 1691691367.6
75 0 1691691368.7
75 1 1691691370.04
76 1 1691691370.33
77 1 1691691370.66
78 1 1691691370.97
79 1 1691691371.37
80 1 1691691371.81
81 1 1691691372.13
82 1 1691691372.46
83 1 1691691372.84
84 1 1691691373.18
85 1 1691691373.55
86 1 1691691373.92
87 1 1691691374.26
88 1 1691691374.63
89 1 1691691374.99
90 1 1691691375.36
91 1 1691691375.73
92 1 1691691376.12
93 1 1691691376.49
94 1 1691691376.85
95 1 1691691377.25
96 1 1691691377.62
97 1 1691691378.0
98 1 1691691378.38
99 1 1691691378.76
100 1 1691691379.15
101 1 1691691379.53
102 1 1691691379.93
103 1 1691691380.27
104 1 1691691380.64
105 1 1691691381.01
106 1 1691691381.36
107 1 1691691381.73
108 1 1691691382.14
109 1 1691691382.5
110 1 1691691382.87
111 1 1691691383.28
112 1 1691691383.68
113 1 1691691384.1
114 0 1691691385.21
114 1 1691691386.05
115 1 1691691386.32
116 1 1691691386.64
117 1 1691691386.91
118 1 1691691387.25
119 1 1691691387.55
120 1 1691691387.92
121 1 1691691388.25
122 1 1691691388.55
123 1 1691691388.89
124 1 1691691389.22
125 1 1691691389.6
126 1 1691691389.94
127 1 1691691390.3
128 1 1691691390.69
129 0 1691691391.81
129 1 1691691393.13
130 1 1691691393.41
131 1 1691691393.73
132 1 1691691394.05
133 1 1691691394.39
134 1 1691691394.7
135 1 1691691395.08
136 1 1691691395.44
137 1 1691691395.76
138 0 1691691396.89
138 1 1691691397.72
139 1 1691691398.01
140 1 1691691398.36
141 1 1691691398.68
142 1 1691691398.96
143 1 1691691399.3
144 1 1691691399.61
145 0 1691691400.73
145 1 1691691402.05
146 1 1691691402.46
147 0 1691691403.57
147 1 1691691404.89
148 1 1691691405.19
149 1 1691691405.49
150 1 1691691405.87
151 1 1691691406.2
152 1 1691691406.54
153 1 1691691406.88
154 1 1691691407.23
155 1 1691691407.58
156 1 1691691407.9
157 1 1691691408.24
158 1 1691691408.62
159 1 1691691408.96
160 1 1691691409.3
161 1 1691691409.66
162 1 1691691410.01
163 1 1691691410.37
164 1 1691691410.78
165 1 1691691411.13
166 1 1691691411.49
167 1 1691691411.88
168 1 1691691412.42
169 1 1691691412.78
170 1 1691691413.15
171 1 1691691413.53
172 1 1691691413.9
173 0 1691691415.08
173 1 1691691415.89
174 1 1691691416.21
175 1 1691691416.5
176 1 1691691416.84
177 1 1691691417.14
178 1 1691691417.48
179 1 1691691417.83
180 0 1691691418.95
180 1 1691691419.8
181 1 1691691420.13
182 1 1691691420.44
183 0 1691691421.54
183 1 1691691422.4
184 1 1691691422.71
185 1 1691691423.01
186 1 1691691423.36
187 0 1691691424.47
187 1 1691691425.79
188 1 1691691426.13
189 1 1691691426.4
190 1 1691691426.74
191 1 1691691427.03
192 1 1691691427.37
193 1 1691691427.67
194 1 1691691428.02
195 1 1691691428.35
196 1 1691691428.67
197 1 1691691429.0
198 1 1691691429.37
199 1 1691691429.68
200 1 1691691430.06
201 1 1691691430.52
202 1 1691691430.91
203 1 1691691431.28
204 1 1691691431.68
