0 1 1691692041.25
1 1 1691692041.6
2 1 1691692041.9
3 1 1691692042.22
4 1 1691692042.54
5 1 1691692042.89
6 0 1691692043.98
6 1 1691692045.27
7 1 1691692045.62
8 1 1691692045.94
9 0 1691692047.03
9 1 1691692047.83
10 1 1691692048.24
11 1 1691692048.53
12 1 1691692048.86
13 1 1691692049.2
14 1 1691692049.61
15 0 1691692050.82
15 0 1691692052.49
15 1 1691692053.78
16 1 1691692054.14
17 1 1691692054.42
18 1 1691692054.74
19 0 1691692055.83
19 1 1691692056.62
20 1 1691692056.93
21 0 1691692058.05
21 1 1691692059.33
22 1 1691692059.66
23 0 1691692060.77
23 1 1691692062.1
24 1 1691692062.41
25 1 1691692062.71
26 1 1691692063.01
27 1 1691692063.3
28 1 1691692063.58
29 0 1691692064.7
29 0 1691692066.81
29 1 1691692067.6
30 1 1691692067.9
31 0 1691692069.03
31 1 1691692070.34
32 1 1691692070.64
33 1 1691692070.92
34 1 1691692071.25
35 1 1691692071.55
36 1 1691692071.88
37 1 1691692072.19
38 1 1691692072.51
39 1 1691692072.87
40 1 1691692073.18
41 1 1691692073.59
42 1 1691692073.92
43 1 1691692074.25
44 1 1691692074.68
45 0 1691692075.78
45 1 1691692076.74
46 1 1691692077.18
47 1 1691692077.5
48 1 1691692077.83
49 0 1691692078.94
49 1 1691692079.73
50 1 1691692080.02
51 1 1691692080.33
52 1 1691692080.66
53 1 1691692080.94
54 1 1691692081.25
55 0 1691692082.39
55 1 1691692083.69
56 1 1691692083.96
57 0 1691692085.09
57 0 1691692087.22
57 0 1691692088.82
57 1 1691692089.62
58 1 1691692089.92
59 1 1691692090.24
60 1 1691692090.52
61 1 1691692090.83
62 1 1691692091.14
63 0 1691692092.26
63 1 1691692093.13
64 1 1691692093.45
65 1 1691692093.75
66 1 1691692094.03
67 1 1691692094.35
68 0 1691692095.45
68 1 1691692096.24
69 1 1691692096.56
70 1 1691692096.83
71 1 1691692097.15
72 1 1691692097.5
73 1 1691692097.81
74 0 1691692098.94
74 1 1691692099.76
75 0 1691692100.88
75 1 1691692102.18
76 1 1691692102.49
77 0 1691692103.6
77 1 1691692104.38
78 1 1691692104.69
79 1 1691692104.99
80 1 1691692105.29
81 1 1691692105.57
82 1 1691692105.89
83 1 1691692106.19
84 1 1691692106.51
85 1 1691692106.83
86 0 1691692107.92
86 1 1691692108.76
87 1 1691692109.08
88 1 1691692109.46
89 1 1691692109.88
90 1 1691692110.21
91 1 1691692110.52
92 1 1691692110.86
93 1 1691692111.15
94 1 1691692111.47
95 1 1691692111.86
96 0 1691692112.97
96 1 1691692113.76
97 1 1691692114.07
98 0 1691692115.19
98 1 1691692116.57
99 1 1691692116.85
100 1 1691692117.14
101 1 1691692117.46
102 1 1691692117.76
103 1 1691692118.1
104 1 1691692118.42
105 0 1691692119.52
105 1 1691692120.86
106 1 1691692121.18
107 1 1691692121.44
108 1 1691692121.75
109 1 1691692122.04
110 0 1691692123.14
110 1 1691692124.47
111 1 1691692124.76
112 1 1691692125.05
113 0 1691692126.16
113 1 1691692126.93
114 1 1691692127.24
115 1 1691692127.54
116 1 1691692127.85
117 0 1691692128.94
117 1 1691692129.92
118 1 1691692130.27
119 1 1691692130.58
120 1 1691692130.86
121 1 1691692131.15
122 1 1691692131.44
123 1 1691692131.73
124 1 1691692132.03
125 1 1691692132.36
126 1 1691692132.68
127 1 1691692132.97
128 0 1691692134.09
128 1 1691692135.45
129 1 1691692135.75
130 1 1691692136.08
131 1 1691692136.35
132 1 1691692136.69
133 0 1691692137.83
133 0 1691692139.94
133 1 1691692141.29
134 1 1691692141.58
135 1 1691692141.87
136 1 1691692142.19
137 1 1691692142.47
138 1 1691692142.81
139 0 1691692143.89
139 1 1691692144.72
140 0 1691692145.82
140 0 1691692147.48
140 1 1691692148.77
141 1 1691692149.11
142 1 1691692149.39
143 1 1691692149.69
144 1 1691692150.02
145 1 1691692150.35
146 1 1691692150.67
147 1 1691692151.01
148 1 1691692151.36
149 1 1691692151.69
150 1 1691692152.03
151 1 1691692152.35
152 1 1691692152.73
153 1 1691692153.07
154 1 1691692153.39
155 0 1691692154.53
155 1 1691692155.85
156 0 1691692156.97
156 1 1691692157.86
157 1 1691692158.21
158 1 1691692158.56
159 1 1691692158.89
160 1 1691692159.19
161 1 1691692159.46
