0 1 1691693815.72
1 1 1691693816.0
2 1 1691693816.31
3 1 1691693816.66
4 0 1691693817.78
4 1 1691693819.1
5 1 1691693819.42
6 1 1691693819.72
7 1 1691693820.05
8 1 1691693820.34
9 1 1691693820.67
10 0 1691693821.78
10 1 1691693822.61
11 1 1691693822.92
12 1 1691693823.27
13 1 1691693823.57
14 1 1691693823.97
15 0 1691693825.08
15 1 1691693826.37
16 1 1691693826.7
17 1 1691693827.1
18 1 1691693827.55
19 1 1691693827.93
20 1 1691693828.28
21 1 1691693828.61
22 1 1691693828.99
23 1 1691693829.34
24 1 1691693829.69
25 1 1691693830.03
26 1 1691693830.39
27 1 1691693830.75
28 1 1691693831.12
29 1 1691693831.51
30 1 1691693831.86
31 1 1691693832.22
32 1 1691693832.57
33 1 1691693832.91
34 1 1691693833.27
35 1 1691693833.58
36 1 1691693833.9
37 1 1691693834.26
38 1 1691693834.61
39 1 1691693835.09
40 1 1691693835.6
41 0 1691693836.98
41 1 1691693838.29
42 1 1691693838.56
43 1 1691693838.92
44 1 1691693839.22
45 1 1691693839.55
46 1 1691693839.87
47 1 1691693840.16
48 1 1691693840.49
49 0 1691693841.61
49 0 1691693843.24
49 1 1691693844.53
50 1 1691693844.85
51 1 1691693845.12
52 1 1691693845.42
53 1 1691693845.69
54 1 1691693846.01
55 1 1691693846.32
56 1 1691693846.62
57 1 1691693846.93
58 1 1691693847.21
59 1 1691693847.56
60 1 1691693847.84
61 1 1691693848.17
62 1 1691693848.45
63 1 1691693848.78
64 1 1691693849.1
65 1 1691693849.41
66 1 1691693849.86
67 1 1691693850.41
68 1 1691693851.1
69 0 1691693852.37
69 1 1691693853.67
70 0 1691693854.76
70 1 1691693856.08
71 1 1691693856.4
72 1 1691693856.68
73 0 1691693857.86
73 1 1691693858.68
74 1 1691693859.01
75 1 1691693859.31
76 1 1691693859.62
77 1 1691693859.9
78 1 1691693860.22
79 1 1691693860.51
80 1 1691693860.8
81 1 1691693861.13
82 1 1691693861.47
83 1 1691693861.78
84 1 1691693862.07
85 1 1691693862.41
86 1 1691693862.78
87 1 1691693863.25
88 1 1691693863.75
89 1 1691693864.13
90 1 1691693864.51
91 1 1691693864.87
92 1 1691693865.25
93 1 1691693865.61
94 1 1691693865.95
95 1 1691693866.32
96 1 1691693866.7
97 0 1691693867.78
97 1 1691693868.56
98 1 1691693868.93
99 0 1691693870.04
99 1 1691693871.05
100 1 1691693871.36
101 1 1691693871.69
102 1 1691693871.99
103 1 1691693872.29
104 1 1691693872.58
105 1 1691693872.88
106 1 1691693873.24
107 1 1691693873.55
108 1 1691693873.88
109 1 1691693874.2
110 1 1691693874.55
111 0 1691693875.66
111 1 1691693876.5
112 1 1691693876.8
113 1 1691693877.1
114 1 1691693877.4
115 1 1691693877.7
116 1 1691693878.17
117 1 1691693878.65
118 0 1691693879.83
118 0 1691693882.0
118 1 1691693882.81
119 1 1691693883.12
120 1 1691693883.43
121 1 1691693883.74
122 1 1691693884.04
123 1 1691693884.36
124 1 1691693884.67
125 1 1691693884.99
126 1 1691693885.33
127 1 1691693885.64
128 1 1691693885.98
129 1 1691693886.32
130 1 1691693886.65
131 1 1691693887.0
132 1 1691693887.32
133 1 1691693887.65
134 0 1691693888.78
134 1 1691693890.04
135 1 1691693890.33
136 1 1691693890.63
137 1 1691693890.95
138 1 1691693891.26
139 1 1691693891.58
140 0 1691693892.7
140 1 1691693893.53
141 1 1691693893.83
142 1 1691693894.18
143 1 1691693894.48
144 1 1691693894.79
145 1 1691693895.1
146 1 1691693895.41
147 1 1691693895.76
148 1 1691693896.07
149 1 1691693896.42
150 1 1691693896.73
151 1 1691693897.03
152 1 1691693897.34
153 1 1691693897.68
154 0 1691693899.03
154 1 1691693900.34
155 1 1691693900.67
156 1 1691693900.95
157 1 1691693901.27
158 1 1691693901.56
159 1 1691693901.88
160 1 1691693902.18
161 1 1691693902.5
162 1 1691693902.79
163 1 1691693903.33
164 0 1691693904.56
164 1 1691693905.89
165 1 1691693906.19
166 1 1691693906.51
167 1 1691693906.81
168 1 1691693907.08
169 1 1691693907.4
170 1 1691693907.67
171 1 1691693907.97
172 1 1691693908.23
173 1 1691693908.66
174 1 1691693909.16
175 1 1691693909.74
176 1 1691693910.26
177 0 1691693911.67
177 1 1691693912.97
178 1 1691693913.24
179 1 1691693913.58
180 1 1691693913.9
181 1 1691693914.19
182 1 1691693914.5
183 1 1691693914.79
184 0 1691693915.9
184 1 1691693917.25
185 1 1691693917.52
186 1 1691693917.81
187 0 1691693918.94
187 0 1691693920.54
187 1 1691693921.84
188 1 1691693922.19
189 1 1691693922.5
190 1 1691693922.81
191 1 1691693923.1
192 1 1691693923.41
193 1 1691693923.73
194 1 1691693924.03
195 1 1691693924.35
196 1 1691693924.65
197 1 1691693924.97
198 1 1691693925.28
199 1 1691693925.61
200 1 1691693925.96
201 1 1691693926.26
202 1 1691693926.6
203 0 1691693927.72
203 1 1691693928.98
204 1 1691693929.33
205 1 1691693929.65
206 1 1691693929.92
207 1 1691693930.21
208 1 1691693930.5
209 1 1691693930.79
210 1 1691693931.1
211 1 1691693931.36
212 1 1691693931.68
213 1 1691693932.01
214 1 1691693932.51
215 1 1691693932.9
216 1 1691693933.24
