0 1 1691694100.31
1 1 1691694100.59
2 1 1691694100.89
3 1 1691694101.19
4 1 1691694101.51
5 1 1691694101.84
6 1 1691694102.15
7 0 1691694103.27
7 1 1691694104.13
8 1 1691694104.43
9 1 1691694104.75
10 1 1691694105.1
11 1 1691694105.42
12 1 1691694105.78
13 1 1691694106.1
14 0 1691694107.23
14 1 1691694108.03
15 1 1691694108.3
16 1 1691694108.61
17 1 1691694108.95
18 0 1691694110.07
18 1 1691694110.87
19 1 1691694111.18
20 1 1691694111.47
21 1 1691694111.76
22 1 1691694112.07
23 0 1691694113.19
23 1 1691694114.51
24 1 1691694114.78
25 1 1691694115.1
26 1 1691694115.4
27 1 1691694115.74
28 1 1691694116.07
29 1 1691694116.43
30 1 1691694116.77
31 1 1691694117.09
32 1 1691694117.4
33 1 1691694117.73
34 1 1691694118.08
35 1 1691694118.41
36 1 1691694118.73
37 1 1691694119.07
38 1 1691694119.4
39 1 1691694119.74
40 1 1691694120.23
41 1 1691694120.78
42 1 1691694121.28
43 0 1691694122.7
43 1 1691694124.06
44 1 1691694124.36
45 1 1691694124.65
46 1 1691694124.96
47 1 1691694125.26
48 1 1691694125.6
49 1 1691694125.88
50 1 1691694126.2
51 0 1691694127.31
51 0 1691694128.93
51 1 1691694130.19
52 1 1691694130.5
53 0 1691694131.6
53 1 1691694132.89
54 1 1691694133.22
55 1 1691694133.52
56 1 1691694133.82
57 1 1691694134.1
58 1 1691694134.42
59 1 1691694134.76
60 1 1691694135.06
61 1 1691694135.41
62 1 1691694135.71
63 1 1691694136.03
64 0 1691694137.13
64 1 1691694138.43
65 1 1691694138.76
66 1 1691694139.03
67 1 1691694139.36
68 0 1691694140.46
68 0 1691694142.08
68 0 1691694144.2
68 1 1691694145.51
69 1 1691694145.84
70 1 1691694146.13
71 1 1691694146.43
72 1 1691694146.7
73 1 1691694147.0
74 1 1691694147.3
75 1 1691694147.61
76 1 1691694147.95
77 1 1691694148.3
78 0 1691694149.41
78 1 1691694150.22
79 1 1691694150.5
80 1 1691694150.8
81 1 1691694151.08
82 1 1691694151.41
83 1 1691694151.7
84 1 1691694152.04
85 1 1691694152.38
86 0 1691694153.48
86 0 1691694155.62
86 0 1691694157.29
86 1 1691694158.57
87 1 1691694158.85
88 1 1691694159.14
89 1 1691694159.42
90 1 1691694159.73
91 1 1691694160.05
92 1 1691694160.35
93 0 1691694161.43
93 1 1691694162.31
94 1 1691694162.59
95 1 1691694162.93
96 1 1691694163.22
97 0 1691694164.34
97 0 1691694165.95
97 0 1691694167.57
97 1 1691694168.39
98 1 1691694168.67
99 1 1691694169.03
100 1 1691694169.33
101 1 1691694169.7
102 1 1691694170.04
103 1 1691694170.35
104 1 1691694170.69
105 1 1691694171.04
106 1 1691694171.36
107 1 1691694171.72
108 1 1691694172.1
109 1 1691694172.46
110 1 1691694172.88
111 1 1691694173.27
112 1 1691694173.64
113 1 1691694174.11
114 1 1691694174.62
115 1 1691694175.0
116 1 1691694175.33
117 1 1691694175.7
118 1 1691694176.08
119 1 1691694176.45
120 1 1691694176.85
121 0 1691694177.93
121 1 1691694178.82
122 1 1691694179.09
123 1 1691694179.4
124 1 1691694179.66
125 1 1691694179.98
126 1 1691694180.27
127 1 1691694180.58
128 1 1691694180.92
129 1 1691694181.24
130 1 1691694181.57
131 1 1691694181.9
132 1 1691694182.21
133 1 1691694182.5
134 1 1691694182.87
135 1 1691694183.2
136 0 1691694184.29
136 1 1691694185.05
137 1 1691694185.37
138 1 1691694185.65
139 1 1691694185.97
140 1 1691694186.27
141 1 1691694186.61
142 1 1691694186.88
143 1 1691694187.18
144 1 1691694187.49
145 1 1691694187.78
146 1 1691694188.09
147 1 1691694188.39
148 0 1691694189.48
148 1 1691694190.31
149 1 1691694190.61
150 1 1691694190.92
151 1 1691694191.22
152 1 1691694191.54
153 1 1691694191.82
154 1 1691694192.13
155 1 1691694192.48
156 1 1691694192.85
157 1 1691694193.23
158 1 1691694193.61
159 1 1691694193.97
160 1 1691694194.33
161 1 1691694194.71
162 1 1691694195.06
163 1 1691694195.43
164 1 1691694195.84
165 1 1691694196.22
166 0 1691694197.39
166 1 1691694198.7
167 1 1691694198.95
168 1 1691694199.26
169 1 1691694199.57
170 1 1691694199.88
171 1 1691694200.21
172 1 1691694200.53
173 1 1691694200.97
174 0 1691694202.07
174 1 1691694202.95
175 1 1691694203.27
176 0 1691694204.38
176 0 1691694206.01
176 0 1691694207.62
176 1 1691694208.97
177 1 1691694209.26
178 1 1691694209.58
179 1 1691694209.89
180 1 1691694210.19
181 1 1691694210.47
182 1 1691694210.82
183 1 1691694211.18
184 1 1691694211.45
185 1 1691694211.79
186 1 1691694212.1
187 1 1691694212.42
188 1 1691694212.76
189 1 1691694213.05
190 1 1691694213.35
191 1 1691694213.65
192 1 1691694214.0
193 1 1691694214.33
194 1 1691694214.68
195 1 1691694215.02
196 1 1691694215.32
197 1 1691694215.66
198 1 1691694215.96
199 1 1691694216.28
200 1 1691694216.8
201 1 1691694217.15
