0 1 1691695251.82
1 1 1691695252.14
2 1 1691695252.46
3 1 1691695252.87
4 0 1691695253.98
4 1 1691695255.29
5 1 1691695255.57
6 1 1691695255.9
7 1 1691695256.25
8 0 1691695257.37
8 1 1691695258.23
9 0 1691695259.33
9 0 1691695260.95
9 1 1691695262.31
10 0 1691695263.45
10 1 1691695264.29
11 1 1691695264.55
12 1 1691695264.87
13 1 1691695265.16
14 1 1691695265.5
15 0 1691695266.59
15 0 1691695268.22
15 1 1691695269.5
16 1 1691695269.82
17 1 1691695270.1
18 1 1691695270.4
19 1 1691695270.7
20 1 1691695271.02
21 1 1691695271.36
22 0 1691695272.47
22 1 1691695273.78
23 1 1691695274.09
24 1 1691695274.37
25 1 1691695274.68
26 1 1691695274.99
27 1 1691695275.33
28 1 1691695275.64
29 1 1691695275.96
30 1 1691695276.29
31 0 1691695277.4
31 0 1691695279.02
31 1 1691695280.33
32 1 1691695280.66
33 1 1691695281.09
34 1 1691695281.56
35 0 1691695282.68
35 0 1691695284.79
35 0 1691695286.9
35 1 1691695288.2
36 1 1691695288.51
37 1 1691695288.8
38 1 1691695289.09
39 1 1691695289.39
40 1 1691695289.72
41 1 1691695290.16
42 1 1691695290.67
43 0 1691695291.78
43 0 1691695293.38
43 1 1691695294.69
44 1 1691695295.0
45 1 1691695295.28
46 1 1691695295.59
47 1 1691695295.89
48 1 1691695296.21
49 1 1691695296.5
50 1 1691695296.85
51 1 1691695297.25
52 1 1691695297.58
53 1 1691695297.92
54 1 1691695298.26
55 1 1691695298.58
56 0 1691695299.71
56 1 1691695301.18
57 0 1691695302.3
57 0 1691695304.41
57 0 1691695306.04
57 1 1691695306.94
58 1 1691695307.23
59 1 1691695307.5
60 0 1691695308.68
60 0 1691695310.82
60 0 1691695313.0
60 0 1691695314.65
60 1 1691695316.05
61 1 1691695316.38
62 1 1691695316.69
63 0 1691695317.81
63 1 1691695319.11
64 1 1691695319.4
65 1 1691695319.71
66 1 1691695320.02
67 1 1691695320.34
68 1 1691695320.63
69 1 1691695320.96
70 1 1691695321.3
71 0 1691695322.41
71 0 1691695324.04
71 1 1691695324.98
72 1 1691695325.28
73 1 1691695325.57
74 0 1691695326.72
74 0 1691695328.83
74 1 1691695330.22
75 1 1691695330.51
76 1 1691695330.82
77 0 1691695331.94
77 1 1691695333.22
78 1 1691695333.53
79 0 1691695334.65
79 1 1691695335.9
80 1 1691695336.21
81 1 1691695336.51
82 1 1691695336.81
83 1 1691695337.09
84 1 1691695337.42
85 1 1691695337.77
86 1 1691695338.1
87 1 1691695338.42
88 1 1691695338.72
89 0 1691695339.85
89 1 1691695341.18
90 1 1691695341.48
91 1 1691695341.8
92 0 1691695342.89
92 0 1691695344.51
92 1 1691695345.81
93 1 1691695346.11
94 1 1691695346.41
95 1 1691695346.74
96 0 1691695347.83
96 0 1691695349.45
96 0 1691695351.57
96 0 1691695353.19
96 1 1691695354.74
97 0 1691695355.9
97 0 1691695357.56
97 1 1691695358.37
98 1 1691695358.68
99 1 1691695358.98
100 1 1691695359.31
101 1 1691695359.62
102 1 1691695359.95
103 1 1691695360.28
104 1 1691695360.59
105 1 1691695360.93
106 0 1691695362.04
106 0 1691695364.15
106 1 1691695364.94
107 1 1691695365.25
108 1 1691695365.57
109 1 1691695365.87
110 1 1691695366.16
111 1 1691695366.47
112 1 1691695366.77
113 1 1691695367.15
114 0 1691695368.26
114 1 1691695369.05
