0 1 1691695688.8
1 1 1691695689.13
2 1 1691695689.45
3 0 1691695690.58
3 1 1691695691.91
4 1 1691695692.18
5 1 1691695692.49
6 1 1691695692.78
7 1 1691695693.12
8 0 1691695694.21
8 1 1691695695.49
9 1 1691695695.86
10 1 1691695696.3
11 0 1691695697.4
11 1 1691695698.72
12 1 1691695699.03
13 1 1691695699.32
14 0 1691695700.44
14 1 1691695701.3
15 1 1691695701.59
16 1 1691695701.92
17 1 1691695702.22
18 1 1691695702.58
19 0 1691695703.66
19 1 1691695705.01
20 1 1691695705.33
21 1 1691695705.65
22 1 1691695706.04
23 0 1691695707.21
23 1 1691695708.05
24 1 1691695708.36
25 0 1691695709.48
25 1 1691695710.27
26 1 1691695710.59
27 1 1691695710.91
28 1 1691695711.21
29 1 1691695711.48
30 1 1691695711.77
31 1 1691695712.08
32 1 1691695712.38
33 1 1691695712.66
34 1 1691695712.99
35 1 1691695713.3
36 0 1691695714.39
36 0 1691695716.56
36 1 1691695717.92
37 0 1691695719.04
37 1 1691695720.38
38 1 1691695720.67
39 0 1691695721.77
39 1 1691695722.58
40 1 1691695722.99
41 1 1691695723.42
42 0 1691695724.55
42 1 1691695725.88
43 1 1691695726.2
44 1 1691695726.53
45 0 1691695727.64
45 0 1691695729.25
45 0 1691695730.9
45 1 1691695732.18
46 1 1691695732.49
47 1 1691695732.79
48 1 1691695733.12
49 1 1691695733.4
50 1 1691695733.71
51 1 1691695734.0
52 1 1691695734.32
53 1 1691695734.65
54 1 1691695734.97
55 1 1691695735.29
56 1 1691695735.6
57 1 1691695736.01
58 0 1691695737.1
58 0 1691695738.72
58 1 1691695739.51
59 0 1691695740.7
59 1 1691695741.53
60 0 1691695742.61
60 0 1691695744.22
60 1 1691695745.02
61 1 1691695745.31
62 1 1691695745.59
63 1 1691695746.0
64 1 1691695746.44
65 1 1691695746.97
66 0 1691695748.09
66 0 1691695749.67
66 1 1691695750.46
67 1 1691695750.78
68 0 1691695751.9
68 0 1691695754.02
68 1 1691695755.3
69 1 1691695755.59
70 1 1691695755.92
71 1 1691695756.26
72 1 1691695756.56
73 1 1691695756.85
74 1 1691695757.14
75 1 1691695757.48
76 0 1691695758.63
76 0 1691695760.72
76 1 1691695762.15
77 1 1691695762.44
78 1 1691695762.77
79 0 1691695763.87
79 1 1691695765.37
80 1 1691695765.9
81 0 1691695767.06
81 1 1691695768.58
82 1 1691695769.08
83 1 1691695769.4
84 1 1691695769.72
85 1 1691695770.04
86 1 1691695770.39
87 1 1691695770.71
88 0 1691695771.8
88 1 1691695772.62
89 1 1691695772.9
90 1 1691695773.21
91 1 1691695773.48
92 1 1691695773.77
93 1 1691695774.07
94 1 1691695774.36
95 1 1691695774.64
96 1 1691695774.95
97 1 1691695775.24
98 1 1691695775.59
99 0 1691695776.71
99 0 1691695778.82
99 1 1691695779.84
100 1 1691695780.36
101 1 1691695780.89
102 1 1691695781.25
103 1 1691695781.59
104 1 1691695781.94
105 1 1691695782.26
106 1 1691695782.62
107 0 1691695783.74
107 0 1691695785.86
107 0 1691695787.97
107 1 1691695788.99
108 0 1691695790.16
108 1 1691695791.67
109 1 1691695792.19
110 0 1691695793.3
110 0 1691695795.44
110 0 1691695797.55
110 0 1691695799.65
110 0 1691695801.8
110 1 1691695802.59
111 1 1691695802.9
112 1 1691695803.2
113 1 1691695803.49
114 1 1691695803.79
115 0 1691695804.99
115 1 1691695805.8
