0 1 1691689406.96
1 1 1691689407.25
2 1 1691689407.55
3 1 1691689407.83
4 1 1691689408.15
5 1 1691689408.48
6 1 1691689408.83
7 1 1691689409.17
8 1 1691689409.51
9 1 1691689409.93
10 1 1691689410.45
11 1 1691689410.94
12 1 1691689411.5
13 1 1691689412.05
14 1 1691689412.61
15 1 1691689413.13
16 1 1691689413.68
17 1 1691689414.25
18 1 1691689414.77
19 1 1691689415.33
20 1 1691689415.88
21 1 1691689416.46
22 1 1691689417.0
23 1 1691689417.55
24 0 1691689418.92
24 1 1691689419.76
25 1 1691689420.09
26 1 1691689420.37
27 1 1691689420.69
28 1 1691689420.98
29 1 1691689421.33
30 1 1691689421.65
31 1 1691689421.97
32 1 1691689422.46
33 1 1691689423.06
34 1 1691689423.62
35 1 1691689424.14
36 1 1691689424.69
37 1 1691689425.27
38 0 1691689426.63
38 1 1691689427.97
39 1 1691689428.3
40 1 1691689428.59
41 1 1691689428.93
42 1 1691689429.23
43 0 1691689430.38
43 1 1691689431.18
44 1 1691689431.44
45 1 1691689431.77
46 1 1691689432.1
47 1 1691689432.43
48 1 1691689432.76
49 1 1691689433.08
50 1 1691689433.43
51 1 1691689433.79
52 1 1691689434.13
53 1 1691689434.5
54 1 1691689434.86
55 1 1691689435.23
56 1 1691689435.7
57 1 1691689436.2
58 0 1691689437.59
58 1 1691689438.46
59 1 1691689438.79
60 1 1691689439.09
61 1 1691689439.41
62 1 1691689439.82
63 1 1691689440.21
64 1 1691689440.54
65 1 1691689440.87
66 1 1691689441.23
67 1 1691689441.71
68 1 1691689442.22
69 1 1691689442.79
70 1 1691689443.31
71 0 1691689444.73
71 1 1691689446.05
72 1 1691689446.35
73 0 1691689447.48
73 1 1691689448.28
74 1 1691689448.61
75 1 1691689448.91
76 1 1691689449.23
77 1 1691689449.54
78 1 1691689449.88
79 1 1691689450.2
80 1 1691689450.53
81 1 1691689450.88
82 1 1691689451.21
83 1 1691689451.56
84 1 1691689451.93
85 1 1691689452.25
86 1 1691689452.62
87 1 1691689452.99
88 1 1691689453.32
89 1 1691689453.82
90 1 1691689454.34
91 1 1691689454.87
92 0 1691689456.24
92 1 1691689457.07
93 1 1691689457.39
94 1 1691689457.67
95 1 1691689458.01
96 1 1691689458.29
97 1 1691689458.62
98 1 1691689458.92
99 1 1691689459.28
100 1 1691689459.83
101 0 1691689461.19
101 1 1691689462.48
102 1 1691689462.75
103 0 1691689463.88
103 1 1691689465.2
104 1 1691689465.48
105 0 1691689466.62
105 1 1691689467.96
106 1 1691689468.24
107 1 1691689468.54
108 1 1691689468.88
109 1 1691689469.17
110 1 1691689469.47
111 1 1691689469.77
112 1 1691689470.08
113 1 1691689470.37
114 1 1691689470.68
115 1 1691689470.96
116 1 1691689471.3
117 1 1691689471.64
118 1 1691689471.94
119 1 1691689472.28
120 1 1691689472.61
121 1 1691689472.94
122 1 1691689473.31
123 1 1691689473.67
124 1 1691689474.02
125 1 1691689474.38
126 1 1691689474.73
127 1 1691689475.06
128 1 1691689475.49
129 1 1691689475.93
130 1 1691689476.37
131 1 1691689476.91
132 1 1691689477.41
133 1 1691689477.93
134 1 1691689478.5
135 1 1691689479.04
136 1 1691689479.6
137 1 1691689480.16
138 1 1691689480.66
139 1 1691689481.23
140 1 1691689481.77
141 1 1691689482.32
142 1 1691689482.86
143 1 1691689483.4
144 1 1691689483.98
145 1 1691689484.52
146 1 1691689485.08
147 1 1691689485.61
148 1 1691689486.14
149 0 1691689487.57
149 1 1691689488.37
150 1 1691689488.66
151 1 1691689488.94
152 1 1691689489.25
153 1 1691689489.54
154 1 1691689489.86
155 1 1691689490.14
156 1 1691689490.54
157 1 1691689491.09
158 1 1691689491.68
159 1 1691689492.2
160 1 1691689492.76
161 1 1691689493.31
162 1 1691689493.81
163 1 1691689494.39
164 1 1691689494.96
165 1 1691689495.48
166 1 1691689496.08
167 1 1691689496.61
168 1 1691689497.15
169 1 1691689497.68
170 1 1691689498.24
171 1 1691689498.8
172 1 1691689499.35
173 1 1691689499.88
174 1 1691689500.46
175 1 1691689501.01
176 1 1691689501.55
177 1 1691689502.1
178 1 1691689502.66
179 1 1691689503.18
180 1 1691689503.74
181 1 1691689504.28
182 1 1691689504.83
183 1 1691689505.41
184 1 1691689505.93
185 1 1691689506.49
186 1 1691689507.02
187 1 1691689507.6
188 1 1691689508.16
189 1 1691689508.69
190 1 1691689509.23
191 1 1691689509.8
192 1 1691689510.33
193 1 1691689510.89
194 0 1691689512.28
194 1 1691689513.6
195 1 1691689513.91
196 1 1691689514.21
197 1 1691689514.53
198 1 1691689514.83
199 1 1691689515.14
200 1 1691689515.44
201 1 1691689515.77
202 1 1691689516.1
203 1 1691689516.43
204 1 1691689516.89
205 0 1691689518.29
205 1 1691689519.13
206 1 1691689519.42
207 1 1691689519.71
208 1 1691689520.03
209 1 1691689520.32
210 1 1691689520.64
211 1 1691689520.96
212 0 1691689522.14
212 1 1691689523.59
