0 1 1691692950.24
1 1 1691692950.53
2 1 1691692950.85
3 1 1691692951.17
4 1 1691692951.5
5 1 1691692951.82
6 1 1691692952.16
7 1 1691692952.49
8 1 1691692952.83
9 1 1691692953.2
10 1 1691692953.72
11 1 1691692954.26
12 1 1691692954.81
13 1 1691692955.33
14 1 1691692955.93
15 1 1691692956.48
16 1 1691692956.99
17 1 1691692957.56
18 1 1691692958.12
19 1 1691692958.65
20 1 1691692959.19
21 1 1691692959.76
22 1 1691692960.34
23 1 1691692960.85
24 0 1691692962.24
24 1 1691692963.05
25 1 1691692963.37
26 1 1691692963.68
27 1 1691692963.99
28 1 1691692964.3
29 1 1691692964.61
30 1 1691692964.91
31 1 1691692965.28
32 1 1691692965.81
33 1 1691692966.36
34 1 1691692966.92
35 1 1691692967.44
36 1 1691692968.0
37 1 1691692968.53
38 1 1691692969.08
39 1 1691692969.63
40 1 1691692970.17
41 1 1691692970.76
42 1 1691692971.29
43 1 1691692971.83
44 1 1691692972.38
45 1 1691692972.93
46 1 1691692973.47
47 1 1691692974.02
48 1 1691692974.56
49 0 1691692975.95
49 1 1691692977.43
50 1 1691692977.72
51 1 1691692978.0
52 1 1691692978.34
53 1 1691692978.64
54 1 1691692978.95
55 1 1691692979.29
56 1 1691692979.62
57 1 1691692979.93
58 1 1691692980.2
59 1 1691692980.63
60 1 1691692981.15
61 1 1691692981.69
62 1 1691692982.25
63 1 1691692982.82
64 1 1691692983.35
65 1 1691692983.9
66 1 1691692984.46
67 1 1691692985.03
68 0 1691692986.37
68 1 1691692987.67
69 1 1691692987.95
70 1 1691692988.24
71 1 1691692988.52
72 1 1691692988.83
73 1 1691692989.16
74 1 1691692989.47
75 1 1691692989.8
76 1 1691692990.12
77 1 1691692990.55
78 1 1691692991.07
79 0 1691692992.44
79 1 1691692993.77
80 1 1691692994.07
81 1 1691692994.36
82 1 1691692994.69
83 1 1691692994.99
84 1 1691692995.33
85 1 1691692995.63
86 1 1691692995.97
87 1 1691692996.31
88 1 1691692996.62
89 1 1691692997.1
90 1 1691692997.64
91 1 1691692998.16
92 1 1691692998.75
93 1 1691692999.31
94 1 1691692999.87
95 1 1691693000.42
96 1 1691693000.96
97 1 1691693001.51
98 1 1691693002.05
99 1 1691693002.56
100 1 1691693003.14
101 0 1691693004.52
101 1 1691693005.83
102 1 1691693006.1
103 1 1691693006.44
104 1 1691693006.76
105 1 1691693007.05
106 1 1691693007.37
107 1 1691693007.65
108 1 1691693007.97
109 1 1691693008.27
110 1 1691693008.65
111 1 1691693009.18
112 1 1691693009.72
113 1 1691693010.27
114 1 1691693010.82
115 1 1691693011.4
116 1 1691693011.92
117 1 1691693012.5
118 1 1691693013.02
119 1 1691693013.6
120 1 1691693014.11
121 1 1691693014.67
122 1 1691693015.21
123 1 1691693015.77
124 1 1691693016.3
125 1 1691693016.88
126 1 1691693017.41
127 1 1691693017.96
128 1 1691693018.5
129 1 1691693019.07
130 1 1691693019.61
131 1 1691693020.16
132 1 1691693020.7
133 1 1691693021.25
134 1 1691693021.8
135 0 1691693023.24
135 1 1691693024.56
136 1 1691693024.88
137 1 1691693025.16
138 1 1691693025.47
139 1 1691693025.78
140 1 1691693026.11
141 1 1691693026.53
142 0 1691693027.62
142 1 1691693028.94
143 1 1691693029.25
144 1 1691693029.55
145 1 1691693029.87
146 1 1691693030.17
147 1 1691693030.49
148 1 1691693030.79
149 1 1691693031.12
150 1 1691693031.45
151 1 1691693031.77
152 1 1691693032.13
153 1 1691693032.44
154 1 1691693032.83
155 1 1691693033.36
156 1 1691693033.89
157 1 1691693034.47
158 1 1691693034.99
159 1 1691693035.54
160 1 1691693036.1
161 1 1691693036.65
162 0 1691693038.01
162 1 1691693039.29
163 1 1691693039.55
164 1 1691693039.84
165 1 1691693040.13
166 1 1691693040.45
167 1 1691693040.76
168 1 1691693041.05
169 1 1691693041.37
170 1 1691693041.67
171 1 1691693042.13
172 1 1691693042.66
173 1 1691693043.25
174 1 1691693043.79
175 1 1691693044.34
176 1 1691693044.87
177 1 1691693045.42
178 1 1691693045.96
179 1 1691693046.51
180 1 1691693047.07
181 1 1691693047.63
182 1 1691693048.15
183 1 1691693048.68
184 1 1691693049.27
185 0 1691693050.63
185 1 1691693051.55
186 1 1691693051.85
187 1 1691693052.14
188 1 1691693052.55
189 1 1691693052.98
190 0 1691693054.1
190 0 1691693055.74
190 1 1691693056.57
191 0 1691693057.76
191 1 1691693059.05
192 1 1691693059.35
193 1 1691693059.68
194 1 1691693059.99
195 1 1691693060.26
196 1 1691693060.62
197 1 1691693060.93
198 1 1691693061.21
199 1 1691693061.51
200 1 1691693061.83
201 1 1691693062.19
202 1 1691693062.48
203 1 1691693062.83
204 1 1691693063.13
205 1 1691693063.45
206 1 1691693063.81
207 1 1691693064.16
208 1 1691693064.49
209 1 1691693064.82
210 1 1691693065.18
211 1 1691693065.54
212 1 1691693065.84
213 1 1691693066.19
214 1 1691693066.71
215 1 1691693067.07
