0 1 1691171179.78
1 1 1691171180.09
2 0 1691171181.18
2 1 1691171182.48
3 1 1691171182.84
4 1 1691171183.13
5 0 1691171184.25
5 1 1691171185.65
6 1 1691171185.96
7 1 1691171186.24
8 1 1691171186.54
9 1 1691171186.82
10 1 1691171187.13
11 1 1691171187.42
12 1 1691171187.78
13 1 1691171188.1
14 1 1691171188.43
15 1 1691171188.71
16 1 1691171189.0
17 1 1691171189.32
18 0 1691171190.41
18 1 1691171191.19
19 1 1691171191.5
20 1 1691171191.79
21 1 1691171192.13
22 1 1691171192.44
23 1 1691171192.74
24 1 1691171193.05
25 0 1691171194.14
25 1 1691171195.43
26 1 1691171195.79
27 1 1691171196.19
28 1 1691171196.51
29 1 1691171196.84
30 1 1691171197.13
31 1 1691171197.51
32 0 1691171198.62
32 1 1691171199.41
33 1 1691171199.71
34 1 1691171200.02
35 0 1691171201.21
35 1 1691171202.05
36 1 1691171202.37
37 1 1691171202.67
38 1 1691171202.98
39 1 1691171203.27
40 1 1691171203.57
41 1 1691171203.88
42 1 1691171204.2
43 0 1691171205.3
43 0 1691171206.91
43 1 1691171208.2
44 1 1691171208.52
45 1 1691171208.8
46 1 1691171209.08
47 1 1691171209.37
48 1 1691171209.67
49 1 1691171209.99
50 1 1691171210.29
51 1 1691171210.58
52 0 1691171211.7
52 1 1691171213.03
53 0 1691171214.14
53 1 1691171214.95
54 1 1691171215.23
55 1 1691171215.53
56 1 1691171215.85
57 1 1691171216.18
58 1 1691171216.46
59 0 1691171217.61
59 1 1691171219.07
60 1 1691171219.37
61 1 1691171219.67
62 0 1691171220.77
62 1 1691171221.62
63 0 1691171222.71
63 1 1691171224.01
64 1 1691171224.32
65 1 1691171224.6
66 1 1691171224.92
67 1 1691171225.23
68 0 1691171226.34
68 1 1691171227.35
69 1 1691171227.68
70 1 1691171227.97
71 1 1691171228.27
72 1 1691171228.57
73 1 1691171228.85
74 1 1691171229.11
75 1 1691171229.45
76 1 1691171229.78
77 1 1691171230.07
78 0 1691171231.18
78 1 1691171232.0
79 1 1691171232.31
80 1 1691171232.62
81 1 1691171232.92
82 1 1691171233.22
83 1 1691171233.49
84 0 1691171234.64
84 1 1691171235.94
85 1 1691171236.2
86 1 1691171236.49
87 1 1691171236.79
88 1 1691171237.1
89 1 1691171237.4
90 1 1691171237.71
91 1 1691171238.01
92 1 1691171238.28
93 1 1691171238.59
94 1 1691171238.9
95 1 1691171239.2
96 1 1691171239.5
97 1 1691171239.81
98 1 1691171240.08
99 1 1691171240.37
100 1 1691171240.66
101 1 1691171240.93
102 1 1691171241.21
103 1 1691171241.53
104 1 1691171241.81
105 1 1691171242.14
106 1 1691171242.46
107 1 1691171242.75
108 1 1691171243.07
109 1 1691171243.37
110 1 1691171243.64
111 1 1691171243.94
112 1 1691171244.24
113 1 1691171244.5
114 1 1691171244.82
115 1 1691171245.1
116 1 1691171245.43
117 1 1691171245.75
118 1 1691171246.04
119 0 1691171247.16
119 1 1691171248.49
120 1 1691171248.76
121 1 1691171249.08
122 1 1691171249.36
123 1 1691171249.67
124 1 1691171249.93
125 1 1691171250.24
126 1 1691171250.52
127 1 1691171250.81
128 1 1691171251.1
129 1 1691171251.41
130 1 1691171251.68
131 1 1691171252.04
132 1 1691171252.36
133 1 1691171252.64
134 1 1691171252.95
135 1 1691171253.23
136 1 1691171253.53
137 1 1691171253.8
138 1 1691171254.12
139 1 1691171254.37
140 1 1691171254.76
141 1 1691171255.29
142 1 1691171255.87
143 1 1691171256.38
144 1 1691171256.95
145 1 1691171257.49
146 1 1691171258.04
147 0 1691171259.43
147 1 1691171260.23
148 1 1691171260.54
149 1 1691171260.81
150 1 1691171261.13
151 1 1691171261.43
152 1 1691171261.73
153 1 1691171262.01
154 0 1691171263.26
154 1 1691171264.55
155 1 1691171264.91
156 0 1691171266.03
156 1 1691171266.83
157 1 1691171267.14
158 1 1691171267.44
159 1 1691171267.76
160 1 1691171268.05
161 1 1691171268.37
162 1 1691171268.66
163 1 1691171268.96
164 1 1691171269.25
165 1 1691171269.58
166 1 1691171269.89
167 1 1691171270.2
168 1 1691171270.51
169 1 1691171270.8
170 1 1691171271.23
171 1 1691171271.77
172 1 1691171272.32
173 1 1691171272.9
174 1 1691171273.43
175 1 1691171273.98
176 0 1691171275.37
176 1 1691171276.18
177 1 1691171276.49
178 0 1691171277.61
178 1 1691171278.93
179 1 1691171279.24
180 1 1691171279.54
181 1 1691171279.86
182 1 1691171280.14
183 0 1691171281.25
183 1 1691171282.09
184 1 1691171282.38
185 1 1691171282.68
186 1 1691171282.96
187 1 1691171283.31
188 0 1691171284.39
188 1 1691171285.18
189 1 1691171285.54
190 1 1691171285.86
191 1 1691171286.18
192 0 1691171287.29
192 1 1691171288.11
193 1 1691171288.4
194 1 1691171288.71
195 1 1691171289.0
196 1 1691171289.28
197 1 1691171289.56
198 1 1691171289.86
199 1 1691171290.2
200 1 1691171290.52
201 1 1691171290.84
202 1 1691171291.13
203 1 1691171291.45
204 1 1691171291.74
205 1 1691171292.15
206 1 1691171292.54
207 1 1691171292.9
208 1 1691171293.24
