0 1 1691699428.65
1 1 1691699428.94
2 1 1691699429.23
3 1 1691699429.54
4 1 1691699429.88
5 1 1691699430.23
6 1 1691699430.53
7 1 1691699430.9
8 1 1691699431.25
9 1 1691699431.56
10 1 1691699432.12
11 1 1691699432.65
12 1 1691699433.18
13 1 1691699433.72
14 1 1691699434.26
15 1 1691699434.83
16 1 1691699435.37
17 1 1691699435.91
18 1 1691699436.51
19 1 1691699437.03
20 1 1691699437.59
21 1 1691699438.15
22 1 1691699438.7
23 1 1691699439.25
24 1 1691699439.78
25 1 1691699440.31
26 1 1691699440.85
27 1 1691699441.43
28 1 1691699441.95
29 1 1691699442.52
30 1 1691699443.09
31 1 1691699443.61
32 1 1691699444.17
33 1 1691699444.73
34 1 1691699445.29
35 1 1691699445.84
36 1 1691699446.36
37 1 1691699446.91
38 0 1691699448.32
38 1 1691699449.66
39 1 1691699449.96
40 1 1691699450.23
41 1 1691699450.53
42 1 1691699450.82
43 1 1691699451.11
44 1 1691699451.43
45 1 1691699451.76
46 1 1691699452.07
47 1 1691699452.45
48 0 1691699453.8
48 1 1691699454.6
49 1 1691699454.95
50 1 1691699455.24
51 1 1691699455.56
52 1 1691699455.86
53 1 1691699456.19
54 1 1691699456.48
55 1 1691699456.85
56 1 1691699457.36
57 1 1691699457.92
58 1 1691699458.46
59 1 1691699459.03
60 1 1691699459.54
61 1 1691699460.12
62 1 1691699460.63
63 1 1691699461.21
64 1 1691699461.76
65 1 1691699462.26
66 1 1691699462.84
67 1 1691699463.4
68 1 1691699463.96
69 1 1691699464.49
70 1 1691699465.03
71 1 1691699465.59
72 1 1691699466.13
73 1 1691699466.68
74 1 1691699467.24
75 1 1691699467.78
76 1 1691699468.33
77 1 1691699468.89
78 1 1691699469.43
79 1 1691699470.0
80 1 1691699470.52
81 1 1691699471.07
82 1 1691699471.62
83 1 1691699472.19
84 1 1691699472.69
85 1 1691699473.3
86 1 1691699473.84
87 1 1691699474.38
88 1 1691699474.95
89 1 1691699475.51
90 1 1691699476.03
91 1 1691699476.58
92 1 1691699477.11
93 1 1691699477.64
94 1 1691699478.22
95 1 1691699478.79
96 1 1691699479.33
97 1 1691699479.88
98 1 1691699480.41
99 1 1691699480.93
100 1 1691699481.52
101 1 1691699482.07
102 1 1691699482.6
103 1 1691699483.16
104 1 1691699483.72
105 1 1691699484.23
106 1 1691699484.78
107 1 1691699485.36
108 1 1691699485.93
109 1 1691699486.46
110 1 1691699487.01
111 1 1691699487.52
112 1 1691699488.1
113 1 1691699488.63
114 1 1691699489.19
115 1 1691699489.74
116 1 1691699490.3
117 1 1691699490.83
118 1 1691699491.39
119 1 1691699491.96
120 1 1691699492.48
121 1 1691699493.03
122 1 1691699493.57
123 1 1691699494.13
124 1 1691699494.69
125 1 1691699495.23
126 1 1691699495.79
127 1 1691699496.34
128 1 1691699496.87
129 1 1691699497.43
130 1 1691699497.99
131 1 1691699498.51
132 1 1691699499.07
133 1 1691699499.64
134 1 1691699500.18
135 1 1691699500.73
136 1 1691699501.3
137 1 1691699501.82
138 1 1691699502.37
139 1 1691699502.94
140 1 1691699503.5
141 1 1691699504.05
142 1 1691699504.59
143 1 1691699505.16
144 1 1691699505.66
145 1 1691699506.24
146 0 1691699507.6
146 1 1691699508.44
147 1 1691699508.73
148 1 1691699509.03
149 1 1691699509.34
150 1 1691699509.62
151 1 1691699509.93
152 1 1691699510.22
153 1 1691699510.62
154 1 1691699511.16
155 1 1691699511.73
156 1 1691699512.25
157 1 1691699512.82
158 1 1691699513.35
159 1 1691699513.94
160 1 1691699514.46
161 1 1691699515.03
162 1 1691699515.58
163 1 1691699516.14
164 1 1691699516.66
165 1 1691699517.22
166 1 1691699517.74
167 1 1691699518.32
168 1 1691699518.86
169 1 1691699519.39
170 1 1691699519.95
171 1 1691699520.49
172 1 1691699521.07
173 1 1691699521.61
174 1 1691699522.18
175 1 1691699522.7
176 1 1691699523.26
177 1 1691699523.83
178 1 1691699524.36
179 1 1691699524.93
180 0 1691699526.3
180 1 1691699527.1
181 1 1691699527.39
182 1 1691699527.67
183 1 1691699528.0
184 1 1691699528.29
185 1 1691699528.61
186 1 1691699528.89
187 1 1691699529.32
188 1 1691699529.85
189 1 1691699530.4
190 1 1691699530.96
191 1 1691699531.51
192 1 1691699532.08
193 1 1691699532.59
194 1 1691699533.15
195 1 1691699533.67
196 1 1691699534.25
197 1 1691699534.86
198 1 1691699535.35
199 1 1691699535.91
200 1 1691699536.47
201 1 1691699537.01
202 1 1691699537.57
203 1 1691699538.1
204 1 1691699538.65
205 1 1691699539.19
206 1 1691699539.75
207 1 1691699540.3
208 1 1691699540.83
209 1 1691699541.38
210 1 1691699541.96
211 1 1691699542.5
212 1 1691699543.03
213 1 1691699543.6
214 1 1691699544.16
215 1 1691699544.71
216 1 1691699545.23
217 1 1691699545.8
218 1 1691699546.45
