0 0 1691695399.17
0 1 1691695400.59
1 1 1691695400.85
2 1 1691695401.19
3 1 1691695401.45
4 1 1691695401.77
5 1 1691695402.1
6 1 1691695402.41
7 1 1691695402.76
8 1 1691695403.07
9 0 1691695404.23
9 0 1691695406.35
9 0 1691695407.96
9 1 1691695408.76
10 1 1691695409.06
11 0 1691695410.14
11 1 1691695410.96
12 1 1691695411.24
13 1 1691695411.54
14 1 1691695411.84
15 1 1691695412.16
16 1 1691695412.6
17 0 1691695413.72
17 1 1691695415.03
18 1 1691695415.33
19 1 1691695415.6
20 1 1691695415.91
21 1 1691695416.19
22 1 1691695416.51
23 1 1691695416.8
24 1 1691695417.1
25 1 1691695417.37
26 1 1691695417.68
27 1 1691695418.02
28 1 1691695418.37
29 1 1691695418.83
30 1 1691695419.33
31 1 1691695419.71
32 1 1691695420.09
33 1 1691695420.48
34 1 1691695420.87
35 1 1691695421.24
36 1 1691695421.61
37 1 1691695421.97
38 1 1691695422.32
39 1 1691695422.68
40 1 1691695423.08
41 0 1691695424.18
41 0 1691695425.77
41 1 1691695427.07
42 0 1691695428.19
42 0 1691695430.29
42 1 1691695431.62
43 1 1691695431.91
44 1 1691695432.2
45 0 1691695433.34
45 1 1691695434.69
46 1 1691695434.98
47 1 1691695435.31
48 1 1691695435.64
49 1 1691695435.96
50 1 1691695436.32
51 0 1691695437.43
51 0 1691695439.53
51 0 1691695441.15
51 0 1691695442.77
51 1 1691695443.55
52 1 1691695443.87
53 1 1691695444.17
54 1 1691695444.48
55 1 1691695444.78
56 1 1691695445.06
57 1 1691695445.33
58 0 1691695446.43
58 1 1691695447.88
59 0 1691695449.03
59 1 1691695450.01
60 0 1691695451.12
60 0 1691695453.25
60 1 1691695454.05
61 1 1691695454.37
62 1 1691695454.65
63 1 1691695454.94
64 1 1691695455.24
65 1 1691695455.62
66 0 1691695456.73
66 0 1691695458.34
66 1 1691695459.38
67 1 1691695459.66
68 1 1691695459.95
69 1 1691695460.25
70 1 1691695460.69
71 0 1691695461.78
71 1 1691695463.09
72 1 1691695463.38
73 1 1691695463.78
74 0 1691695464.88
74 1 1691695465.66
75 1 1691695465.99
76 1 1691695466.28
77 1 1691695466.6
78 1 1691695466.91
79 1 1691695467.21
80 1 1691695467.53
81 1 1691695467.82
82 1 1691695468.17
83 1 1691695468.55
84 1 1691695469.0
85 1 1691695469.52
86 1 1691695470.09
87 1 1691695470.66
88 0 1691695471.85
88 1 1691695472.73
89 0 1691695473.84
89 1 1691695474.85
90 1 1691695475.36
91 1 1691695475.89
92 1 1691695476.44
93 1 1691695476.85
94 1 1691695477.19
95 1 1691695477.53
96 0 1691695478.62
96 1 1691695479.41
97 1 1691695479.72
98 1 1691695480.02
99 1 1691695480.36
100 0 1691695481.45
100 1 1691695482.28
101 1 1691695482.56
102 1 1691695482.91
103 1 1691695483.21
104 1 1691695483.53
105 1 1691695483.82
106 1 1691695484.14
107 1 1691695484.49
108 1 1691695484.79
109 1 1691695485.13
110 1 1691695485.41
111 0 1691695486.52
111 1 1691695487.87
112 1 1691695488.16
113 1 1691695488.47
114 1 1691695488.88
115 0 1691695489.99
115 1 1691695491.31
116 1 1691695491.62
117 1 1691695491.93
118 1 1691695492.23
119 1 1691695492.53
120 1 1691695492.85
121 1 1691695493.15
122 1 1691695493.49
123 1 1691695493.9
124 0 1691695495.02
124 0 1691695496.64
124 1 1691695497.63
125 0 1691695498.76
125 1 1691695500.1
126 1 1691695500.4
127 1 1691695500.75
128 0 1691695501.85
128 0 1691695503.98
128 0 1691695505.6
128 1 1691695506.9
129 1 1691695507.2
130 0 1691695508.31
130 0 1691695510.44
130 1 1691695511.7
131 1 1691695512.01
132 1 1691695512.29
133 1 1691695512.6
134 1 1691695512.87
135 1 1691695513.19
136 1 1691695513.47
137 1 1691695513.89
138 1 1691695514.39
139 1 1691695515.03
140 1 1691695515.44
