0 1 1691690428.07
1 1 1691690428.36
2 1 1691690428.69
3 0 1691690429.78
3 1 1691690431.09
4 1 1691690431.39
5 1 1691690431.68
6 1 1691690432.08
7 1 1691690432.47
8 1 1691690432.8
9 1 1691690433.12
10 0 1691690434.22
10 1 1691690435.67
11 0 1691690436.79
11 1 1691690437.58
12 1 1691690437.9
13 1 1691690438.21
14 1 1691690438.52
15 1 1691690438.81
16 1 1691690439.16
17 1 1691690439.43
18 1 1691690439.75
19 1 1691690440.08
20 1 1691690440.41
21 1 1691690440.72
22 1 1691690441.04
23 1 1691690441.35
24 1 1691690441.71
25 1 1691690442.03
26 1 1691690442.37
27 1 1691690442.72
28 1 1691690443.09
29 0 1691690444.18
29 1 1691690445.02
30 1 1691690445.29
31 1 1691690445.62
32 1 1691690445.94
33 1 1691690446.22
34 1 1691690446.52
35 1 1691690446.83
36 1 1691690447.27
37 0 1691690448.36
37 1 1691690449.13
38 1 1691690449.46
39 1 1691690449.76
40 1 1691690450.06
41 1 1691690450.34
42 1 1691690450.65
43 1 1691690450.95
44 1 1691690451.3
45 1 1691690451.64
46 1 1691690451.99
47 1 1691690452.32
48 1 1691690452.69
49 1 1691690453.03
50 1 1691690453.52
51 0 1691690454.87
51 1 1691690455.75
52 1 1691690456.07
53 1 1691690456.36
54 1 1691690456.67
55 0 1691690457.81
55 1 1691690458.61
56 1 1691690458.92
57 1 1691690459.21
58 1 1691690459.53
59 1 1691690459.85
60 1 1691690460.16
61 1 1691690460.48
62 1 1691690460.78
63 1 1691690461.1
64 1 1691690461.48
65 1 1691690461.92
66 1 1691690462.37
67 1 1691690462.85
68 1 1691690463.4
69 0 1691690464.79
69 1 1691690465.6
70 1 1691690465.92
71 1 1691690466.22
72 1 1691690466.53
73 1 1691690466.82
74 1 1691690467.12
75 1 1691690467.43
76 1 1691690467.81
77 0 1691690469.17
77 1 1691690469.99
78 1 1691690470.36
79 1 1691690470.64
80 1 1691690470.94
81 0 1691690472.06
81 1 1691690472.86
82 1 1691690473.15
83 1 1691690473.47
84 1 1691690473.78
85 1 1691690474.14
86 1 1691690474.46
87 1 1691690474.8
88 1 1691690475.1
89 1 1691690475.43
90 1 1691690475.75
91 1 1691690476.05
92 1 1691690476.59
93 0 1691690477.96
93 1 1691690478.79
94 1 1691690479.09
95 1 1691690479.38
96 0 1691690480.49
96 1 1691690481.29
97 1 1691690481.58
98 1 1691690481.88
99 1 1691690482.18
100 1 1691690482.5
101 1 1691690482.83
102 1 1691690483.18
103 1 1691690483.5
104 1 1691690483.81
105 1 1691690484.13
106 0 1691690485.23
106 1 1691690486.49
107 1 1691690486.8
108 1 1691690487.1
109 1 1691690487.4
110 0 1691690488.54
110 1 1691690489.84
111 1 1691690490.14
112 1 1691690490.44
113 1 1691690490.76
114 1 1691690491.06
115 1 1691690491.41
116 1 1691690491.73
117 1 1691690492.03
118 1 1691690492.36
119 1 1691690492.65
120 1 1691690492.99
121 1 1691690493.34
122 1 1691690493.65
123 1 1691690494.0
124 1 1691690494.37
125 1 1691690494.78
126 1 1691690495.29
127 1 1691690495.79
128 1 1691690496.35
129 1 1691690496.9
130 1 1691690497.43
131 0 1691690498.83
131 1 1691690499.61
132 1 1691690499.85
133 1 1691690500.2
134 1 1691690500.52
135 1 1691690500.82
136 1 1691690501.13
137 1 1691690501.44
138 1 1691690501.85
139 1 1691690502.39
140 1 1691690502.94
141 1 1691690503.47
142 1 1691690504.04
143 1 1691690504.6
144 1 1691690505.11
145 1 1691690505.71
146 1 1691690506.23
147 1 1691690506.79
148 1 1691690507.32
149 1 1691690507.89
150 1 1691690508.45
151 1 1691690508.96
152 0 1691690510.35
152 1 1691690511.69
153 1 1691690512.0
154 1 1691690512.3
155 1 1691690512.63
156 1 1691690512.95
157 1 1691690513.27
158 1 1691690513.56
159 1 1691690513.86
160 1 1691690514.19
161 1 1691690514.5
162 1 1691690515.01
163 1 1691690515.58
164 1 1691690516.14
165 1 1691690516.71
166 1 1691690517.24
167 1 1691690517.76
168 1 1691690518.33
169 1 1691690518.86
170 1 1691690519.45
171 1 1691690519.98
172 1 1691690520.51
173 1 1691690521.06
174 1 1691690521.65
175 1 1691690522.19
176 0 1691690523.56
176 1 1691690524.85
177 1 1691690525.09
178 1 1691690525.4
179 1 1691690525.67
180 1 1691690525.98
181 1 1691690526.31
182 1 1691690526.6
183 1 1691690526.93
184 1 1691690527.25
185 1 1691690527.7
186 0 1691690529.03
186 0 1691690531.16
186 1 1691690532.46
187 1 1691690532.76
188 1 1691690533.07
189 1 1691690533.37
190 1 1691690533.69
191 1 1691690534.02
192 1 1691690534.33
193 1 1691690534.7
194 1 1691690535.01
195 1 1691690535.31
196 1 1691690535.58
197 1 1691690535.9
198 1 1691690536.24
199 1 1691690536.57
200 1 1691690536.92
201 1 1691690537.22
202 1 1691690537.59
203 1 1691690537.96
204 1 1691690538.28
205 1 1691690538.69
206 1 1691690539.23
207 1 1691690539.76
208 1 1691690540.33
209 1 1691690540.84
210 1 1691690541.43
211 1 1691690541.96
212 1 1691690542.52
213 1 1691690543.02
214 1 1691690543.69
