0 1 1691689248.33
1 1 1691689248.63
2 1 1691689248.96
3 1 1691689249.27
4 1 1691689249.59
5 1 1691689249.92
6 1 1691689250.22
7 1 1691689250.54
8 1 1691689250.83
9 1 1691689251.2
10 1 1691689251.76
11 1 1691689252.29
12 1 1691689252.83
13 1 1691689253.4
14 1 1691689253.93
15 1 1691689254.49
16 1 1691689255.02
17 1 1691689255.59
18 1 1691689256.15
19 1 1691689256.67
20 1 1691689257.23
21 1 1691689257.79
22 1 1691689258.33
23 1 1691689258.88
24 0 1691689260.26
24 1 1691689261.07
25 1 1691689261.35
26 1 1691689261.67
27 1 1691689261.94
28 1 1691689262.24
29 1 1691689262.55
30 1 1691689262.83
31 1 1691689263.25
32 1 1691689263.85
33 1 1691689264.36
34 1 1691689264.94
35 1 1691689265.46
36 1 1691689265.99
37 1 1691689266.55
38 1 1691689267.11
39 1 1691689267.66
40 1 1691689268.24
41 1 1691689268.79
42 1 1691689269.34
43 1 1691689269.87
44 1 1691689270.42
45 1 1691689270.96
46 1 1691689271.53
47 1 1691689272.05
48 1 1691689272.6
49 1 1691689273.16
50 1 1691689273.69
51 1 1691689274.25
52 1 1691689274.82
53 1 1691689275.37
54 1 1691689275.9
55 1 1691689276.46
56 0 1691689277.84
56 1 1691689279.13
57 1 1691689279.41
58 1 1691689279.69
59 1 1691689279.98
60 0 1691689281.14
60 1 1691689282.43
61 1 1691689282.78
62 1 1691689283.08
63 1 1691689283.39
64 1 1691689283.68
65 1 1691689283.99
66 1 1691689284.29
67 1 1691689284.63
68 0 1691689285.75
68 1 1691689287.04
69 1 1691689287.33
70 1 1691689287.64
71 1 1691689287.96
72 1 1691689288.29
73 1 1691689288.6
74 1 1691689288.93
75 1 1691689289.24
76 1 1691689289.58
77 1 1691689289.91
78 1 1691689290.23
79 1 1691689290.6
80 1 1691689290.93
81 1 1691689291.29
82 1 1691689291.64
83 1 1691689291.96
84 1 1691689292.43
85 1 1691689292.92
86 1 1691689293.46
87 1 1691689294.0
88 1 1691689294.57
89 1 1691689295.15
90 1 1691689295.71
91 0 1691689297.04
91 1 1691689298.37
92 1 1691689298.64
93 1 1691689298.98
94 1 1691689299.3
95 1 1691689299.6
96 1 1691689299.95
97 1 1691689300.23
98 1 1691689300.56
99 1 1691689300.93
100 1 1691689301.25
101 1 1691689301.72
102 1 1691689302.27
103 1 1691689302.82
104 1 1691689303.35
105 1 1691689303.91
106 1 1691689304.45
107 1 1691689305.02
108 1 1691689305.55
109 1 1691689306.14
110 1 1691689306.67
111 1 1691689307.2
112 1 1691689307.75
113 1 1691689308.32
114 1 1691689308.86
115 1 1691689309.42
116 1 1691689309.96
117 1 1691689310.49
118 1 1691689311.06
119 1 1691689311.61
120 1 1691689312.13
121 0 1691689313.53
121 1 1691689314.35
122 1 1691689314.66
123 1 1691689314.97
124 1 1691689315.28
125 0 1691689316.42
125 1 1691689317.7
126 1 1691689318.02
127 1 1691689318.3
128 1 1691689318.67
129 1 1691689319.08
130 1 1691689319.44
131 1 1691689319.81
132 1 1691689320.2
133 1 1691689320.52
134 1 1691689320.87
135 1 1691689321.29
136 1 1691689321.67
137 1 1691689322.05
138 1 1691689322.43
139 1 1691689322.79
140 1 1691689323.23
141 1 1691689323.75
142 1 1691689324.23
143 0 1691689325.63
143 1 1691689326.46
144 1 1691689326.76
145 1 1691689327.07
146 1 1691689327.39
147 1 1691689327.68
148 1 1691689328.01
149 1 1691689328.27
150 1 1691689328.65
151 1 1691689329.17
152 1 1691689329.71
153 1 1691689330.24
154 1 1691689330.81
155 1 1691689331.37
156 0 1691689332.76
156 1 1691689334.07
157 1 1691689334.34
158 1 1691689334.66
159 1 1691689334.96
160 1 1691689335.28
161 1 1691689335.59
162 1 1691689335.88
163 0 1691689336.99
163 1 1691689337.82
164 1 1691689338.11
165 1 1691689338.4
166 1 1691689338.68
167 1 1691689339.0
168 1 1691689339.35
169 1 1691689339.66
170 1 1691689339.98
171 1 1691689340.26
172 1 1691689340.71
173 1 1691689341.25
174 1 1691689341.82
175 1 1691689342.36
176 1 1691689342.93
177 1 1691689343.46
178 1 1691689344.03
179 1 1691689344.58
180 1 1691689345.14
181 1 1691689345.66
182 1 1691689346.22
183 1 1691689346.77
184 1 1691689347.32
185 1 1691689347.88
186 1 1691689348.43
187 1 1691689348.95
188 1 1691689349.51
189 1 1691689350.1
190 1 1691689350.61
191 1 1691689351.18
192 1 1691689351.73
193 1 1691689352.27
194 1 1691689352.81
195 1 1691689353.35
196 1 1691689353.9
197 1 1691689354.45
198 1 1691689354.97
199 1 1691689355.54
200 1 1691689356.1
201 1 1691689356.63
202 1 1691689357.19
203 1 1691689357.72
204 1 1691689358.28
205 1 1691689358.83
206 1 1691689359.41
207 1 1691689359.94
208 1 1691689360.5
209 1 1691689361.04
210 1 1691689361.59
211 1 1691689362.14
212 1 1691689362.68
213 0 1691689364.08
