0 1 1691694676.02
1 1 1691694676.32
2 1 1691694676.66
3 1 1691694677.08
4 1 1691694677.55
5 1 1691694678.02
6 1 1691694678.41
7 1 1691694678.78
8 1 1691694679.13
9 1 1691694679.53
10 1 1691694679.92
11 1 1691694680.33
12 1 1691694680.69
13 0 1691694681.97
13 1 1691694682.78
14 0 1691694683.92
14 1 1691694685.26
15 1 1691694685.56
16 1 1691694685.88
17 1 1691694686.2
18 1 1691694686.55
19 1 1691694686.91
20 1 1691694687.37
21 0 1691694688.53
21 1 1691694689.34
22 1 1691694689.67
23 1 1691694689.98
24 1 1691694690.29
25 1 1691694690.59
26 0 1691694691.68
26 1 1691694692.51
27 1 1691694692.81
28 1 1691694693.11
29 1 1691694693.42
30 1 1691694693.79
31 1 1691694694.13
32 1 1691694694.41
33 1 1691694694.77
34 1 1691694695.14
35 1 1691694695.47
36 1 1691694695.8
37 0 1691694696.91
37 1 1691694698.22
38 1 1691694698.53
39 1 1691694698.81
40 1 1691694699.15
41 1 1691694699.44
42 1 1691694699.77
43 1 1691694700.11
44 1 1691694700.46
45 1 1691694700.8
46 1 1691694701.23
47 1 1691694701.75
48 0 1691694702.85
48 1 1691694704.22
49 1 1691694704.54
50 1 1691694704.84
51 0 1691694705.94
51 1 1691694707.27
52 1 1691694707.55
53 1 1691694707.87
54 1 1691694708.3
55 0 1691694709.42
55 1 1691694710.71
56 0 1691694711.85
56 1 1691694712.65
57 1 1691694713.0
58 1 1691694713.34
59 1 1691694713.66
60 0 1691694714.77
60 0 1691694716.41
60 1 1691694717.91
61 1 1691694718.21
62 1 1691694718.49
63 1 1691694718.81
64 1 1691694719.13
65 1 1691694719.45
66 1 1691694719.75
67 1 1691694720.04
68 1 1691694720.42
69 1 1691694720.72
70 1 1691694721.08
71 1 1691694721.4
72 1 1691694721.73
73 1 1691694722.08
74 1 1691694722.42
75 1 1691694722.74
76 0 1691694723.84
76 1 1691694724.61
77 1 1691694724.93
78 1 1691694725.23
79 1 1691694725.56
80 1 1691694725.89
81 1 1691694726.2
82 1 1691694726.53
83 1 1691694726.83
84 0 1691694727.95
84 1 1691694728.77
85 1 1691694729.13
86 0 1691694730.28
86 0 1691694731.94
86 1 1691694732.73
87 1 1691694733.06
88 1 1691694733.35
89 1 1691694733.68
90 1 1691694733.98
91 1 1691694734.28
92 1 1691694734.6
93 1 1691694734.95
94 0 1691694736.05
94 1 1691694737.4
95 1 1691694737.7
96 0 1691694738.79
96 0 1691694740.43
96 0 1691694742.03
96 1 1691694743.36
97 1 1691694743.66
98 1 1691694743.94
99 1 1691694744.26
100 1 1691694744.57
101 1 1691694744.9
102 1 1691694745.24
103 1 1691694745.57
104 1 1691694745.9
105 0 1691694747.0
105 1 1691694747.85
106 1 1691694748.21
107 0 1691694749.33
107 0 1691694751.43
107 0 1691694753.55
107 1 1691694754.37
108 1 1691694754.66
109 1 1691694754.99
110 1 1691694755.29
111 1 1691694755.61
112 1 1691694755.93
113 1 1691694756.25
114 1 1691694756.56
115 1 1691694756.85
116 1 1691694757.13
117 1 1691694757.46
118 1 1691694757.79
119 0 1691694758.91
119 1 1691694760.23
120 1 1691694760.57
121 1 1691694760.86
122 1 1691694761.2
123 1 1691694761.5
124 1 1691694761.82
125 1 1691694762.18
126 1 1691694762.5
127 1 1691694762.83
128 0 1691694763.95
128 1 1691694765.23
129 1 1691694765.53
130 1 1691694765.82
131 1 1691694766.14
132 1 1691694766.44
133 1 1691694766.78
134 1 1691694767.14
135 1 1691694767.46
136 1 1691694767.8
137 1 1691694768.13
138 1 1691694768.49
139 1 1691694768.87
140 1 1691694769.21
141 1 1691694769.63
142 1 1691694770.01
143 1 1691694770.41
144 1 1691694770.76
145 0 1691694771.88
145 1 1691694773.21
146 1 1691694773.49
147 1 1691694773.8
148 1 1691694774.12
149 1 1691694774.41
150 1 1691694774.71
151 1 1691694775.02
152 1 1691694775.49
153 0 1691694776.58
153 1 1691694777.44
154 1 1691694777.74
155 0 1691694778.85
155 1 1691694779.88
156 0 1691694780.98
156 1 1691694781.78
157 1 1691694782.07
158 1 1691694782.36
159 1 1691694782.67
160 1 1691694783.01
161 1 1691694783.33
162 1 1691694783.68
163 1 1691694783.97
164 1 1691694784.29
165 1 1691694784.65
166 1 1691694784.96
167 1 1691694785.29
168 1 1691694785.63
169 1 1691694785.95
170 1 1691694786.31
171 1 1691694786.64
172 1 1691694786.98
173 1 1691694787.34
174 1 1691694787.72
175 1 1691694788.07
176 1 1691694788.42
177 1 1691694788.78
178 1 1691694789.17
179 1 1691694789.55
180 1 1691694789.94
181 1 1691694790.3
182 1 1691694790.71
183 1 1691694791.06
184 1 1691694791.47
185 1 1691694791.84
186 1 1691694792.2
187 0 1691694793.38
