0 0 1691692185.01
0 1 1691692185.81
1 1 1691692186.1
2 0 1691692187.23
2 1 1691692188.05
3 1 1691692188.33
4 1 1691692188.68
5 1 1691692189.02
6 1 1691692189.48
7 0 1691692190.62
7 1 1691692191.5
8 1 1691692191.85
9 0 1691692192.96
9 1 1691692193.75
10 0 1691692194.9
10 1 1691692196.24
11 1 1691692196.5
12 1 1691692196.8
13 1 1691692197.11
14 1 1691692197.4
15 0 1691692198.48
15 1 1691692199.44
16 1 1691692199.74
17 1 1691692200.09
18 0 1691692201.22
18 1 1691692202.5
19 0 1691692203.62
19 1 1691692204.93
20 1 1691692205.21
21 1 1691692205.53
22 1 1691692205.83
23 1 1691692206.16
24 1 1691692206.53
25 1 1691692206.86
26 0 1691692207.98
26 1 1691692208.96
27 1 1691692209.32
28 1 1691692209.62
29 1 1691692209.96
30 1 1691692210.25
31 1 1691692210.59
32 1 1691692210.91
33 0 1691692212.02
33 1 1691692213.37
34 1 1691692213.7
35 1 1691692213.98
36 1 1691692214.3
37 1 1691692214.6
38 1 1691692214.89
39 1 1691692215.21
40 1 1691692215.56
41 1 1691692215.91
42 0 1691692217.0
42 0 1691692219.14
42 0 1691692220.78
42 1 1691692222.09
43 1 1691692222.37
44 1 1691692222.71
45 1 1691692223.02
46 1 1691692223.33
47 1 1691692223.68
48 1 1691692224.01
49 1 1691692224.37
50 1 1691692224.73
51 0 1691692225.85
51 1 1691692226.67
52 1 1691692226.99
53 0 1691692228.08
53 0 1691692229.69
53 0 1691692231.8
53 1 1691692232.61
54 1 1691692232.93
55 1 1691692233.21
56 1 1691692233.51
57 1 1691692233.8
58 1 1691692234.12
59 0 1691692235.24
59 1 1691692236.53
60 1 1691692236.82
61 1 1691692237.15
62 1 1691692237.47
63 1 1691692237.77
64 1 1691692238.08
65 1 1691692238.43
66 1 1691692238.75
67 1 1691692239.12
68 1 1691692239.47
69 1 1691692239.8
70 1 1691692240.15
71 1 1691692240.47
72 1 1691692240.85
73 1 1691692241.23
74 0 1691692242.34
74 1 1691692243.19
75 0 1691692244.3
75 1 1691692245.6
76 0 1691692246.73
76 1 1691692248.0
77 1 1691692248.32
78 1 1691692248.61
79 1 1691692248.92
80 1 1691692249.24
81 1 1691692249.57
82 0 1691692250.69
82 1 1691692251.98
83 0 1691692253.13
83 1 1691692254.47
84 0 1691692255.57
84 1 1691692256.36
85 1 1691692256.67
86 1 1691692256.96
87 1 1691692257.28
88 1 1691692257.63
89 0 1691692258.73
89 1 1691692260.04
90 1 1691692260.37
91 1 1691692260.72
92 1 1691692261.04
93 1 1691692261.37
94 0 1691692262.5
94 1 1691692263.84
95 1 1691692264.13
96 1 1691692264.49
97 1 1691692264.8
98 1 1691692265.13
99 0 1691692266.24
99 1 1691692267.05
100 1 1691692267.35
101 1 1691692267.66
102 1 1691692267.97
103 0 1691692269.13
103 1 1691692270.43
104 1 1691692270.74
105 0 1691692271.89
105 0 1691692273.54
105 1 1691692274.39
106 1 1691692274.7
107 1 1691692275.02
108 1 1691692275.32
109 1 1691692275.64
110 1 1691692275.96
111 0 1691692277.09
111 1 1691692277.92
112 1 1691692278.24
113 1 1691692278.55
114 1 1691692278.84
115 1 1691692279.18
116 1 1691692279.49
117 1 1691692279.84
118 0 1691692280.95
118 1 1691692282.46
119 0 1691692283.58
119 1 1691692284.41
120 1 1691692284.72
121 1 1691692285.0
122 1 1691692285.32
123 1 1691692285.65
124 1 1691692285.97
125 0 1691692287.07
125 1 1691692287.91
126 1 1691692288.29
127 0 1691692289.42
127 1 1691692290.27
128 1 1691692290.62
129 1 1691692290.93
130 1 1691692291.26
131 1 1691692291.57
132 1 1691692291.89
133 1 1691692292.24
134 1 1691692292.56
135 1 1691692292.89
136 1 1691692293.21
137 1 1691692293.56
138 1 1691692293.95
139 1 1691692294.31
140 1 1691692294.67
141 1 1691692295.03
142 1 1691692295.35
143 1 1691692295.72
144 1 1691692296.1
145 1 1691692296.46
146 1 1691692296.89
147 1 1691692297.28
148 1 1691692297.63
149 0 1691692298.78
149 0 1691692300.98
