0 1 1691688556.75
1 1 1691688557.05
2 1 1691688557.35
3 1 1691688557.63
4 1 1691688557.97
5 1 1691688558.26
6 1 1691688558.61
7 1 1691688558.94
8 1 1691688559.25
9 1 1691688559.69
10 0 1691688561.08
10 1 1691688561.89
11 1 1691688562.22
12 1 1691688562.52
13 1 1691688562.84
14 1 1691688563.13
15 1 1691688563.47
16 0 1691688564.58
16 1 1691688565.38
17 1 1691688565.71
18 1 1691688566.01
19 1 1691688566.33
20 1 1691688566.65
21 1 1691688566.95
22 1 1691688567.27
23 0 1691688568.37
23 1 1691688569.65
24 1 1691688569.99
25 1 1691688570.26
26 1 1691688570.59
27 1 1691688570.88
28 1 1691688571.21
29 1 1691688571.55
30 1 1691688571.82
31 1 1691688572.14
32 1 1691688572.43
33 1 1691688572.89
34 1 1691688573.41
35 1 1691688573.95
36 1 1691688574.52
37 1 1691688575.07
38 1 1691688575.64
39 1 1691688576.14
40 1 1691688576.7
41 1 1691688577.27
42 1 1691688577.81
43 1 1691688578.36
44 1 1691688578.9
45 1 1691688579.47
46 1 1691688579.98
47 1 1691688580.55
48 1 1691688581.08
49 1 1691688581.64
50 1 1691688582.19
51 1 1691688582.75
52 1 1691688583.3
53 1 1691688583.84
54 1 1691688584.4
55 1 1691688584.94
56 1 1691688585.51
57 1 1691688586.05
58 1 1691688586.59
59 1 1691688587.14
60 1 1691688587.66
61 1 1691688588.24
62 1 1691688588.78
63 1 1691688589.37
64 1 1691688589.86
65 1 1691688590.45
66 1 1691688591.02
67 1 1691688591.53
68 1 1691688592.08
69 1 1691688592.63
70 1 1691688593.2
71 1 1691688593.75
72 1 1691688594.28
73 1 1691688594.96
74 1 1691688595.37
75 1 1691688595.91
76 1 1691688596.47
77 1 1691688597.03
78 1 1691688597.6
79 1 1691688598.11
80 0 1691688599.51
80 1 1691688600.31
81 1 1691688600.63
82 1 1691688600.94
83 1 1691688601.27
84 1 1691688601.59
85 1 1691688601.93
86 1 1691688602.25
87 1 1691688602.58
88 1 1691688603.04
89 1 1691688603.64
90 1 1691688604.16
91 0 1691688605.56
91 1 1691688606.38
92 1 1691688606.68
93 1 1691688606.99
94 1 1691688607.31
95 1 1691688607.6
96 1 1691688607.92
97 1 1691688608.23
98 1 1691688608.59
99 1 1691688609.14
100 1 1691688609.67
101 1 1691688610.22
102 1 1691688610.77
103 1 1691688611.34
104 1 1691688611.89
105 1 1691688612.4
106 1 1691688612.98
107 1 1691688613.53
108 1 1691688614.07
109 1 1691688614.6
110 1 1691688615.17
111 1 1691688615.7
112 1 1691688616.27
113 1 1691688616.81
114 1 1691688617.38
115 1 1691688617.94
116 1 1691688618.48
117 1 1691688619.02
118 1 1691688619.54
119 1 1691688620.11
120 1 1691688620.67
121 1 1691688621.21
122 1 1691688621.77
123 1 1691688622.33
124 1 1691688622.85
125 1 1691688623.4
126 1 1691688624.0
127 0 1691688625.33
127 1 1691688626.63
128 1 1691688626.96
129 1 1691688627.27
130 1 1691688627.58
131 1 1691688627.89
132 1 1691688628.19
133 1 1691688628.49
134 1 1691688628.83
135 1 1691688629.17
136 1 1691688629.52
137 1 1691688630.04
138 1 1691688630.55
139 1 1691688631.09
140 1 1691688631.62
141 1 1691688632.21
142 1 1691688632.73
143 1 1691688633.27
144 1 1691688633.83
145 1 1691688634.37
146 1 1691688634.95
147 1 1691688635.49
148 1 1691688636.0
149 1 1691688636.59
150 1 1691688637.13
151 1 1691688637.66
152 1 1691688638.22
153 1 1691688638.76
154 1 1691688639.31
155 1 1691688639.88
156 1 1691688640.44
157 0 1691688641.81
157 1 1691688643.13
158 1 1691688643.4
159 1 1691688643.73
160 1 1691688644.07
161 1 1691688644.35
162 1 1691688644.68
163 1 1691688644.95
164 1 1691688645.27
165 1 1691688645.56
166 1 1691688645.94
167 1 1691688646.46
168 1 1691688647.03
169 1 1691688647.56
170 1 1691688648.1
171 1 1691688648.66
172 1 1691688649.2
173 1 1691688649.76
174 1 1691688650.3
175 1 1691688650.85
176 1 1691688651.42
177 1 1691688651.97
178 1 1691688652.5
179 1 1691688653.04
180 1 1691688653.61
181 1 1691688654.16
182 1 1691688654.68
183 1 1691688655.23
184 1 1691688655.79
185 1 1691688656.36
186 1 1691688656.93
187 1 1691688657.47
188 1 1691688657.98
189 1 1691688658.52
190 1 1691688659.09
191 1 1691688659.62
192 1 1691688660.19
193 1 1691688660.76
194 1 1691688661.27
195 1 1691688661.82
196 1 1691688662.4
197 1 1691688662.94
198 1 1691688663.46
199 1 1691688664.03
200 1 1691688664.56
201 1 1691688665.11
202 1 1691688665.67
203 1 1691688666.25
204 1 1691688666.79
205 1 1691688667.31
206 1 1691688667.87
207 0 1691688669.25
207 1 1691688670.57
208 1 1691688670.88
209 1 1691688671.17
210 1 1691688671.47
211 1 1691688671.77
212 1 1691688672.08
213 1 1691688672.49
214 1 1691688672.9
