0 1 1691694242.68
1 1 1691694242.96
2 1 1691694243.27
3 0 1691694244.38
3 1 1691694245.17
4 1 1691694245.49
5 1 1691694245.78
6 1 1691694246.1
7 1 1691694246.43
8 1 1691694246.76
9 1 1691694247.09
10 0 1691694248.21
10 1 1691694248.99
11 1 1691694249.32
12 1 1691694249.62
13 1 1691694249.97
14 1 1691694250.31
15 1 1691694250.7
16 1 1691694251.24
17 0 1691694252.36
17 1 1691694253.18
18 1 1691694253.53
19 0 1691694254.65
19 1 1691694255.45
20 1 1691694255.77
21 1 1691694256.09
22 1 1691694256.38
23 1 1691694256.68
24 1 1691694257.0
25 1 1691694257.3
26 1 1691694257.8
27 0 1691694258.94
27 1 1691694260.26
28 1 1691694260.54
29 1 1691694260.87
30 1 1691694261.17
31 1 1691694261.52
32 1 1691694261.85
33 1 1691694262.17
34 0 1691694263.26
34 1 1691694264.07
35 1 1691694264.38
36 1 1691694264.7
37 1 1691694264.99
38 1 1691694265.31
39 1 1691694265.61
40 1 1691694265.91
41 1 1691694266.24
42 1 1691694266.59
43 1 1691694266.9
44 1 1691694267.22
45 1 1691694267.62
46 0 1691694268.72
46 0 1691694270.34
46 1 1691694271.17
47 0 1691694272.31
47 1 1691694273.59
48 1 1691694273.91
49 1 1691694274.21
50 1 1691694274.51
51 1 1691694274.81
52 1 1691694275.13
53 1 1691694275.43
54 1 1691694275.75
55 1 1691694276.07
56 1 1691694276.41
57 1 1691694276.77
58 1 1691694277.1
59 1 1691694277.5
60 0 1691694278.63
60 1 1691694279.95
61 1 1691694280.24
62 0 1691694281.33
62 0 1691694282.94
62 0 1691694285.07
62 1 1691694285.85
63 1 1691694286.13
64 1 1691694286.43
65 1 1691694286.79
66 1 1691694287.12
67 1 1691694287.46
68 1 1691694287.77
69 1 1691694288.08
70 1 1691694288.39
71 1 1691694288.75
72 1 1691694289.08
73 1 1691694289.42
74 0 1691694290.54
74 1 1691694291.84
75 1 1691694292.16
76 1 1691694292.44
77 1 1691694292.76
78 1 1691694293.1
79 1 1691694293.44
80 1 1691694293.89
81 1 1691694294.41
82 0 1691694295.52
82 0 1691694297.64
82 1 1691694298.44
83 1 1691694298.71
84 1 1691694299.03
85 1 1691694299.34
86 1 1691694299.68
87 1 1691694300.01
88 1 1691694300.36
89 1 1691694300.65
90 1 1691694300.99
91 1 1691694301.34
92 1 1691694301.74
93 0 1691694302.88
93 1 1691694304.19
94 1 1691694304.51
95 0 1691694305.64
95 1 1691694307.0
96 1 1691694307.34
97 0 1691694308.45
97 1 1691694309.3
98 1 1691694309.6
99 1 1691694309.88
100 1 1691694310.19
101 1 1691694310.5
102 1 1691694310.82
103 1 1691694311.12
104 1 1691694311.45
105 1 1691694311.78
106 0 1691694312.88
106 1 1691694314.22
107 1 1691694314.56
108 0 1691694315.66
108 1 1691694316.95
109 1 1691694317.28
110 1 1691694317.58
111 1 1691694317.9
112 1 1691694318.21
113 1 1691694318.56
114 1 1691694319.05
115 0 1691694320.18
115 1 1691694320.99
116 1 1691694321.34
117 1 1691694321.69
118 1 1691694321.98
119 1 1691694322.31
120 1 1691694322.62
121 1 1691694322.95
122 1 1691694323.3
123 1 1691694323.63
124 1 1691694323.97
125 1 1691694324.28
126 0 1691694325.49
126 1 1691694326.3
127 1 1691694326.6
128 1 1691694326.9
129 1 1691694327.23
130 1 1691694327.53
131 1 1691694327.86
132 1 1691694328.16
133 1 1691694328.49
134 1 1691694328.83
135 1 1691694329.15
136 0 1691694330.26
136 1 1691694331.58
137 1 1691694331.87
138 1 1691694332.2
139 1 1691694332.51
140 1 1691694332.82
141 1 1691694333.16
142 1 1691694333.53
143 1 1691694333.86
144 1 1691694334.2
145 1 1691694334.56
146 1 1691694334.97
147 1 1691694335.29
148 1 1691694335.67
149 1 1691694336.07
150 1 1691694336.46
151 1 1691694336.83
152 0 1691694337.96
152 1 1691694339.29
153 1 1691694339.58
154 1 1691694339.89
155 1 1691694340.19
156 1 1691694340.5
157 1 1691694340.84
158 1 1691694341.16
159 1 1691694341.51
160 0 1691694342.6
160 1 1691694343.94
161 0 1691694345.04
161 0 1691694347.16
161 1 1691694348.03
162 1 1691694348.34
163 1 1691694348.69
164 1 1691694349.01
165 1 1691694349.33
166 1 1691694349.69
167 1 1691694350.02
168 1 1691694350.36
169 1 1691694350.67
170 1 1691694351.04
171 1 1691694351.4
172 1 1691694351.72
173 1 1691694352.06
174 1 1691694352.42
175 1 1691694352.76
176 1 1691694353.14
177 1 1691694353.52
178 1 1691694353.87
179 1 1691694354.25
180 1 1691694354.65
181 1 1691694355.04
182 1 1691694355.39
183 1 1691694355.78
184 1 1691694356.16
185 1 1691694356.53
186 1 1691694356.91
187 1 1691694357.33
188 1 1691694357.73
189 1 1691694358.22
190 1 1691694358.63
