0 1 1691689851.01
1 1 1691689851.28
2 1 1691689851.59
3 0 1691689852.7
3 1 1691689853.5
4 1 1691689853.79
5 1 1691689854.06
6 1 1691689854.38
7 1 1691689854.67
8 0 1691689855.85
8 1 1691689857.15
9 1 1691689857.41
10 1 1691689857.71
11 1 1691689858.05
12 1 1691689858.38
13 1 1691689858.68
14 1 1691689858.95
15 0 1691689860.07
15 1 1691689861.4
16 1 1691689861.68
17 1 1691689862.0
18 1 1691689862.28
19 1 1691689862.58
20 1 1691689862.87
21 1 1691689863.18
22 1 1691689863.47
23 1 1691689863.77
24 1 1691689864.09
25 1 1691689864.4
26 1 1691689864.71
27 1 1691689864.98
28 1 1691689865.32
29 1 1691689865.6
30 1 1691689865.91
31 1 1691689866.19
32 1 1691689866.57
33 0 1691689867.93
33 1 1691689868.75
34 1 1691689869.07
35 1 1691689869.37
36 1 1691689869.7
37 1 1691689869.99
38 1 1691689870.31
39 1 1691689870.59
40 0 1691689871.79
40 1 1691689873.11
41 1 1691689873.45
42 1 1691689873.75
43 1 1691689874.05
44 1 1691689874.32
45 1 1691689874.61
46 1 1691689874.94
47 1 1691689875.25
48 1 1691689875.56
49 1 1691689875.91
50 1 1691689876.42
51 1 1691689876.97
52 1 1691689877.53
53 0 1691689878.93
53 1 1691689880.23
54 1 1691689880.54
55 1 1691689880.89
56 0 1691689882.0
56 1 1691689883.34
57 1 1691689883.64
58 1 1691689883.98
59 1 1691689884.27
60 1 1691689884.57
61 1 1691689884.84
62 1 1691689885.14
63 0 1691689886.27
63 1 1691689887.06
64 1 1691689887.38
65 1 1691689887.68
66 0 1691689888.8
66 1 1691689890.1
67 1 1691689890.38
68 1 1691689890.71
69 1 1691689891.01
70 1 1691689891.3
71 1 1691689891.63
72 1 1691689891.93
73 1 1691689892.25
74 1 1691689892.53
75 1 1691689892.84
76 1 1691689893.12
77 1 1691689893.44
78 1 1691689893.78
79 1 1691689894.09
80 1 1691689894.42
81 1 1691689894.74
82 1 1691689895.07
83 1 1691689895.42
84 1 1691689895.78
85 1 1691689896.13
86 1 1691689896.49
87 1 1691689896.81
88 0 1691689898.12
88 1 1691689899.46
89 1 1691689899.77
90 1 1691689900.07
91 1 1691689900.39
92 1 1691689900.67
93 1 1691689901.0
94 1 1691689901.28
95 1 1691689901.6
96 1 1691689901.89
97 1 1691689902.26
98 1 1691689902.9
99 1 1691689903.51
100 1 1691689903.89
101 1 1691689904.45
102 1 1691689905.01
103 1 1691689905.64
104 1 1691689906.11
105 1 1691689906.64
106 1 1691689907.2
107 1 1691689907.73
108 1 1691689908.32
109 1 1691689908.84
110 1 1691689909.38
111 1 1691689909.91
112 1 1691689910.48
113 1 1691689911.03
114 1 1691689911.58
115 1 1691689912.15
116 1 1691689912.67
117 1 1691689913.21
118 1 1691689913.8
119 1 1691689914.34
120 1 1691689914.88
121 1 1691689915.47
122 1 1691689915.98
123 1 1691689916.56
124 1 1691689917.09
125 1 1691689917.62
126 1 1691689918.15
127 1 1691689918.71
128 1 1691689919.28
129 1 1691689919.8
130 1 1691689920.35
131 1 1691689920.92
132 0 1691689922.29
132 1 1691689923.6
133 1 1691689923.94
134 1 1691689924.22
135 1 1691689924.52
136 0 1691689925.61
136 1 1691689926.4
137 1 1691689926.68
138 1 1691689926.98
139 1 1691689927.29
140 1 1691689927.58
141 1 1691689927.91
142 1 1691689928.21
143 1 1691689928.54
144 1 1691689928.82
145 1 1691689929.13
146 1 1691689929.44
147 1 1691689929.76
148 1 1691689930.23
149 1 1691689930.76
150 1 1691689931.33
151 1 1691689931.89
152 1 1691689932.44
153 1 1691689933.02
154 1 1691689933.55
155 1 1691689934.1
156 1 1691689934.64
157 1 1691689935.21
158 1 1691689935.76
159 1 1691689936.31
160 1 1691689936.86
161 0 1691689938.23
161 1 1691689939.52
162 1 1691689939.78
163 1 1691689940.07
164 1 1691689940.37
165 1 1691689940.73
166 1 1691689941.02
167 1 1691689941.34
168 1 1691689941.64
169 1 1691689941.95
170 1 1691689942.35
171 1 1691689942.92
172 1 1691689943.44
173 1 1691689944.0
174 1 1691689944.52
175 1 1691689945.09
176 1 1691689945.64
177 1 1691689946.18
178 1 1691689946.74
179 1 1691689947.28
180 1 1691689947.83
181 1 1691689948.4
182 1 1691689948.94
183 1 1691689949.49
184 1 1691689950.18
185 1 1691689950.8
186 1 1691689951.13
187 1 1691689951.67
188 1 1691689952.19
189 1 1691689952.78
190 1 1691689953.31
191 1 1691689953.85
192 1 1691689954.41
193 1 1691689954.97
194 0 1691689956.33
194 0 1691689958.47
194 1 1691689959.3
195 1 1691689959.56
196 1 1691689959.91
197 1 1691689960.22
198 1 1691689960.53
199 1 1691689960.87
200 1 1691689961.14
201 1 1691689961.44
202 1 1691689961.72
203 1 1691689962.02
204 1 1691689962.36
205 1 1691689962.66
206 1 1691689963.02
207 1 1691689963.35
208 1 1691689963.67
209 1 1691689963.95
210 1 1691689964.32
211 1 1691689964.84
212 1 1691689965.38
213 1 1691689965.94
214 1 1691689966.49
