0 1 1691170680.23
1 1 1691170680.53
2 1 1691170680.87
3 1 1691170681.19
4 1 1691170681.51
5 1 1691170681.79
6 1 1691170682.1
7 1 1691170682.41
8 1 1691170682.8
9 1 1691170683.33
10 1 1691170683.9
11 1 1691170684.43
12 1 1691170684.97
13 1 1691170685.51
14 1 1691170686.07
15 1 1691170686.63
16 1 1691170687.16
17 1 1691170687.76
18 1 1691170688.28
19 1 1691170688.83
20 1 1691170689.36
21 1 1691170689.92
22 1 1691170690.45
23 1 1691170691.03
24 1 1691170691.53
25 1 1691170692.12
26 1 1691170692.66
27 1 1691170693.2
28 1 1691170693.74
29 1 1691170694.3
30 1 1691170694.84
31 1 1691170695.39
32 1 1691170695.96
33 1 1691170696.48
34 1 1691170697.05
35 1 1691170697.61
36 1 1691170698.15
37 1 1691170698.7
38 1 1691170699.24
39 1 1691170699.84
40 1 1691170700.37
41 1 1691170700.89
42 1 1691170701.45
43 1 1691170702.02
44 1 1691170702.56
45 1 1691170703.1
46 1 1691170703.67
47 1 1691170704.21
48 1 1691170704.76
49 1 1691170705.31
50 1 1691170705.9
51 1 1691170706.41
52 1 1691170706.93
53 1 1691170707.51
54 1 1691170708.03
55 1 1691170708.6
56 1 1691170709.15
57 1 1691170709.72
58 1 1691170710.25
59 1 1691170710.79
60 1 1691170711.35
61 1 1691170711.9
62 1 1691170712.45
63 1 1691170713.01
64 1 1691170713.53
65 1 1691170714.1
66 1 1691170714.65
67 1 1691170715.18
68 1 1691170715.74
69 1 1691170716.3
70 1 1691170716.8
71 1 1691170717.38
72 1 1691170717.93
73 1 1691170718.49
74 1 1691170719.03
75 1 1691170719.56
76 0 1691170720.99
76 1 1691170722.31
77 1 1691170722.63
78 1 1691170722.92
79 1 1691170723.23
80 1 1691170723.54
81 1 1691170723.84
82 1 1691170724.15
83 1 1691170724.46
84 1 1691170724.73
85 1 1691170725.09
86 1 1691170725.61
87 1 1691170726.16
88 1 1691170726.71
89 1 1691170727.25
90 1 1691170727.81
91 1 1691170728.4
92 1 1691170728.91
93 1 1691170729.47
94 1 1691170730.04
95 1 1691170730.55
96 1 1691170731.14
97 1 1691170731.67
98 1 1691170732.19
99 1 1691170732.77
100 1 1691170733.3
101 1 1691170733.85
102 1 1691170734.41
103 0 1691170735.79
103 1 1691170737.09
104 1 1691170737.38
105 1 1691170737.71
106 1 1691170738.06
107 1 1691170738.37
108 1 1691170738.67
109 1 1691170738.94
110 1 1691170739.21
111 1 1691170739.5
112 1 1691170739.93
113 1 1691170740.44
114 1 1691170741.0
115 1 1691170741.54
116 1 1691170742.1
117 1 1691170742.66
118 1 1691170743.18
119 1 1691170743.74
120 1 1691170744.29
121 1 1691170744.86
122 1 1691170745.41
123 1 1691170745.94
124 1 1691170746.5
125 1 1691170747.03
126 1 1691170747.59
127 1 1691170748.15
128 1 1691170748.68
129 0 1691170750.08
129 1 1691170751.4
130 1 1691170751.71
131 1 1691170752.01
132 1 1691170752.31
133 1 1691170752.58
134 1 1691170752.9
135 1 1691170753.18
136 1 1691170753.5
137 1 1691170753.78
138 1 1691170754.17
139 1 1691170754.75
140 1 1691170755.28
141 1 1691170755.83
142 1 1691170756.4
143 1 1691170756.94
144 1 1691170757.47
145 1 1691170758.03
146 1 1691170758.59
147 1 1691170759.14
148 1 1691170759.65
149 1 1691170760.2
150 1 1691170760.78
151 1 1691170761.3
152 1 1691170761.9
153 0 1691170763.25
153 1 1691170764.05
154 1 1691170764.36
155 1 1691170764.65
156 1 1691170764.97
157 1 1691170765.26
158 1 1691170765.58
159 1 1691170765.86
160 1 1691170766.28
161 1 1691170766.82
162 1 1691170767.36
163 1 1691170767.93
164 1 1691170768.47
165 1 1691170769.04
166 1 1691170769.59
167 1 1691170770.14
168 1 1691170770.7
169 1 1691170771.2
170 1 1691170771.78
171 1 1691170772.31
172 1 1691170772.89
173 1 1691170773.41
174 1 1691170773.97
175 1 1691170774.56
176 1 1691170775.07
177 1 1691170775.61
178 1 1691170776.14
179 1 1691170776.7
180 1 1691170777.26
181 1 1691170777.8
182 1 1691170778.34
183 1 1691170778.89
184 1 1691170779.45
185 1 1691170780.0
186 1 1691170780.56
187 1 1691170781.12
188 1 1691170781.66
189 1 1691170782.18
190 1 1691170782.76
191 1 1691170783.3
192 1 1691170783.87
193 1 1691170784.41
194 1 1691170784.95
195 1 1691170785.49
196 1 1691170786.04
197 1 1691170786.61
198 1 1691170787.18
199 1 1691170787.68
200 1 1691170788.24
201 1 1691170788.81
202 1 1691170789.34
203 1 1691170789.87
204 1 1691170790.45
205 1 1691170790.99
206 1 1691170791.54
207 1 1691170792.07
208 1 1691170792.63
209 1 1691170793.16
210 1 1691170793.77
