0 1 1691689700.53
1 1 1691689700.84
2 1 1691689701.11
3 1 1691689701.44
4 1 1691689701.74
5 1 1691689702.09
6 1 1691689702.46
7 1 1691689702.79
8 1 1691689703.2
9 1 1691689703.59
10 1 1691689704.07
11 1 1691689704.59
12 1 1691689705.11
13 1 1691689705.64
14 1 1691689706.2
15 1 1691689706.75
16 1 1691689707.27
17 1 1691689707.81
18 1 1691689708.39
19 1 1691689708.92
20 1 1691689709.48
21 1 1691689710.01
22 1 1691689710.57
23 1 1691689711.14
24 0 1691689712.51
24 1 1691689713.33
25 1 1691689713.62
26 1 1691689713.9
27 1 1691689714.24
28 1 1691689714.56
29 1 1691689714.91
30 1 1691689715.23
31 1 1691689715.55
32 1 1691689716.07
33 1 1691689716.61
34 1 1691689717.16
35 1 1691689717.7
36 0 1691689719.09
36 1 1691689720.43
37 1 1691689720.75
38 1 1691689721.08
39 1 1691689721.38
40 1 1691689721.67
41 1 1691689722.03
42 1 1691689722.31
43 1 1691689722.62
44 0 1691689723.69
44 1 1691689724.51
45 1 1691689724.81
46 1 1691689725.15
47 1 1691689725.46
48 1 1691689725.79
49 1 1691689726.1
50 1 1691689726.45
51 1 1691689726.81
52 1 1691689727.16
53 1 1691689727.65
54 1 1691689728.15
55 1 1691689728.73
56 1 1691689729.26
57 1 1691689729.78
58 0 1691689731.18
58 1 1691689732.04
59 1 1691689732.38
60 1 1691689732.68
61 1 1691689733.03
62 0 1691689734.13
62 1 1691689735.44
63 1 1691689735.74
64 1 1691689736.04
65 1 1691689736.35
66 1 1691689736.69
67 1 1691689737.01
68 0 1691689738.12
68 1 1691689738.96
69 1 1691689739.23
70 1 1691689739.53
71 1 1691689739.83
72 1 1691689740.2
73 0 1691689741.32
73 1 1691689742.14
74 1 1691689742.45
75 1 1691689742.76
76 1 1691689743.07
77 0 1691689744.21
77 1 1691689745.03
78 1 1691689745.32
79 1 1691689745.64
80 1 1691689745.93
81 1 1691689746.3
82 1 1691689746.63
83 1 1691689746.93
84 1 1691689747.3
85 1 1691689747.67
86 1 1691689748.0
87 1 1691689748.36
88 1 1691689748.73
89 0 1691689749.86
89 1 1691689751.19
90 1 1691689751.51
91 1 1691689751.81
92 1 1691689752.14
93 1 1691689752.45
94 1 1691689752.78
95 1 1691689753.06
96 1 1691689753.39
97 1 1691689753.76
98 1 1691689754.08
99 1 1691689754.46
100 1 1691689754.83
101 1 1691689755.16
102 1 1691689755.51
103 1 1691689755.87
104 1 1691689756.22
105 0 1691689757.32
105 1 1691689758.16
106 1 1691689758.46
107 1 1691689758.81
108 0 1691689759.93
108 1 1691689761.23
109 1 1691689761.54
110 1 1691689761.8
111 1 1691689762.12
112 1 1691689762.48
113 1 1691689762.78
114 1 1691689763.11
115 1 1691689763.43
116 1 1691689763.75
117 1 1691689764.07
118 1 1691689764.43
119 1 1691689764.79
120 1 1691689765.12
121 1 1691689765.48
122 1 1691689765.84
123 1 1691689766.17
124 1 1691689766.64
125 1 1691689767.14
126 1 1691689767.69
127 1 1691689768.22
128 0 1691689769.62
128 1 1691689770.43
129 1 1691689770.73
130 1 1691689771.04
131 1 1691689771.36
132 1 1691689771.64
133 1 1691689771.97
134 1 1691689772.26
135 1 1691689772.66
136 1 1691689773.16
137 1 1691689773.73
138 1 1691689774.3
139 1 1691689774.85
140 1 1691689775.39
141 1 1691689775.94
142 1 1691689776.47
143 1 1691689777.04
144 1 1691689777.6
145 1 1691689778.13
146 1 1691689778.67
147 0 1691689780.06
147 0 1691689781.74
147 1 1691689782.52
148 1 1691689782.84
149 1 1691689783.18
150 1 1691689783.52
151 1 1691689783.82
152 1 1691689784.17
153 1 1691689784.5
154 0 1691689785.63
154 1 1691689786.95
155 1 1691689787.27
156 1 1691689787.55
157 1 1691689787.85
158 1 1691689788.18
159 1 1691689788.52
160 1 1691689788.87
161 1 1691689789.16
162 1 1691689789.51
163 1 1691689789.81
164 1 1691689790.18
165 1 1691689790.54
166 1 1691689790.85
167 1 1691689791.19
168 1 1691689791.52
169 1 1691689791.89
170 1 1691689792.22
171 1 1691689792.56
172 1 1691689793.11
173 1 1691689793.56
174 1 1691689794.05
175 1 1691689794.62
176 1 1691689795.17
177 1 1691689795.7
178 1 1691689796.27
179 1 1691689796.81
180 1 1691689797.35
181 1 1691689797.91
182 1 1691689798.43
183 1 1691689798.98
184 1 1691689799.53
185 1 1691689800.1
186 1 1691689800.64
187 1 1691689801.21
188 1 1691689801.73
189 1 1691689802.28
190 1 1691689802.84
191 1 1691689803.39
192 1 1691689803.94
193 1 1691689804.51
194 1 1691689805.09
195 0 1691689806.41
195 1 1691689807.26
196 1 1691689807.55
197 1 1691689807.85
198 1 1691689808.15
199 1 1691689808.43
200 1 1691689808.78
201 1 1691689809.09
202 1 1691689809.49
203 1 1691689809.99
204 1 1691689810.53
205 1 1691689811.16
206 1 1691689811.7
207 1 1691689812.19
208 1 1691689812.73
209 0 1691689814.09
209 1 1691689815.38
210 1 1691689815.67
211 0 1691689816.88
