0 1 1691694532.41
1 1 1691694532.72
2 1 1691694533.02
3 0 1691694534.13
3 1 1691694535.43
4 1 1691694535.74
5 1 1691694536.05
6 1 1691694536.38
7 1 1691694536.69
8 1 1691694537.03
9 0 1691694538.12
9 1 1691694538.93
10 1 1691694539.25
11 1 1691694539.66
12 0 1691694540.76
12 1 1691694542.04
13 1 1691694542.33
14 1 1691694542.62
15 1 1691694542.94
16 1 1691694543.26
17 0 1691694544.37
17 1 1691694545.18
18 1 1691694545.49
19 1 1691694545.77
20 1 1691694546.11
21 1 1691694546.41
22 1 1691694546.71
23 1 1691694547.02
24 0 1691694548.23
24 0 1691694550.41
24 1 1691694551.21
25 1 1691694551.53
26 1 1691694551.83
27 1 1691694552.15
28 1 1691694552.53
29 0 1691694553.69
29 1 1691694555.0
30 1 1691694555.27
31 1 1691694555.62
32 1 1691694555.93
33 0 1691694557.06
33 0 1691694558.68
33 0 1691694560.31
33 0 1691694562.48
33 1 1691694563.31
34 1 1691694563.64
35 1 1691694563.93
36 1 1691694564.26
37 1 1691694564.67
38 0 1691694565.76
38 1 1691694566.57
39 1 1691694566.89
40 1 1691694567.17
41 0 1691694568.26
41 1 1691694569.6
42 1 1691694569.88
43 1 1691694570.17
44 0 1691694571.3
44 1 1691694572.68
45 1 1691694572.98
46 1 1691694573.26
47 1 1691694573.63
48 0 1691694574.75
48 1 1691694576.04
49 1 1691694576.34
50 1 1691694576.63
51 1 1691694576.94
52 1 1691694577.24
53 1 1691694577.61
54 1 1691694577.91
55 1 1691694578.2
56 1 1691694578.53
57 1 1691694578.85
58 1 1691694579.19
59 1 1691694579.57
60 0 1691694580.7
60 1 1691694581.47
61 1 1691694581.77
62 1 1691694582.07
63 1 1691694582.38
64 1 1691694582.65
65 1 1691694582.95
66 1 1691694583.25
67 0 1691694584.39
67 0 1691694586.5
67 0 1691694588.11
67 1 1691694588.94
68 1 1691694589.2
69 1 1691694589.51
70 1 1691694589.8
71 1 1691694590.12
72 1 1691694590.41
73 1 1691694590.72
74 1 1691694591.04
75 1 1691694591.37
76 1 1691694591.78
77 0 1691694592.88
77 0 1691694594.48
77 0 1691694596.08
77 1 1691694596.89
78 1 1691694597.21
79 0 1691694598.3
79 1 1691694599.56
80 1 1691694599.86
81 1 1691694600.14
82 1 1691694600.46
83 1 1691694600.75
84 1 1691694601.06
85 1 1691694601.36
86 1 1691694601.71
87 1 1691694602.01
88 1 1691694602.33
89 1 1691694602.71
90 1 1691694603.16
91 0 1691694604.28
91 0 1691694605.91
91 0 1691694607.55
91 1 1691694609.07
92 0 1691694610.24
92 1 1691694611.07
93 1 1691694611.42
94 1 1691694611.7
95 1 1691694612.01
96 1 1691694612.3
97 1 1691694612.64
98 1 1691694612.92
99 1 1691694613.25
100 1 1691694613.56
101 1 1691694613.89
102 1 1691694614.22
103 1 1691694614.5
104 0 1691694615.65
104 1 1691694616.46
105 1 1691694616.73
106 0 1691694617.86
106 1 1691694618.69
107 1 1691694618.97
108 1 1691694619.28
109 0 1691694620.39
109 1 1691694621.68
110 1 1691694621.99
111 1 1691694622.32
112 1 1691694622.63
113 1 1691694622.94
114 1 1691694623.22
115 1 1691694623.55
116 1 1691694623.84
117 1 1691694624.16
118 1 1691694624.45
119 1 1691694624.78
120 1 1691694625.12
121 1 1691694625.45
122 1 1691694625.79
123 1 1691694626.09
124 1 1691694626.44
125 1 1691694626.78
126 1 1691694627.09
127 0 1691694628.2
127 0 1691694629.82
127 1 1691694631.14
128 1 1691694631.43
129 0 1691694632.55
129 1 1691694633.9
130 1 1691694634.22
131 1 1691694634.52
132 0 1691694635.63
132 0 1691694637.23
132 1 1691694638.03
133 1 1691694638.35
134 1 1691694638.64
135 1 1691694638.92
136 1 1691694639.19
137 0 1691694640.3
137 1 1691694641.13
138 1 1691694641.4
139 1 1691694641.71
140 1 1691694642.0
141 1 1691694642.28
142 1 1691694642.56
143 1 1691694642.87
144 1 1691694643.17
145 1 1691694643.49
146 1 1691694643.8
147 1 1691694644.09
148 1 1691694644.4
149 1 1691694644.71
150 1 1691694645.02
151 1 1691694645.33
152 1 1691694645.68
153 1 1691694646.02
154 1 1691694646.35
155 1 1691694646.69
156 1 1691694647.05
157 0 1691694648.16
157 1 1691694649.03
