0 1 1691698932.78
1 1 1691698933.12
2 0 1691698934.3
2 1 1691698935.14
3 1 1691698935.47
4 1 1691698935.74
5 1 1691698936.06
6 1 1691698936.37
7 1 1691698936.7
8 1 1691698937.03
9 1 1691698937.34
10 1 1691698937.69
11 0 1691698938.81
11 1 1691698939.6
12 1 1691698939.92
13 1 1691698940.21
14 1 1691698940.5
15 1 1691698940.81
16 1 1691698941.1
17 1 1691698941.45
18 1 1691698941.74
19 1 1691698942.09
20 1 1691698942.41
21 1 1691698942.74
22 1 1691698943.12
23 1 1691698943.44
24 1 1691698943.93
25 1 1691698944.44
26 1 1691698945.01
27 1 1691698945.58
28 1 1691698946.14
29 1 1691698946.65
30 1 1691698947.21
31 1 1691698947.74
32 1 1691698948.28
33 1 1691698948.84
34 1 1691698949.4
35 1 1691698949.95
36 1 1691698950.49
37 1 1691698951.05
38 1 1691698951.58
39 1 1691698952.14
40 1 1691698952.71
41 1 1691698953.24
42 1 1691698953.8
43 1 1691698954.35
44 1 1691698954.92
45 1 1691698955.46
46 1 1691698956.01
47 1 1691698956.55
48 0 1691698957.94
48 1 1691698958.75
49 1 1691698959.06
50 1 1691698959.34
51 1 1691698959.65
52 1 1691698959.96
53 1 1691698960.28
54 1 1691698960.6
55 1 1691698960.96
56 1 1691698961.51
57 1 1691698962.02
58 1 1691698962.58
59 1 1691698963.14
60 1 1691698963.68
61 1 1691698964.24
62 1 1691698964.79
63 1 1691698965.31
64 1 1691698965.84
65 1 1691698966.45
66 1 1691698966.99
67 1 1691698967.54
68 1 1691698968.08
69 1 1691698968.65
70 1 1691698969.21
71 1 1691698969.72
72 1 1691698970.27
73 1 1691698970.85
74 1 1691698971.36
75 1 1691698971.96
76 1 1691698972.48
77 1 1691698973.03
78 1 1691698973.61
79 1 1691698974.14
80 1 1691698974.68
81 1 1691698975.25
82 1 1691698975.75
83 1 1691698976.32
84 1 1691698976.88
85 1 1691698977.44
86 1 1691698977.97
87 1 1691698978.53
88 1 1691698979.1
89 1 1691698979.65
90 1 1691698980.16
91 1 1691698980.72
92 1 1691698981.29
93 1 1691698981.84
94 0 1691698983.2
94 1 1691698984.48
95 1 1691698984.76
96 1 1691698985.08
97 1 1691698985.35
98 1 1691698985.72
99 1 1691698986.02
100 1 1691698986.31
101 1 1691698986.64
102 1 1691698986.92
103 1 1691698987.34
104 1 1691698987.87
105 1 1691698988.4
106 1 1691698988.99
107 1 1691698989.52
108 1 1691698990.07
109 0 1691698991.44
109 1 1691698992.77
110 1 1691698993.08
111 1 1691698993.4
112 1 1691698993.71
113 1 1691698994.03
114 0 1691698995.2
114 1 1691698996.53
115 1 1691698996.81
116 1 1691698997.12
117 1 1691698997.41
118 1 1691698997.74
119 1 1691698998.07
120 1 1691698998.36
121 0 1691698999.47
121 1 1691699000.3
122 1 1691699000.61
123 1 1691699000.91
124 1 1691699001.21
125 1 1691699001.5
126 1 1691699001.79
127 1 1691699002.13
128 1 1691699002.46
129 1 1691699002.79
130 1 1691699003.14
131 1 1691699003.44
132 1 1691699003.8
133 1 1691699004.18
134 1 1691699004.52
135 1 1691699004.96
136 1 1691699005.45
137 1 1691699006.0
138 1 1691699006.51
139 1 1691699007.09
140 1 1691699007.62
141 1 1691699008.23
142 1 1691699008.75
143 1 1691699009.28
144 1 1691699009.83
145 1 1691699010.37
146 1 1691699010.91
147 1 1691699011.46
148 1 1691699012.01
149 1 1691699012.6
150 1 1691699013.1
151 1 1691699013.67
152 0 1691699015.05
152 1 1691699016.37
153 1 1691699016.62
154 1 1691699016.91
155 1 1691699017.19
156 0 1691699018.36
156 1 1691699019.65
157 1 1691699019.92
158 1 1691699020.25
159 1 1691699020.57
160 1 1691699020.91
161 1 1691699021.27
162 1 1691699021.58
163 1 1691699021.92
164 1 1691699022.25
165 1 1691699022.58
166 1 1691699022.92
167 1 1691699023.27
168 1 1691699023.62
169 1 1691699024.0
170 1 1691699024.31
171 1 1691699024.7
172 1 1691699025.22
173 1 1691699025.75
174 1 1691699026.3
175 1 1691699026.85
176 0 1691699028.24
176 1 1691699029.55
177 1 1691699029.81
178 1 1691699030.12
179 1 1691699030.42
180 1 1691699030.74
181 1 1691699031.07
182 1 1691699031.4
183 1 1691699031.72
184 1 1691699032.02
185 1 1691699032.39
186 1 1691699032.9
187 1 1691699033.43
188 1 1691699033.99
189 1 1691699034.55
190 1 1691699035.1
191 1 1691699035.63
192 1 1691699036.17
193 1 1691699036.73
194 1 1691699037.29
195 1 1691699037.85
196 1 1691699038.38
197 1 1691699038.95
198 1 1691699039.49
199 1 1691699040.03
200 1 1691699040.59
201 1 1691699041.13
202 1 1691699041.69
203 0 1691699043.06
203 1 1691699043.88
204 1 1691699044.2
205 1 1691699044.5
206 1 1691699044.8
207 1 1691699045.09
208 1 1691699045.43
209 1 1691699045.72
210 1 1691699046.09
211 1 1691699046.63
212 1 1691699047.16
213 1 1691699047.76
214 1 1691699048.28
215 0 1691699049.66
215 1 1691699050.96
216 1 1691699051.28
217 1 1691699051.58
218 1 1691699051.89
219 1 1691699052.18
220 0 1691699053.4
220 1 1691699054.18
