0 1 1691695831.97
1 1 1691695832.32
2 0 1691695833.44
2 1 1691695834.24
3 1 1691695834.54
4 1 1691695834.83
5 1 1691695835.14
6 1 1691695835.43
7 1 1691695835.75
8 1 1691695836.03
9 1 1691695836.38
10 0 1691695837.48
10 1 1691695838.77
11 0 1691695839.92
11 1 1691695840.93
12 1 1691695841.25
13 1 1691695841.51
14 1 1691695841.8
15 1 1691695842.13
16 1 1691695842.44
17 0 1691695843.55
17 1 1691695844.86
18 1 1691695845.17
19 1 1691695845.5
20 1 1691695845.79
21 0 1691695846.89
21 1 1691695848.21
22 1 1691695848.51
23 0 1691695849.63
23 1 1691695850.96
24 1 1691695851.26
25 1 1691695851.58
26 1 1691695851.89
27 0 1691695853.01
27 1 1691695853.82
28 1 1691695854.09
29 1 1691695854.43
30 1 1691695854.69
31 1 1691695855.01
32 1 1691695855.34
33 1 1691695855.64
34 1 1691695855.95
35 1 1691695856.24
36 1 1691695856.54
37 1 1691695856.83
38 0 1691695857.98
38 0 1691695859.69
38 1 1691695860.51
39 1 1691695860.82
40 0 1691695861.96
40 0 1691695863.57
40 1 1691695865.11
41 1 1691695865.42
42 1 1691695865.73
43 1 1691695866.12
44 0 1691695867.21
44 1 1691695868.51
45 1 1691695868.81
46 1 1691695869.12
47 1 1691695869.43
48 1 1691695869.75
49 1 1691695870.17
50 0 1691695871.3
50 0 1691695873.43
50 1 1691695874.44
51 1 1691695875.01
52 1 1691695875.36
53 1 1691695875.68
54 1 1691695876.03
55 1 1691695876.34
56 1 1691695876.66
57 1 1691695877.02
58 1 1691695877.35
59 1 1691695877.68
60 0 1691695878.82
60 1 1691695880.24
61 1 1691695880.54
62 1 1691695880.85
63 0 1691695881.96
63 1 1691695882.8
64 0 1691695883.93
64 1 1691695884.73
65 1 1691695885.07
66 0 1691695886.19
66 1 1691695887.48
67 1 1691695887.76
68 1 1691695888.05
69 1 1691695888.37
70 1 1691695888.67
71 0 1691695889.86
71 1 1691695890.92
72 1 1691695891.45
73 0 1691695892.62
73 1 1691695893.92
74 1 1691695894.32
75 0 1691695895.42
75 0 1691695897.03
75 0 1691695898.68
75 1 1691695899.98
76 1 1691695900.26
77 1 1691695900.61
78 1 1691695900.94
79 0 1691695902.04
79 0 1691695904.15
79 0 1691695905.81
79 0 1691695907.46
79 0 1691695909.64
79 1 1691695910.95
80 0 1691695912.06
80 1 1691695913.37
81 1 1691695913.71
82 1 1691695914.04
83 1 1691695914.48
84 0 1691695915.69
84 1 1691695916.97
85 1 1691695917.25
86 1 1691695917.57
87 1 1691695917.9
88 1 1691695918.22
89 1 1691695918.55
90 1 1691695918.87
91 0 1691695920.01
91 0 1691695921.65
91 1 1691695923.16
92 0 1691695924.27
92 1 1691695925.61
93 1 1691695925.89
94 1 1691695926.26
95 1 1691695926.72
96 0 1691695927.81
96 0 1691695929.95
96 0 1691695931.61
96 0 1691695933.25
96 1 1691695934.69
97 0 1691695935.8
97 1 1691695937.33
98 0 1691695938.44
98 1 1691695939.97
99 0 1691695941.07
99 1 1691695942.59
100 1 1691695943.14
101 0 1691695944.25
101 1 1691695945.03
102 1 1691695945.35
103 1 1691695945.65
104 1 1691695945.98
105 1 1691695946.3
106 1 1691695946.61
107 1 1691695946.88
108 1 1691695947.22
109 1 1691695947.77
110 0 1691695948.87
