0 1 1691697861.55
1 1 1691697861.89
2 1 1691697862.21
3 1 1691697862.57
4 1 1691697862.88
5 1 1691697863.23
6 1 1691697863.62
7 1 1691697863.98
8 0 1691697865.07
8 1 1691697865.91
9 1 1691697866.21
10 1 1691697866.54
11 1 1691697866.85
12 1 1691697867.18
13 1 1691697867.54
14 1 1691697867.85
15 1 1691697868.19
16 1 1691697868.54
17 1 1691697868.89
18 1 1691697869.38
19 1 1691697869.92
20 1 1691697870.47
21 1 1691697871.01
22 1 1691697871.57
23 1 1691697872.12
24 1 1691697872.67
25 1 1691697873.22
26 1 1691697873.75
27 1 1691697874.31
28 1 1691697874.87
29 1 1691697875.4
30 1 1691697875.94
31 1 1691697876.51
32 1 1691697877.08
33 1 1691697877.62
34 1 1691697878.16
35 1 1691697878.73
36 1 1691697879.26
37 1 1691697879.81
38 1 1691697880.37
39 1 1691697880.91
40 1 1691697881.46
41 1 1691697882.04
42 1 1691697882.59
43 1 1691697883.1
44 1 1691697883.68
45 1 1691697884.22
46 1 1691697884.76
47 1 1691697885.3
48 1 1691697885.86
49 1 1691697886.4
50 1 1691697886.99
51 1 1691697887.55
52 1 1691697888.08
53 1 1691697888.63
54 1 1691697889.18
55 1 1691697889.72
56 1 1691697890.26
57 1 1691697890.82
58 1 1691697891.36
59 1 1691697891.91
60 1 1691697892.46
61 1 1691697893.02
62 1 1691697893.58
63 1 1691697894.08
64 1 1691697894.67
65 1 1691697895.2
66 1 1691697895.74
67 1 1691697896.3
68 1 1691697896.87
69 1 1691697897.43
70 1 1691697897.95
71 1 1691697898.51
72 1 1691697899.07
73 1 1691697899.59
74 1 1691697900.17
75 1 1691697900.68
76 1 1691697901.24
77 1 1691697901.81
78 1 1691697902.35
79 0 1691697903.74
79 1 1691697904.54
80 1 1691697904.83
81 1 1691697905.16
82 1 1691697905.47
83 1 1691697905.78
84 1 1691697906.13
85 1 1691697906.48
86 1 1691697906.82
87 1 1691697907.32
88 1 1691697907.85
89 1 1691697908.41
90 1 1691697908.94
91 1 1691697909.48
92 1 1691697910.01
93 1 1691697910.58
94 1 1691697911.14
95 1 1691697911.68
96 1 1691697912.25
97 1 1691697912.81
98 1 1691697913.34
99 1 1691697913.91
100 1 1691697914.42
101 1 1691697914.98
102 1 1691697915.52
103 1 1691697916.07
104 1 1691697916.61
105 1 1691697917.16
106 1 1691697917.74
107 1 1691697918.26
108 1 1691697918.8
109 1 1691697919.36
110 1 1691697919.92
111 1 1691697920.44
112 1 1691697921.0
113 1 1691697921.54
114 1 1691697922.1
115 1 1691697922.65
116 1 1691697923.2
117 1 1691697923.74
118 1 1691697924.29
119 1 1691697924.84
120 1 1691697925.4
121 1 1691697925.97
122 1 1691697926.51
123 1 1691697927.04
124 1 1691697927.57
125 1 1691697928.15
126 1 1691697928.69
127 1 1691697929.22
128 1 1691697929.78
129 1 1691697930.34
130 1 1691697930.9
131 1 1691697931.44
132 1 1691697931.97
133 1 1691697932.53
134 1 1691697933.09
135 1 1691697933.64
136 1 1691697934.19
137 1 1691697934.75
138 1 1691697935.31
139 1 1691697935.82
140 1 1691697936.37
141 1 1691697936.9
142 1 1691697937.47
143 1 1691697938.02
144 1 1691697938.56
145 1 1691697939.14
146 1 1691697939.66
147 1 1691697940.2
148 1 1691697940.77
149 1 1691697941.28
150 1 1691697941.86
151 1 1691697942.43
152 1 1691697942.97
153 1 1691697943.53
154 1 1691697944.07
155 1 1691697944.62
156 1 1691697945.16
157 1 1691697945.73
158 1 1691697946.27
159 1 1691697946.8
160 1 1691697947.34
161 1 1691697947.92
162 1 1691697948.46
163 1 1691697949.03
164 1 1691697949.55
165 1 1691697950.1
166 1 1691697950.65
167 1 1691697951.2
168 1 1691697951.75
169 1 1691697952.32
170 1 1691697952.87
171 1 1691697953.43
172 1 1691697953.98
173 1 1691697954.51
174 1 1691697955.08
175 1 1691697955.63
176 1 1691697956.16
177 1 1691697956.68
178 1 1691697957.26
179 1 1691697957.8
180 1 1691697958.32
181 1 1691697958.9
182 1 1691697959.44
183 1 1691697960.0
184 1 1691697960.55
185 1 1691697961.11
186 1 1691697961.64
187 1 1691697962.22
188 1 1691697962.76
189 1 1691697963.28
190 1 1691697963.83
191 1 1691697964.41
192 1 1691697964.95
193 1 1691697965.49
194 1 1691697966.09
195 1 1691697966.58
196 1 1691697967.14
197 1 1691697967.72
198 1 1691697968.27
199 1 1691697968.8
200 1 1691697969.37
201 1 1691697969.92
202 1 1691697970.44
203 1 1691697971.04
204 1 1691697971.55
205 1 1691697972.1
206 1 1691697972.65
207 1 1691697973.18
208 1 1691697973.74
209 1 1691697974.28
210 1 1691697974.85
211 1 1691697975.4
212 1 1691697975.93
213 1 1691697976.49
214 1 1691697977.03
215 0 1691697978.55
