0 1 1691693667.41
1 1 1691693667.67
2 1 1691693667.98
3 0 1691693669.08
3 1 1691693670.36
4 1 1691693670.66
5 1 1691693670.98
6 1 1691693671.27
7 1 1691693671.58
8 1 1691693671.94
9 0 1691693673.04
9 1 1691693673.89
10 1 1691693674.22
11 1 1691693674.52
12 1 1691693674.83
13 1 1691693675.16
14 1 1691693675.48
15 1 1691693675.78
16 1 1691693676.12
17 1 1691693676.45
18 1 1691693676.8
19 1 1691693677.15
20 1 1691693677.5
21 1 1691693677.85
22 1 1691693678.17
23 0 1691693679.35
23 1 1691693680.65
24 1 1691693680.98
25 1 1691693681.27
26 1 1691693681.61
27 1 1691693681.95
28 1 1691693682.29
29 1 1691693682.58
30 1 1691693682.94
31 1 1691693683.29
32 1 1691693683.6
33 1 1691693683.94
34 1 1691693684.33
35 1 1691693684.66
36 1 1691693685.15
37 1 1691693685.65
38 1 1691693686.21
39 1 1691693686.77
40 0 1691693688.12
40 1 1691693688.95
41 1 1691693689.22
42 1 1691693689.54
43 1 1691693689.86
44 1 1691693690.18
45 1 1691693690.49
46 1 1691693690.79
47 1 1691693691.14
48 1 1691693691.72
49 1 1691693692.29
50 0 1691693693.65
50 0 1691693695.81
50 1 1691693697.12
51 1 1691693697.41
52 1 1691693697.74
53 1 1691693698.05
54 0 1691693699.17
54 1 1691693699.95
55 1 1691693700.25
56 1 1691693700.54
57 1 1691693700.87
58 1 1691693701.17
59 1 1691693701.49
60 1 1691693701.8
61 1 1691693702.14
62 0 1691693703.24
62 1 1691693704.52
63 1 1691693704.84
64 0 1691693705.97
64 1 1691693706.82
65 1 1691693707.11
66 1 1691693707.45
67 1 1691693707.73
68 1 1691693708.04
69 1 1691693708.38
70 0 1691693709.5
70 1 1691693710.84
71 1 1691693711.13
72 1 1691693711.47
73 1 1691693711.78
74 1 1691693712.1
75 1 1691693712.4
76 1 1691693712.7
77 1 1691693713.01
78 1 1691693713.33
79 1 1691693713.66
80 1 1691693714.02
81 0 1691693715.11
81 1 1691693716.41
82 1 1691693716.72
83 1 1691693717.01
84 1 1691693717.33
85 1 1691693717.63
86 1 1691693717.94
87 0 1691693719.04
87 1 1691693719.87
88 1 1691693720.2
89 1 1691693720.61
90 0 1691693721.72
90 1 1691693722.59
91 1 1691693722.91
92 1 1691693723.2
93 1 1691693723.52
94 1 1691693723.82
95 1 1691693724.13
96 1 1691693724.43
97 1 1691693724.74
98 1 1691693725.08
99 1 1691693725.4
100 1 1691693725.72
101 1 1691693726.04
102 1 1691693726.4
103 1 1691693726.75
104 1 1691693727.05
105 1 1691693727.39
106 1 1691693727.73
107 1 1691693728.05
108 1 1691693728.43
109 1 1691693728.78
110 1 1691693729.12
111 0 1691693730.26
111 0 1691693732.35
111 0 1691693733.97
111 1 1691693735.26
112 1 1691693735.57
113 1 1691693735.86
114 1 1691693736.2
115 1 1691693736.51
116 1 1691693736.82
117 1 1691693737.14
118 1 1691693737.47
119 1 1691693737.79
120 1 1691693738.1
121 1 1691693738.43
122 1 1691693738.77
123 1 1691693739.06
124 1 1691693739.4
125 0 1691693740.51
125 1 1691693741.8
126 1 1691693742.11
127 1 1691693742.4
128 1 1691693742.7
129 1 1691693743.03
130 1 1691693743.34
131 0 1691693744.45
131 1 1691693745.73
132 1 1691693746.09
133 1 1691693746.43
134 1 1691693746.75
135 1 1691693747.03
136 1 1691693747.32
137 1 1691693747.66
138 1 1691693747.99
139 1 1691693748.27
140 1 1691693748.59
141 1 1691693748.9
142 1 1691693749.25
143 1 1691693749.55
144 1 1691693749.89
145 1 1691693750.25
146 1 1691693750.55
147 1 1691693750.88
148 1 1691693751.18
149 1 1691693751.49
150 1 1691693751.83
151 1 1691693752.17
152 1 1691693752.51
153 1 1691693752.82
154 1 1691693753.15
155 1 1691693753.5
156 1 1691693753.82
157 1 1691693754.15
158 1 1691693754.57
159 0 1691693755.68
159 1 1691693757.03
160 1 1691693757.36
161 1 1691693757.67
162 1 1691693758.01
163 1 1691693758.29
164 1 1691693758.59
165 1 1691693758.91
166 1 1691693759.27
167 1 1691693759.6
168 1 1691693759.91
169 1 1691693760.26
170 1 1691693760.61
171 1 1691693760.96
172 1 1691693761.32
173 1 1691693761.72
174 1 1691693762.04
175 1 1691693762.42
176 0 1691693763.56
176 1 1691693764.85
177 1 1691693765.17
178 1 1691693765.48
179 1 1691693765.79
180 1 1691693766.11
181 1 1691693766.44
182 1 1691693766.89
183 0 1691693768.0
183 1 1691693769.3
184 0 1691693770.44
184 0 1691693772.11
184 1 1691693772.93
185 1 1691693773.2
186 1 1691693773.5
187 1 1691693773.83
188 1 1691693774.13
189 1 1691693774.47
190 1 1691693774.79
191 1 1691693775.1
192 1 1691693775.4
193 1 1691693775.71
194 1 1691693776.04
195 1 1691693776.34
196 1 1691693776.71
197 1 1691693777.01
198 1 1691693777.33
199 1 1691693777.66
200 1 1691693778.0
201 1 1691693778.34
202 1 1691693778.66
203 1 1691693778.98
204 1 1691693779.26
205 1 1691693779.65
206 1 1691693780.01
207 1 1691693780.34
208 1 1691693780.7
209 1 1691693781.07
210 1 1691693781.43
211 1 1691693781.78
212 1 1691693782.16
213 1 1691693782.48
214 1 1691693782.92
215 1 1691693783.52
