0 1 1691688785.26
1 1 1691688785.57
2 1 1691688785.88
3 1 1691688786.24
4 1 1691688786.59
5 1 1691688786.96
6 1 1691688787.33
7 1 1691688787.67
8 1 1691688788.03
9 1 1691688788.36
10 1 1691688788.75
11 1 1691688789.27
12 1 1691688789.81
13 1 1691688790.35
14 1 1691688790.89
15 1 1691688791.46
16 1 1691688791.99
17 1 1691688792.52
18 1 1691688793.1
19 1 1691688793.67
20 1 1691688794.2
21 1 1691688794.75
22 1 1691688795.28
23 1 1691688795.85
24 1 1691688796.43
25 0 1691688797.76
25 1 1691688798.59
26 1 1691688798.9
27 1 1691688799.18
28 1 1691688799.48
29 1 1691688799.77
30 1 1691688800.07
31 1 1691688800.34
32 1 1691688800.77
33 1 1691688801.3
34 1 1691688801.86
35 1 1691688802.43
36 1 1691688802.96
37 1 1691688803.52
38 1 1691688804.06
39 1 1691688804.6
40 1 1691688805.19
41 1 1691688805.73
42 1 1691688806.23
43 1 1691688806.79
44 1 1691688807.36
45 1 1691688807.9
46 1 1691688808.48
47 1 1691688809.01
48 1 1691688809.57
49 1 1691688810.09
50 1 1691688810.66
51 1 1691688811.18
52 1 1691688811.76
53 1 1691688812.33
54 1 1691688812.84
55 1 1691688813.4
56 1 1691688813.97
57 1 1691688814.51
58 1 1691688815.04
59 1 1691688815.59
60 1 1691688816.12
61 1 1691688816.68
62 1 1691688817.25
63 1 1691688817.82
64 1 1691688818.36
65 1 1691688818.92
66 1 1691688819.43
67 1 1691688819.99
68 1 1691688820.53
69 1 1691688821.09
70 1 1691688821.63
71 1 1691688822.17
72 1 1691688822.73
73 1 1691688823.31
74 1 1691688823.94
75 1 1691688824.38
76 1 1691688824.96
77 1 1691688825.49
78 1 1691688826.03
79 1 1691688826.58
80 1 1691688827.11
81 1 1691688827.7
82 1 1691688828.24
83 1 1691688828.79
84 1 1691688829.33
85 1 1691688829.89
86 1 1691688830.41
87 1 1691688830.98
88 1 1691688831.53
89 1 1691688832.08
90 1 1691688832.61
91 1 1691688833.2
92 1 1691688833.74
93 1 1691688834.27
94 1 1691688834.81
95 1 1691688835.4
96 1 1691688835.92
97 1 1691688836.48
98 1 1691688837.02
99 1 1691688837.6
100 1 1691688838.12
101 1 1691688838.65
102 1 1691688839.25
103 1 1691688839.78
104 1 1691688840.33
105 1 1691688840.9
106 1 1691688841.45
107 1 1691688841.97
108 1 1691688842.55
109 1 1691688843.05
110 1 1691688843.6
111 1 1691688844.16
112 0 1691688845.54
112 1 1691688846.89
113 1 1691688847.2
114 1 1691688847.49
115 1 1691688847.82
116 1 1691688848.12
117 1 1691688848.46
118 1 1691688848.77
119 1 1691688849.1
120 1 1691688849.44
121 1 1691688849.75
122 1 1691688850.25
123 1 1691688850.77
124 1 1691688851.3
125 1 1691688851.86
126 1 1691688852.43
127 0 1691688853.81
127 1 1691688854.6
128 1 1691688854.93
129 1 1691688855.23
130 1 1691688855.55
131 1 1691688855.84
132 1 1691688856.16
133 1 1691688856.44
134 1 1691688856.83
135 1 1691688857.33
136 1 1691688857.89
137 1 1691688858.46
138 1 1691688859.0
139 1 1691688859.53
140 1 1691688860.08
141 1 1691688860.67
142 1 1691688861.21
143 1 1691688862.13
144 0 1691688863.32
144 0 1691688864.98
144 0 1691688866.69
144 1 1691688868.39
145 1 1691688868.81
146 1 1691688869.2
147 1 1691688869.55
148 0 1691688870.7
148 1 1691688872.0
149 1 1691688872.26
150 1 1691688872.56
151 1 1691688872.86
152 1 1691688873.17
153 1 1691688873.47
154 1 1691688873.8
155 1 1691688874.13
156 1 1691688874.45
157 1 1691688874.81
158 1 1691688875.14
159 1 1691688875.49
160 1 1691688875.85
161 1 1691688876.17
162 1 1691688876.53
163 1 1691688876.88
164 1 1691688877.19
165 1 1691688877.57
166 1 1691688877.96
167 1 1691688878.3
168 1 1691688878.65
169 1 1691688879.0
170 1 1691688879.39
171 1 1691688879.8
172 1 1691688880.17
173 1 1691688880.52
174 1 1691688880.88
175 1 1691688881.25
176 1 1691688881.6
177 1 1691688881.96
178 1 1691688882.33
179 1 1691688882.69
180 1 1691688883.08
181 1 1691688883.45
182 1 1691688883.78
183 1 1691688884.17
184 1 1691688884.53
185 1 1691688884.89
186 1 1691688885.41
187 1 1691688885.89
188 1 1691688886.46
189 1 1691688887.0
190 1 1691688887.57
191 1 1691688888.1
192 1 1691688888.67
193 1 1691688889.2
194 1 1691688889.74
195 1 1691688890.3
196 1 1691688890.86
197 1 1691688891.4
198 1 1691688891.93
199 1 1691688892.51
200 1 1691688893.06
201 1 1691688893.59
202 1 1691688894.14
203 1 1691688894.71
204 1 1691688895.26
205 1 1691688895.77
206 1 1691688896.35
207 1 1691688896.9
208 1 1691688897.48
209 1 1691688898.01
210 1 1691688898.58
211 1 1691688899.11
212 1 1691688899.62
213 1 1691688900.2
214 1 1691688900.75
215 1 1691688901.45
