0 1 1691170215.16
1 1 1691170215.47
2 1 1691170215.81
3 1 1691170216.15
4 1 1691170216.46
5 1 1691170216.76
6 1 1691170217.11
7 0 1691170218.21
7 1 1691170219.03
8 1 1691170219.35
9 1 1691170219.65
10 1 1691170219.93
11 1 1691170220.26
12 1 1691170220.53
13 1 1691170220.86
14 1 1691170221.13
15 1 1691170221.51
16 1 1691170222.09
17 1 1691170222.68
18 1 1691170223.21
19 0 1691170224.55
19 1 1691170225.88
20 1 1691170226.19
21 1 1691170226.49
22 1 1691170226.78
23 1 1691170227.1
24 1 1691170227.41
25 1 1691170227.7
26 1 1691170228.01
27 1 1691170228.31
28 1 1691170228.65
29 1 1691170229.18
30 1 1691170229.73
31 1 1691170230.27
32 1 1691170230.85
33 1 1691170231.35
34 1 1691170231.91
35 1 1691170232.57
36 1 1691170233.21
37 0 1691170234.42
37 1 1691170235.24
38 1 1691170235.55
39 1 1691170235.86
40 1 1691170236.16
41 1 1691170236.44
42 1 1691170236.73
43 1 1691170237.02
44 1 1691170237.43
45 0 1691170238.8
45 0 1691170240.99
45 1 1691170241.8
46 1 1691170242.13
47 1 1691170242.42
48 1 1691170242.75
49 1 1691170243.04
50 1 1691170243.33
51 1 1691170243.61
52 1 1691170243.89
53 1 1691170244.18
54 1 1691170244.49
55 1 1691170244.76
56 1 1691170245.08
57 1 1691170245.4
58 0 1691170246.52
58 0 1691170248.13
58 1 1691170248.92
59 1 1691170249.21
60 1 1691170249.52
61 1 1691170249.85
62 1 1691170250.12
63 1 1691170250.44
64 0 1691170251.55
64 1 1691170252.36
65 1 1691170252.65
66 1 1691170252.93
67 1 1691170253.23
68 0 1691170254.33
68 1 1691170255.61
69 1 1691170255.91
70 1 1691170256.17
71 1 1691170256.48
72 1 1691170256.76
73 1 1691170257.06
74 1 1691170257.33
75 1 1691170257.66
76 1 1691170257.92
77 1 1691170258.24
78 1 1691170258.57
79 1 1691170258.88
80 1 1691170259.2
81 0 1691170260.33
81 1 1691170261.61
82 1 1691170261.94
83 1 1691170262.25
84 1 1691170262.57
85 1 1691170262.84
86 1 1691170263.14
87 1 1691170263.45
88 1 1691170263.88
89 1 1691170264.36
90 1 1691170264.73
91 1 1691170265.05
92 1 1691170265.37
93 0 1691170266.5
93 1 1691170267.8
94 1 1691170268.11
95 1 1691170268.38
96 1 1691170268.71
97 1 1691170269.02
98 1 1691170269.3
99 1 1691170269.65
100 1 1691170269.94
101 1 1691170270.24
102 1 1691170270.51
103 1 1691170270.81
104 1 1691170271.12
105 1 1691170271.42
106 1 1691170271.67
107 1 1691170272.01
108 1 1691170272.55
109 1 1691170273.1
110 1 1691170273.65
111 1 1691170274.21
112 0 1691170275.59
112 0 1691170277.24
112 0 1691170278.91
112 1 1691170280.22
113 1 1691170280.54
114 1 1691170280.83
115 1 1691170281.15
116 1 1691170281.46
117 1 1691170281.77
118 1 1691170282.06
119 1 1691170282.36
120 1 1691170282.65
121 1 1691170282.99
122 1 1691170283.31
123 1 1691170283.61
124 1 1691170283.89
125 1 1691170284.18
126 0 1691170285.29
126 1 1691170286.12
127 1 1691170286.39
128 1 1691170286.68
129 1 1691170286.97
130 1 1691170287.25
131 1 1691170287.53
132 1 1691170287.84
133 1 1691170288.12
134 0 1691170289.25
134 1 1691170290.07
135 1 1691170290.4
136 1 1691170290.71
137 1 1691170290.99
138 1 1691170291.27
139 1 1691170291.58
140 1 1691170291.88
141 1 1691170292.2
142 1 1691170292.5
143 1 1691170292.81
144 1 1691170293.11
145 1 1691170293.47
146 1 1691170293.81
147 1 1691170294.08
148 1 1691170294.57
149 1 1691170295.08
150 1 1691170295.65
151 1 1691170296.17
152 1 1691170296.73
153 1 1691170297.27
154 1 1691170297.82
155 1 1691170298.36
156 1 1691170298.93
157 1 1691170299.45
158 0 1691170300.86
158 1 1691170301.68
159 1 1691170301.97
160 1 1691170302.28
161 1 1691170302.57
162 1 1691170302.87
163 1 1691170303.15
164 1 1691170303.46
165 1 1691170303.88
166 1 1691170304.44
167 1 1691170304.97
168 1 1691170305.5
169 1 1691170306.05
170 1 1691170306.6
171 1 1691170307.17
172 1 1691170307.82
173 0 1691170309.1
173 1 1691170310.37
174 1 1691170310.64
175 1 1691170310.94
176 1 1691170311.23
177 1 1691170311.56
178 1 1691170311.96
179 0 1691170313.09
179 1 1691170314.38
180 1 1691170314.76
181 0 1691170315.87
181 0 1691170317.98
181 1 1691170319.28
182 1 1691170319.61
183 1 1691170319.93
184 1 1691170320.23
185 1 1691170320.51
186 1 1691170320.82
187 1 1691170321.1
188 1 1691170321.43
189 1 1691170321.76
190 1 1691170322.06
191 1 1691170322.36
192 1 1691170322.66
193 1 1691170322.96
194 1 1691170323.27
195 1 1691170323.58
196 1 1691170323.92
197 1 1691170324.23
198 1 1691170324.56
199 1 1691170324.89
200 1 1691170325.19
201 1 1691170325.49
202 1 1691170325.83
203 1 1691170326.18
204 1 1691170326.49
205 1 1691170326.85
206 1 1691170327.13
207 1 1691170327.44
208 1 1691170327.76
209 1 1691170328.06
210 0 1691170329.51
