0 1 1691691164.81
1 1 1691691165.09
2 1 1691691165.42
3 0 1691691166.52
3 1 1691691167.32
4 1 1691691167.61
5 1 1691691167.91
6 1 1691691168.22
7 0 1691691169.34
7 1 1691691170.13
8 1 1691691170.41
9 1 1691691170.69
10 1 1691691171.03
11 1 1691691171.35
12 0 1691691172.45
12 1 1691691173.77
13 1 1691691174.09
14 1 1691691174.37
15 0 1691691175.49
15 1 1691691176.83
16 1 1691691177.14
17 1 1691691177.43
18 1 1691691177.74
19 0 1691691178.85
19 1 1691691180.2
20 1 1691691180.47
21 1 1691691180.8
22 1 1691691181.09
23 1 1691691181.41
24 1 1691691181.76
25 0 1691691182.89
25 0 1691691185.04
25 1 1691691186.54
26 1 1691691186.85
27 1 1691691187.15
28 0 1691691188.28
28 1 1691691189.62
29 1 1691691189.88
30 1 1691691190.19
31 1 1691691190.51
32 1 1691691190.83
33 1 1691691191.14
34 1 1691691191.44
35 1 1691691191.78
36 1 1691691192.11
37 1 1691691192.45
38 1 1691691192.77
39 1 1691691193.08
40 0 1691691194.19
40 1 1691691195.51
41 0 1691691196.6
41 1 1691691197.91
42 1 1691691198.23
43 1 1691691198.55
44 1 1691691198.88
45 1 1691691199.19
46 1 1691691199.54
47 1 1691691199.87
48 1 1691691200.19
49 0 1691691201.32
49 1 1691691202.18
50 1 1691691202.46
51 1 1691691202.78
52 0 1691691203.89
52 1 1691691204.67
53 1 1691691205.0
54 1 1691691205.28
55 1 1691691205.61
56 1 1691691205.92
57 1 1691691206.23
58 1 1691691206.56
59 0 1691691207.66
59 1 1691691209.0
60 1 1691691209.31
61 1 1691691209.59
62 1 1691691209.91
63 1 1691691210.22
64 1 1691691210.49
65 1 1691691210.78
66 1 1691691211.1
67 1 1691691211.44
68 1 1691691211.73
69 1 1691691212.06
70 1 1691691212.37
71 0 1691691213.51
71 1 1691691214.32
72 1 1691691214.62
73 1 1691691214.93
74 1 1691691215.25
75 1 1691691215.56
76 1 1691691215.87
77 1 1691691216.18
78 0 1691691217.27
78 1 1691691218.1
79 1 1691691218.4
80 1 1691691218.73
81 1 1691691219.03
82 1 1691691219.36
83 1 1691691219.72
84 1 1691691220.02
85 1 1691691220.34
86 1 1691691220.64
87 1 1691691220.97
88 1 1691691221.3
89 1 1691691221.6
90 1 1691691221.95
91 1 1691691222.27
92 1 1691691222.58
93 0 1691691223.68
93 1 1691691224.97
94 1 1691691225.28
95 1 1691691225.55
96 1 1691691225.84
97 0 1691691226.96
97 1 1691691228.27
98 1 1691691228.58
99 1 1691691228.87
100 1 1691691229.18
101 1 1691691229.46
102 1 1691691229.78
103 1 1691691230.09
104 1 1691691230.42
105 1 1691691230.74
106 1 1691691231.03
107 1 1691691231.37
108 0 1691691232.47
108 1 1691691233.24
109 1 1691691233.53
110 1 1691691233.82
111 1 1691691234.13
112 1 1691691234.47
113 1 1691691234.8
114 1 1691691235.14
115 1 1691691235.44
116 1 1691691235.79
117 1 1691691236.14
118 1 1691691236.43
119 1 1691691236.77
120 1 1691691237.08
121 1 1691691237.38
122 1 1691691237.71
123 1 1691691238.04
124 1 1691691238.38
125 1 1691691238.68
126 1 1691691239.09
127 1 1691691239.4
128 1 1691691239.73
129 1 1691691240.07
130 1 1691691240.4
131 1 1691691240.73
132 1 1691691241.11
133 1 1691691241.44
134 1 1691691241.78
135 1 1691691242.09
136 1 1691691242.44
137 1 1691691242.79
138 1 1691691243.14
139 1 1691691243.48
140 1 1691691243.83
141 1 1691691244.17
142 1 1691691244.53
143 1 1691691244.9
144 1 1691691245.25
145 1 1691691245.6
146 1 1691691245.98
147 1 1691691246.33
148 1 1691691246.68
149 1 1691691247.03
150 1 1691691247.41
151 1 1691691247.76
152 1 1691691248.08
153 1 1691691248.44
154 1 1691691248.83
155 1 1691691249.18
156 1 1691691249.52
157 1 1691691249.88
158 1 1691691250.23
159 1 1691691250.58
160 0 1691691251.67
160 1 1691691252.46
161 1 1691691252.74
162 0 1691691253.85
162 0 1691691255.98
162 0 1691691258.08
162 1 1691691259.38
163 1 1691691259.64
164 1 1691691259.94
165 1 1691691260.26
166 1 1691691260.56
167 1 1691691260.87
168 1 1691691261.16
169 1 1691691261.5
170 1 1691691261.81
171 1 1691691262.15
172 1 1691691262.51
173 1 1691691262.79
174 1 1691691263.15
175 1 1691691263.45
176 1 1691691263.76
177 1 1691691264.11
178 1 1691691264.44
179 1 1691691264.8
180 1 1691691265.12
181 1 1691691265.46
182 1 1691691265.79
183 1 1691691266.14
184 1 1691691266.47
185 1 1691691266.79
186 1 1691691267.22
187 1 1691691267.61
188 1 1691691267.98
189 1 1691691268.33
190 1 1691691268.69
191 1 1691691269.07
192 0 1691691270.18
192 1 1691691270.98
193 1 1691691271.3
194 1 1691691271.59
195 1 1691691271.91
196 1 1691691272.19
197 1 1691691272.49
198 1 1691691272.78
199 0 1691691273.95
199 1 1691691275.29
200 1 1691691275.55
201 0 1691691276.68
201 1 1691691278.02
202 1 1691691278.32
203 0 1691691279.5
203 1 1691691280.9
204 1 1691691281.26
205 1 1691691281.62
