0 1 1691688094.03
1 1 1691688094.31
2 1 1691688094.64
3 1 1691688094.91
4 1 1691688095.23
5 1 1691688095.54
6 1 1691688095.88
7 1 1691688096.23
8 1 1691688096.55
9 1 1691688096.99
10 1 1691688097.5
11 1 1691688098.01
12 1 1691688098.58
13 1 1691688099.11
14 1 1691688099.65
15 1 1691688100.2
16 1 1691688100.74
17 1 1691688101.29
18 1 1691688101.84
19 1 1691688102.4
20 1 1691688102.98
21 1 1691688103.53
22 1 1691688104.08
23 1 1691688104.62
24 1 1691688105.14
25 1 1691688105.74
26 1 1691688106.26
27 1 1691688106.82
28 1 1691688107.34
29 1 1691688107.9
30 1 1691688108.48
31 1 1691688108.99
32 1 1691688109.57
33 1 1691688110.11
34 1 1691688110.66
35 1 1691688111.21
36 1 1691688111.74
37 1 1691688112.3
38 1 1691688112.86
39 1 1691688113.38
40 1 1691688113.96
41 1 1691688114.52
42 1 1691688115.04
43 1 1691688115.61
44 1 1691688116.13
45 1 1691688116.69
46 1 1691688117.26
47 0 1691688118.63
47 1 1691688119.45
48 1 1691688119.77
49 1 1691688120.06
50 1 1691688120.4
51 1 1691688120.69
52 1 1691688121.04
53 1 1691688121.39
54 1 1691688121.74
55 1 1691688122.2
56 1 1691688122.75
57 1 1691688123.29
58 1 1691688123.83
59 1 1691688124.4
60 1 1691688124.92
61 1 1691688125.5
62 1 1691688126.05
63 1 1691688126.6
64 1 1691688127.14
65 1 1691688127.67
66 1 1691688128.23
67 1 1691688128.79
68 1 1691688129.35
69 1 1691688129.89
70 1 1691688130.44
71 1 1691688130.95
72 1 1691688131.54
73 1 1691688132.07
74 1 1691688132.62
75 1 1691688133.19
76 1 1691688133.74
77 1 1691688134.29
78 1 1691688134.82
79 1 1691688135.38
80 1 1691688135.94
81 1 1691688136.49
82 1 1691688137.06
83 1 1691688137.57
84 1 1691688138.14
85 1 1691688138.67
86 1 1691688139.21
87 1 1691688139.75
88 1 1691688140.29
89 1 1691688140.88
90 1 1691688141.42
91 1 1691688141.96
92 1 1691688142.49
93 1 1691688143.06
94 1 1691688143.6
95 1 1691688144.16
96 1 1691688144.7
97 1 1691688145.25
98 1 1691688145.81
99 1 1691688146.36
100 1 1691688146.89
101 1 1691688147.45
102 1 1691688147.98
103 1 1691688148.56
104 1 1691688149.09
105 1 1691688149.65
106 1 1691688150.21
107 1 1691688150.76
108 1 1691688151.29
109 1 1691688151.84
110 1 1691688152.41
111 1 1691688152.97
112 1 1691688153.53
113 1 1691688154.03
114 1 1691688154.59
115 1 1691688155.15
116 1 1691688155.69
117 1 1691688156.21
118 1 1691688156.77
119 1 1691688157.32
120 1 1691688157.88
121 1 1691688158.42
122 1 1691688158.98
123 1 1691688159.52
124 1 1691688160.07
125 1 1691688160.64
126 1 1691688161.17
127 1 1691688161.73
128 1 1691688162.26
129 1 1691688162.83
130 1 1691688163.35
131 1 1691688163.92
132 1 1691688164.48
133 1 1691688165.04
134 1 1691688165.58
135 1 1691688166.11
136 1 1691688166.67
137 1 1691688167.23
138 1 1691688167.77
139 1 1691688168.33
140 1 1691688168.84
141 1 1691688169.44
142 1 1691688169.99
143 1 1691688170.51
144 1 1691688171.09
145 1 1691688171.63
146 1 1691688172.18
147 1 1691688172.74
148 1 1691688173.27
149 1 1691688173.81
150 1 1691688174.35
151 1 1691688174.94
152 1 1691688175.47
153 1 1691688175.99
154 1 1691688176.56
155 1 1691688177.11
156 1 1691688177.67
157 1 1691688178.19
158 1 1691688178.76
159 1 1691688179.3
160 1 1691688179.86
161 1 1691688180.39
162 1 1691688180.93
163 1 1691688181.49
164 1 1691688182.04
165 0 1691688183.43
165 1 1691688184.25
166 1 1691688184.53
167 1 1691688184.81
168 1 1691688185.16
169 1 1691688185.44
170 1 1691688185.74
171 1 1691688186.07
172 1 1691688186.47
173 1 1691688187.01
174 1 1691688187.55
175 1 1691688188.1
176 1 1691688188.65
177 1 1691688189.21
178 1 1691688189.74
179 1 1691688190.29
180 1 1691688190.87
181 1 1691688191.4
182 1 1691688191.93
183 1 1691688192.48
184 1 1691688193.04
185 1 1691688193.58
186 1 1691688194.13
187 1 1691688194.69
188 1 1691688195.23
189 1 1691688195.81
190 1 1691688196.35
191 1 1691688196.9
192 1 1691688197.43
193 1 1691688198.01
194 1 1691688198.53
195 1 1691688199.1
196 1 1691688199.63
197 1 1691688200.19
198 1 1691688200.74
199 1 1691688201.28
200 1 1691688201.85
201 1 1691688202.41
202 1 1691688202.95
203 1 1691688203.52
204 1 1691688204.07
205 1 1691688204.59
206 1 1691688205.16
207 1 1691688205.66
208 1 1691688206.23
209 1 1691688206.8
210 1 1691688207.35
211 1 1691688208.04
