0 1 1691171816.18
1 1 1691171816.5
2 1 1691171816.82
3 1 1691171817.14
4 1 1691171817.47
5 1 1691171817.81
6 1 1691171818.16
7 1 1691171818.53
8 1 1691171818.89
9 1 1691171819.32
10 1 1691171819.84
11 1 1691171820.38
12 1 1691171820.91
13 1 1691171821.46
14 1 1691171822.0
15 1 1691171822.58
16 1 1691171823.1
17 1 1691171823.65
18 1 1691171824.2
19 1 1691171824.73
20 1 1691171825.29
21 0 1691171826.66
21 1 1691171827.51
22 1 1691171827.83
23 1 1691171828.12
24 1 1691171828.44
25 1 1691171828.76
26 1 1691171829.07
27 1 1691171829.36
28 1 1691171829.74
29 1 1691171830.27
30 1 1691171830.8
31 1 1691171831.37
32 1 1691171831.92
33 1 1691171832.46
34 1 1691171833.0
35 1 1691171833.56
36 1 1691171834.13
37 1 1691171834.63
38 1 1691171835.22
39 1 1691171835.77
40 1 1691171836.32
41 1 1691171836.86
42 1 1691171837.43
43 1 1691171837.95
44 1 1691171838.48
45 1 1691171839.08
46 1 1691171839.59
47 1 1691171840.17
48 1 1691171840.71
49 1 1691171841.24
50 1 1691171841.81
51 1 1691171842.33
52 1 1691171842.89
53 1 1691171843.46
54 1 1691171843.99
55 1 1691171844.52
56 1 1691171845.12
57 1 1691171845.64
58 1 1691171846.2
59 0 1691171847.57
59 1 1691171848.88
60 1 1691171849.16
61 1 1691171849.49
62 1 1691171849.81
63 1 1691171850.11
64 1 1691171850.43
65 1 1691171850.72
66 1 1691171851.06
67 0 1691171852.15
67 1 1691171852.95
68 1 1691171853.26
69 1 1691171853.54
70 1 1691171853.89
71 1 1691171854.21
72 1 1691171854.52
73 1 1691171854.82
74 1 1691171855.1
75 1 1691171855.55
76 1 1691171856.09
77 1 1691171856.64
78 1 1691171857.19
79 1 1691171857.75
80 1 1691171858.26
81 1 1691171858.82
82 1 1691171859.35
83 1 1691171859.91
84 1 1691171860.49
85 1 1691171861.01
86 1 1691171861.57
87 1 1691171862.16
88 1 1691171862.64
89 1 1691171863.21
90 1 1691171863.77
91 1 1691171864.3
92 1 1691171864.85
93 1 1691171865.41
94 1 1691171865.97
95 1 1691171866.5
96 1 1691171867.06
97 1 1691171867.59
98 1 1691171868.15
99 1 1691171868.72
100 1 1691171869.28
101 1 1691171869.83
102 1 1691171870.35
103 1 1691171870.94
104 1 1691171871.46
105 1 1691171871.99
106 1 1691171872.54
107 1 1691171873.09
108 1 1691171873.68
109 1 1691171874.2
110 1 1691171874.71
111 1 1691171875.27
112 1 1691171875.85
113 1 1691171876.39
114 1 1691171876.97
115 1 1691171877.51
116 1 1691171878.05
117 1 1691171878.59
118 0 1691171879.98
118 1 1691171880.78
119 1 1691171881.1
120 1 1691171881.4
121 0 1691171882.5
121 1 1691171883.85
122 1 1691171884.16
123 1 1691171884.48
124 1 1691171884.77
125 1 1691171885.07
126 1 1691171885.36
127 1 1691171885.69
128 1 1691171886.05
129 1 1691171886.36
130 1 1691171886.68
131 1 1691171886.98
132 1 1691171887.3
133 1 1691171887.65
134 1 1691171887.95
135 1 1691171888.51
136 1 1691171889.03
137 1 1691171889.59
138 1 1691171890.13
139 1 1691171890.69
140 0 1691171892.08
140 1 1691171892.88
141 1 1691171893.18
142 1 1691171893.47
143 1 1691171893.8
144 1 1691171894.09
145 1 1691171894.41
146 1 1691171894.73
147 1 1691171895.1
148 1 1691171895.62
149 1 1691171896.17
150 1 1691171896.72
151 1 1691171897.26
152 1 1691171897.81
153 1 1691171898.38
154 1 1691171898.92
155 1 1691171899.47
156 1 1691171900.0
157 1 1691171900.56
158 1 1691171901.14
159 1 1691171901.66
160 1 1691171902.19
161 0 1691171903.62
161 1 1691171904.95
162 1 1691171905.27
163 1 1691171905.57
164 1 1691171905.88
165 1 1691171906.21
166 1 1691171906.52
167 1 1691171906.8
168 1 1691171907.16
169 1 1691171907.51
170 1 1691171907.83
171 1 1691171908.26
172 1 1691171908.79
173 1 1691171909.34
174 1 1691171909.92
175 1 1691171910.44
176 1 1691171911.0
177 1 1691171911.55
178 1 1691171912.12
179 1 1691171912.64
180 1 1691171913.21
181 1 1691171913.74
182 1 1691171914.28
183 1 1691171914.83
184 1 1691171915.39
185 1 1691171915.95
186 1 1691171916.51
187 1 1691171917.07
188 1 1691171917.59
189 1 1691171918.14
190 1 1691171918.69
191 1 1691171919.24
192 1 1691171919.79
193 1 1691171920.34
194 1 1691171920.9
195 1 1691171921.43
196 1 1691171921.99
197 1 1691171922.53
198 1 1691171923.11
199 1 1691171923.62
200 1 1691171924.18
201 1 1691171924.72
202 1 1691171925.27
203 1 1691171925.85
204 1 1691171926.37
205 1 1691171926.93
206 1 1691171927.46
207 1 1691171928.03
208 1 1691171928.58
209 1 1691171929.13
210 0 1691171930.52
210 1 1691171931.31
211 1 1691171931.61
