0 1 1691169559.07
1 1 1691169559.39
2 0 1691169560.48
2 0 1691169562.62
2 1 1691169563.91
3 1 1691169564.22
4 1 1691169564.52
5 1 1691169564.84
6 1 1691169565.12
7 1 1691169565.45
8 1 1691169565.91
9 0 1691169567.01
9 0 1691169569.14
9 0 1691169570.78
9 0 1691169572.95
9 1 1691169573.78
10 1 1691169574.11
11 1 1691169574.41
12 0 1691169575.51
12 1 1691169576.82
13 1 1691169577.11
14 1 1691169577.45
15 1 1691169577.76
16 1 1691169578.09
17 1 1691169578.44
18 1 1691169578.78
19 1 1691169579.12
20 1 1691169579.45
21 0 1691169580.63
21 0 1691169582.28
21 0 1691169584.47
21 1 1691169585.81
22 1 1691169586.14
23 1 1691169586.44
24 0 1691169587.55
24 0 1691169589.66
24 0 1691169591.28
24 1 1691169592.06
25 1 1691169592.36
26 0 1691169593.47
26 0 1691169595.6
26 1 1691169597.14
27 0 1691169598.24
27 1 1691169599.04
28 1 1691169599.34
29 1 1691169599.64
30 1 1691169599.96
31 1 1691169600.26
32 1 1691169600.56
33 1 1691169600.84
34 1 1691169601.16
35 1 1691169601.5
36 0 1691169602.61
36 1 1691169603.43
37 0 1691169604.54
37 1 1691169605.36
38 0 1691169606.46
38 0 1691169608.64
38 1 1691169610.01
39 1 1691169610.32
40 1 1691169610.62
41 1 1691169610.93
42 1 1691169611.19
43 1 1691169611.5
44 0 1691169612.61
44 0 1691169614.22
44 0 1691169615.85
44 0 1691169617.45
44 0 1691169619.07
44 0 1691169620.73
44 1 1691169622.05
45 1 1691169622.38
46 1 1691169622.67
47 1 1691169623.0
48 1 1691169623.29
49 1 1691169623.61
50 1 1691169624.04
51 0 1691169625.18
51 0 1691169627.33
51 0 1691169629.51
51 0 1691169631.66
51 0 1691169633.36
51 0 1691169635.49
51 1 1691169636.83
52 0 1691169637.94
52 1 1691169638.7
53 1 1691169639.02
54 1 1691169639.3
55 1 1691169639.61
56 1 1691169639.94
57 1 1691169640.22
58 1 1691169640.53
59 1 1691169640.87
60 1 1691169641.17
61 1 1691169641.48
62 0 1691169642.61
62 0 1691169644.26
62 0 1691169645.9
62 1 1691169647.23
63 1 1691169647.53
64 1 1691169647.83
65 1 1691169648.11
66 1 1691169648.44
67 1 1691169648.78
68 0 1691169649.9
68 1 1691169650.85
69 0 1691169651.96
69 1 1691169652.76
70 0 1691169653.86
70 0 1691169655.54
70 1 1691169656.33
71 1 1691169656.61
72 0 1691169657.73
72 1 1691169659.26
73 0 1691169660.37
73 1 1691169661.65
74 0 1691169662.78
74 0 1691169664.39
74 0 1691169666.49
74 1 1691169667.31
75 1 1691169667.6
76 1 1691169667.93
77 1 1691169668.22
78 1 1691169668.51
79 1 1691169668.82
80 1 1691169669.14
81 1 1691169669.45
82 1 1691169669.77
83 1 1691169670.15
84 1 1691169670.62
85 1 1691169671.16
86 1 1691169671.7
87 1 1691169672.06
88 1 1691169672.43
89 1 1691169672.76
90 1 1691169673.04
91 1 1691169673.31
92 1 1691169673.58
93 1 1691169673.87
94 1 1691169674.13
95 1 1691169674.4
96 1 1691169674.66
97 1 1691169674.94
98 1 1691169675.2
99 1 1691169675.47
100 1 1691169675.77
