0 0 1691171524.23
0 1 1691171525.07
1 1 1691171525.42
2 1 1691171525.72
3 1 1691171526.02
4 0 1691171527.13
4 0 1691171529.25
4 1 1691171530.24
5 0 1691171531.32
5 1 1691171532.61
6 1 1691171532.99
7 1 1691171533.42
8 1 1691171533.73
9 1 1691171534.03
10 1 1691171534.32
11 1 1691171534.66
12 1 1691171534.97
13 1 1691171535.28
14 1 1691171535.61
15 1 1691171535.95
16 0 1691171537.09
16 1 1691171538.42
17 1 1691171538.69
18 1 1691171538.97
19 1 1691171539.25
20 1 1691171539.55
21 1 1691171539.82
22 0 1691171541.0
22 1 1691171541.87
23 1 1691171542.21
24 1 1691171542.5
25 1 1691171542.81
26 1 1691171543.11
27 1 1691171543.42
28 1 1691171543.69
29 1 1691171543.99
30 1 1691171544.32
31 1 1691171544.62
32 1 1691171544.92
33 1 1691171545.2
34 0 1691171546.31
34 1 1691171547.61
35 1 1691171547.9
36 1 1691171548.21
37 1 1691171548.64
38 1 1691171548.98
39 1 1691171549.31
40 1 1691171549.64
41 1 1691171549.99
42 1 1691171550.27
43 1 1691171550.57
44 1 1691171550.92
45 1 1691171551.23
46 1 1691171551.53
47 1 1691171551.83
48 1 1691171552.13
49 1 1691171552.42
50 1 1691171552.76
51 0 1691171553.87
51 1 1691171555.18
52 0 1691171556.3
52 1 1691171557.65
53 1 1691171557.92
54 1 1691171558.22
55 1 1691171558.5
56 1 1691171558.81
57 1 1691171559.07
58 1 1691171559.39
59 1 1691171559.68
60 1 1691171559.97
61 0 1691171561.09
61 1 1691171561.95
62 1 1691171562.25
63 1 1691171562.53
64 0 1691171563.66
64 1 1691171564.95
65 1 1691171565.29
66 1 1691171565.58
67 1 1691171565.89
68 1 1691171566.17
69 1 1691171566.45
70 1 1691171566.75
71 1 1691171567.08
72 1 1691171567.4
73 1 1691171567.7
74 1 1691171568.03
75 1 1691171568.35
76 1 1691171568.77
77 0 1691171569.87
77 1 1691171571.15
78 0 1691171572.32
78 1 1691171573.14
79 1 1691171573.43
80 1 1691171573.72
81 1 1691171574.05
82 1 1691171574.35
83 1 1691171574.65
84 1 1691171574.95
85 1 1691171575.26
86 0 1691171576.37
86 1 1691171577.15
87 1 1691171577.44
88 1 1691171577.75
89 1 1691171578.09
90 1 1691171578.39
91 1 1691171578.7
92 1 1691171579.02
93 1 1691171579.4
94 1 1691171579.83
95 1 1691171580.16
96 1 1691171580.48
97 1 1691171580.78
98 1 1691171581.1
99 1 1691171581.41
100 1 1691171581.73
101 1 1691171582.07
102 1 1691171582.36
103 1 1691171582.65
104 1 1691171582.96
105 1 1691171583.22
106 1 1691171583.51
107 1 1691171583.79
108 1 1691171584.12
109 1 1691171584.41
110 1 1691171584.71
111 1 1691171585.02
112 1 1691171585.31
113 0 1691171586.41
113 1 1691171587.73
114 1 1691171588.03
115 1 1691171588.34
116 1 1691171588.62
117 1 1691171588.94
118 0 1691171590.04
118 1 1691171590.84
119 1 1691171591.19
120 1 1691171591.47
121 1 1691171591.8
122 0 1691171592.91
122 1 1691171594.2
123 1 1691171594.5
124 1 1691171594.82
125 1 1691171595.13
126 1 1691171595.43
127 1 1691171595.74
128 1 1691171596.08
129 1 1691171596.37
130 1 1691171596.7
131 1 1691171596.96
132 1 1691171597.29
133 1 1691171597.59
134 1 1691171597.87
135 1 1691171598.19
136 1 1691171598.49
137 1 1691171598.78
138 1 1691171599.08
139 1 1691171599.38
140 1 1691171599.65
141 1 1691171599.96
142 1 1691171600.23
143 1 1691171600.53
144 1 1691171600.86
145 1 1691171601.17
146 1 1691171601.71
147 1 1691171602.25
148 1 1691171602.8
149 1 1691171603.33
150 1 1691171603.91
151 1 1691171604.44
152 1 1691171604.97
153 1 1691171605.53
154 1 1691171606.08
155 1 1691171606.65
156 1 1691171607.18
157 1 1691171607.71
158 1 1691171608.28
159 1 1691171608.84
160 0 1691171610.23
160 1 1691171611.52
161 1 1691171611.8
162 1 1691171612.14
163 1 1691171612.47
164 1 1691171612.77
165 1 1691171613.12
166 1 1691171613.42
167 1 1691171613.71
168 0 1691171614.81
168 1 1691171616.1
169 1 1691171616.42
170 1 1691171616.69
171 1 1691171617.0
172 1 1691171617.29
173 1 1691171617.62
174 1 1691171617.95
175 0 1691171619.06
175 1 1691171619.86
176 0 1691171620.96
176 1 1691171622.23
177 1 1691171622.55
178 1 1691171622.88
179 1 1691171623.19
180 1 1691171623.49
181 1 1691171623.78
182 1 1691171624.12
183 1 1691171624.44
184 1 1691171624.78
185 1 1691171625.11
186 1 1691171625.42
187 1 1691171625.77
188 1 1691171626.09
189 1 1691171626.45
190 1 1691171626.78
191 1 1691171627.1
192 1 1691171627.43
193 1 1691171627.8
194 1 1691171628.11
195 1 1691171628.63
196 1 1691171629.16
197 1 1691171629.72
198 1 1691171630.45
199 1 1691171630.88
200 1 1691171631.37
201 1 1691171631.92
202 1 1691171632.55
203 1 1691171633.12
204 1 1691171633.58
205 1 1691171634.13
206 1 1691171634.68
207 1 1691171635.2
208 1 1691171635.76
209 1 1691171636.49
210 0 1691171637.69
210 1 1691171638.51
211 1 1691171638.82
212 0 1691171640.0
