0 1 1691690286.51
1 1 1691690286.8
2 1 1691690287.12
3 1 1691690287.46
4 1 1691690287.87
5 1 1691690288.36
6 1 1691690288.73
7 1 1691690289.1
8 1 1691690289.46
9 1 1691690289.83
10 1 1691690290.21
11 0 1691690291.3
11 0 1691690293.49
11 0 1691690295.15
11 1 1691690296.47
12 1 1691690296.81
13 1 1691690297.12
14 1 1691690297.43
15 1 1691690297.74
16 1 1691690298.04
17 1 1691690298.32
18 1 1691690298.62
19 1 1691690298.9
20 1 1691690299.21
21 1 1691690299.52
22 1 1691690299.84
23 1 1691690300.18
24 1 1691690300.46
25 1 1691690300.8
26 1 1691690301.12
27 1 1691690301.48
28 0 1691690302.61
28 1 1691690303.43
29 1 1691690303.73
30 1 1691690304.02
31 1 1691690304.3
32 1 1691690304.61
33 1 1691690304.9
34 1 1691690305.22
35 0 1691690306.32
35 1 1691690307.61
36 1 1691690307.92
37 1 1691690308.23
38 1 1691690308.53
39 1 1691690308.88
40 1 1691690309.18
41 1 1691690309.52
42 1 1691690309.8
43 1 1691690310.15
44 1 1691690310.46
45 1 1691690310.83
46 1 1691690311.17
47 1 1691690311.48
48 1 1691690311.82
49 1 1691690312.17
50 1 1691690312.52
51 0 1691690313.66
51 1 1691690314.99
52 1 1691690315.28
53 0 1691690316.38
53 1 1691690317.19
54 1 1691690317.48
55 1 1691690317.79
56 1 1691690318.09
57 1 1691690318.4
58 1 1691690318.73
59 1 1691690319.05
60 1 1691690319.38
61 1 1691690319.7
62 0 1691690320.86
62 1 1691690322.15
63 1 1691690322.43
64 0 1691690323.53
64 1 1691690324.36
65 1 1691690324.65
66 1 1691690324.94
67 1 1691690325.21
68 1 1691690325.54
69 1 1691690325.82
70 1 1691690326.16
71 1 1691690326.49
72 1 1691690326.8
73 1 1691690327.15
74 0 1691690328.25
74 1 1691690329.05
75 1 1691690329.38
76 1 1691690329.67
77 0 1691690330.84
77 1 1691690331.64
78 1 1691690331.97
79 1 1691690332.25
80 1 1691690332.58
81 1 1691690332.86
82 1 1691690333.17
83 1 1691690333.48
84 1 1691690333.81
85 1 1691690334.17
86 1 1691690334.5
87 1 1691690334.87
88 1 1691690335.22
89 1 1691690335.55
90 0 1691690336.68
90 0 1691690338.29
90 1 1691690339.14
91 1 1691690339.42
92 1 1691690339.74
93 1 1691690340.02
94 1 1691690340.34
95 1 1691690340.62
96 1 1691690340.95
97 1 1691690341.29
98 1 1691690341.61
99 1 1691690341.95
100 1 1691690342.24
101 1 1691690342.56
102 1 1691690342.99
103 1 1691690343.51
104 1 1691690343.89
105 1 1691690344.26
106 1 1691690344.63
107 1 1691690344.97
108 1 1691690345.32
109 1 1691690345.69
110 1 1691690346.04
111 0 1691690347.15
111 1 1691690347.95
112 1 1691690348.24
113 1 1691690348.54
114 1 1691690348.83
115 1 1691690349.15
116 1 1691690349.49
117 1 1691690349.82
118 1 1691690350.15
119 1 1691690350.47
120 1 1691690350.78
121 1 1691690351.1
122 1 1691690351.48
123 1 1691690351.98
124 1 1691690352.55
125 0 1691690353.89
125 1 1691690355.17
126 1 1691690355.43
127 1 1691690355.74
128 1 1691690356.02
129 0 1691690357.18
129 1 1691690358.52
130 1 1691690358.85
131 1 1691690359.13
132 1 1691690359.48
133 1 1691690359.8
134 1 1691690360.12
135 1 1691690360.42
136 1 1691690360.74
137 1 1691690361.06
138 1 1691690361.38
139 1 1691690361.69
140 1 1691690361.98
141 1 1691690362.29
142 1 1691690362.58
143 1 1691690363.01
144 1 1691690363.5
145 1 1691690364.05
146 1 1691690364.62
147 1 1691690365.14
148 1 1691690365.71
149 1 1691690366.26
150 1 1691690366.81
151 1 1691690367.34
152 1 1691690367.92
153 1 1691690368.45
154 0 1691690369.83
154 1 1691690371.13
155 1 1691690371.4
156 1 1691690371.7
157 1 1691690372.05
158 1 1691690372.35
159 1 1691690372.67
160 1 1691690372.99
161 1 1691690373.28
162 1 1691690373.56
163 1 1691690373.94
164 1 1691690374.49
165 1 1691690375.01
166 1 1691690375.6
167 1 1691690376.12
168 1 1691690376.67
169 1 1691690377.24
170 1 1691690377.78
171 1 1691690378.34
172 1 1691690378.89
173 1 1691690379.45
174 1 1691690379.97
175 1 1691690380.54
176 0 1691690381.93
176 1 1691690383.28
177 1 1691690383.59
178 1 1691690383.86
179 1 1691690384.16
180 1 1691690384.45
181 1 1691690384.78
182 1 1691690385.09
183 1 1691690385.41
184 1 1691690385.68
185 1 1691690386.05
186 1 1691690386.55
187 0 1691690387.94
187 1 1691690388.86
188 0 1691690389.96
188 1 1691690390.77
189 1 1691690391.09
190 1 1691690391.4
191 1 1691690391.69
192 1 1691690391.97
193 1 1691690392.25
194 1 1691690392.55
195 1 1691690392.89
196 1 1691690393.19
197 1 1691690393.51
198 1 1691690393.79
199 1 1691690394.12
200 1 1691690394.43
201 1 1691690394.77
202 1 1691690395.33
203 1 1691690395.88
204 1 1691690396.44
205 1 1691690396.98
206 1 1691690397.55
207 1 1691690398.09
208 1 1691690398.65
209 1 1691690399.16
210 1 1691690399.75
211 1 1691690400.27
212 1 1691690400.81
213 1 1691690401.42
214 1 1691690401.95
215 0 1691690403.33
