0 1 1691693236.31
1 1 1691693236.6
2 1 1691693236.9
3 1 1691693237.21
4 1 1691693237.54
5 1 1691693237.91
6 1 1691693238.23
7 1 1691693238.57
8 1 1691693238.89
9 1 1691693239.31
10 1 1691693239.79
11 1 1691693240.3
12 1 1691693240.84
13 1 1691693241.42
14 1 1691693241.97
15 1 1691693242.51
16 1 1691693243.05
17 1 1691693243.63
18 1 1691693244.14
19 1 1691693244.71
20 1 1691693245.27
21 1 1691693245.81
22 1 1691693246.32
23 1 1691693246.91
24 0 1691693248.27
24 1 1691693249.59
25 1 1691693249.91
26 1 1691693250.23
27 1 1691693250.54
28 1 1691693250.85
29 1 1691693251.15
30 1 1691693251.46
31 1 1691693251.78
32 1 1691693252.14
33 1 1691693252.46
34 1 1691693252.94
35 1 1691693253.49
36 1 1691693254.04
37 1 1691693254.58
38 1 1691693255.13
39 1 1691693255.68
40 0 1691693257.08
40 1 1691693258.4
41 1 1691693258.7
42 1 1691693259.03
43 1 1691693259.35
44 1 1691693259.65
45 1 1691693259.96
46 1 1691693260.28
47 1 1691693260.6
48 1 1691693260.94
49 0 1691693262.04
49 0 1691693263.66
49 1 1691693264.98
50 1 1691693265.29
51 1 1691693265.6
52 1 1691693265.91
53 1 1691693266.2
54 1 1691693266.52
55 1 1691693266.8
56 1 1691693267.13
57 1 1691693267.42
58 1 1691693267.75
59 1 1691693268.1
60 1 1691693268.43
61 1 1691693268.76
62 1 1691693269.14
63 1 1691693269.48
64 1 1691693269.83
65 1 1691693270.17
66 1 1691693270.54
67 1 1691693271.05
68 0 1691693272.48
68 1 1691693273.81
69 0 1691693274.92
69 1 1691693276.21
70 1 1691693276.53
71 1 1691693276.84
72 1 1691693277.12
73 0 1691693278.25
73 1 1691693279.05
74 1 1691693279.35
75 1 1691693279.67
76 1 1691693279.98
77 1 1691693280.3
78 1 1691693280.59
79 1 1691693280.9
80 1 1691693281.23
81 1 1691693281.54
82 1 1691693281.89
83 1 1691693282.22
84 1 1691693282.57
85 1 1691693282.96
86 1 1691693283.32
87 0 1691693284.53
87 1 1691693285.35
88 1 1691693285.68
89 1 1691693285.99
90 1 1691693286.33
91 1 1691693286.62
92 1 1691693286.94
93 1 1691693287.28
94 1 1691693287.75
95 0 1691693288.9
95 0 1691693290.55
95 1 1691693291.37
96 1 1691693291.71
97 1 1691693292.01
98 1 1691693292.32
99 1 1691693292.63
100 1 1691693292.93
101 1 1691693293.25
102 1 1691693293.61
103 1 1691693293.94
104 1 1691693294.23
105 1 1691693294.6
106 1 1691693294.95
107 1 1691693295.28
108 1 1691693295.6
109 1 1691693295.92
110 1 1691693296.25
111 1 1691693296.53
112 1 1691693296.9
113 1 1691693297.23
114 1 1691693297.57
115 1 1691693297.89
116 1 1691693298.24
117 1 1691693298.55
118 1 1691693299.1
119 0 1691693300.46
119 0 1691693302.67
119 1 1691693304.0
120 1 1691693304.33
121 1 1691693304.64
122 1 1691693304.91
123 1 1691693305.2
124 0 1691693306.32
124 1 1691693307.12
125 1 1691693307.4
126 1 1691693307.72
127 1 1691693308.02
128 0 1691693309.15
128 1 1691693309.96
129 1 1691693310.22
130 1 1691693310.52
131 1 1691693310.79
132 1 1691693311.08
133 1 1691693311.36
134 1 1691693311.7
135 1 1691693312.06
136 0 1691693313.16
136 1 1691693314.45
137 1 1691693314.77
138 1 1691693315.04
139 1 1691693315.36
140 1 1691693315.64
141 1 1691693315.94
142 1 1691693316.26
143 1 1691693316.58
144 1 1691693316.92
145 1 1691693317.26
146 1 1691693317.62
147 1 1691693317.95
148 1 1691693318.33
149 1 1691693318.68
150 1 1691693319.01
151 1 1691693319.37
152 1 1691693319.74
153 1 1691693320.06
154 1 1691693320.41
155 1 1691693320.78
156 1 1691693321.14
157 1 1691693321.51
158 1 1691693321.88
159 1 1691693322.25
160 1 1691693322.63
161 1 1691693323.0
162 0 1691693324.1
162 1 1691693324.87
163 1 1691693325.17
164 1 1691693325.46
165 1 1691693325.76
166 1 1691693326.08
167 1 1691693326.46
168 1 1691693326.74
169 1 1691693327.1
170 1 1691693327.62
171 1 1691693328.2
172 1 1691693328.74
173 1 1691693329.27
174 1 1691693329.85
175 1 1691693330.38
176 1 1691693330.93
177 1 1691693331.49
178 1 1691693332.04
179 1 1691693332.58
180 1 1691693333.12
181 1 1691693333.7
182 1 1691693334.22
183 1 1691693334.76
184 0 1691693336.17
184 1 1691693337.62
185 1 1691693337.96
186 1 1691693338.23
187 0 1691693339.36
187 0 1691693341.46
187 1 1691693342.78
188 1 1691693343.07
189 1 1691693343.37
190 1 1691693343.69
191 1 1691693344.01
192 1 1691693344.3
193 1 1691693344.64
194 1 1691693345.0
195 1 1691693345.35
196 1 1691693345.68
197 1 1691693346.03
198 1 1691693346.39
199 1 1691693346.73
200 1 1691693347.07
201 1 1691693347.43
202 1 1691693347.81
203 1 1691693348.19
204 1 1691693348.57
205 1 1691693348.93
206 1 1691693349.28
207 1 1691693349.66
208 1 1691693350.04
209 1 1691693350.44
210 1 1691693350.8
211 1 1691693351.18
212 1 1691693351.58
213 1 1691693351.96
214 1 1691693352.53
215 1 1691693352.95
