0 0 1691171030.42
0 1 1691171031.25
1 1 1691171031.56
2 1 1691171031.86
3 0 1691171032.98
3 1 1691171034.34
4 1 1691171034.65
5 1 1691171034.96
6 1 1691171035.3
7 0 1691171036.38
7 1 1691171037.21
8 0 1691171038.4
8 1 1691171039.2
9 1 1691171039.54
10 1 1691171039.83
11 1 1691171040.16
12 1 1691171040.46
13 1 1691171040.77
14 0 1691171041.88
14 1 1691171042.71
15 1 1691171043.03
16 1 1691171043.36
17 0 1691171044.44
17 1 1691171045.74
18 1 1691171046.03
19 1 1691171046.45
20 1 1691171046.99
21 0 1691171048.1
21 1 1691171049.41
22 1 1691171049.73
23 0 1691171050.84
23 0 1691171052.45
23 1 1691171053.75
24 1 1691171054.08
25 0 1691171055.19
25 1 1691171056.03
26 1 1691171056.43
27 1 1691171056.72
28 1 1691171057.05
29 1 1691171057.36
30 1 1691171057.68
31 1 1691171057.96
32 1 1691171058.27
33 1 1691171058.56
34 1 1691171058.85
35 1 1691171059.16
36 1 1691171059.54
37 1 1691171059.88
38 1 1691171060.15
39 1 1691171060.46
40 0 1691171061.56
40 1 1691171062.36
41 1 1691171062.75
42 0 1691171063.86
42 1 1691171065.24
43 1 1691171065.58
44 1 1691171065.89
45 1 1691171066.18
46 1 1691171066.52
47 1 1691171066.83
48 1 1691171067.16
49 1 1691171067.44
50 0 1691171068.6
50 1 1691171069.92
51 1 1691171070.25
52 0 1691171071.36
52 0 1691171073.01
52 0 1691171075.2
52 1 1691171076.53
53 1 1691171076.82
54 1 1691171077.12
55 0 1691171078.21
55 1 1691171078.98
56 1 1691171079.36
57 1 1691171079.68
58 1 1691171079.98
59 1 1691171080.28
60 1 1691171080.59
61 1 1691171080.89
62 1 1691171081.17
63 1 1691171081.49
64 1 1691171081.83
65 1 1691171082.14
66 1 1691171082.43
67 1 1691171082.76
68 1 1691171083.06
69 1 1691171083.33
70 1 1691171083.64
71 1 1691171083.96
72 0 1691171085.1
72 1 1691171085.89
73 1 1691171086.23
74 0 1691171087.34
74 1 1691171088.63
75 1 1691171088.97
76 1 1691171089.33
77 0 1691171090.44
77 1 1691171091.27
78 1 1691171091.53
79 1 1691171091.85
80 1 1691171092.14
81 1 1691171092.45
82 1 1691171092.76
83 1 1691171093.06
84 0 1691171094.17
84 0 1691171096.28
84 1 1691171097.56
85 1 1691171097.88
86 1 1691171098.31
87 1 1691171098.77
88 1 1691171099.11
89 1 1691171099.41
90 1 1691171099.72
91 1 1691171100.06
92 1 1691171100.37
93 0 1691171101.54
93 0 1691171103.18
93 1 1691171104.49
94 1 1691171104.77
95 1 1691171105.21
96 1 1691171105.66
97 1 1691171106.01
98 1 1691171106.31
99 1 1691171106.63
100 1 1691171106.93
101 1 1691171107.26
102 1 1691171107.57
103 1 1691171107.87
104 1 1691171108.19
105 1 1691171108.48
106 0 1691171109.59
106 1 1691171110.41
107 1 1691171110.67
108 1 1691171110.97
109 1 1691171111.27
110 0 1691171112.36
110 1 1691171113.67
111 1 1691171113.95
112 1 1691171114.34
113 1 1691171114.76
114 0 1691171115.86
114 1 1691171117.2
115 1 1691171117.52
116 1 1691171117.82
117 1 1691171118.1
118 1 1691171118.37
119 1 1691171118.72
120 1 1691171119.0
121 1 1691171119.31
122 0 1691171120.42
122 1 1691171121.22
123 1 1691171121.54
124 1 1691171121.88
125 1 1691171122.17
126 1 1691171122.47
127 1 1691171122.75
128 1 1691171123.07
129 0 1691171124.16
129 1 1691171125.69
130 1 1691171126.15
131 1 1691171126.47
132 1 1691171126.81
133 1 1691171127.13
134 1 1691171127.57
135 1 1691171127.9
136 1 1691171128.2
137 1 1691171128.55
138 1 1691171128.86
139 1 1691171129.17
140 0 1691171130.28
140 1 1691171131.07
141 0 1691171132.22
141 1 1691171133.06
142 1 1691171133.35
143 1 1691171133.67
144 1 1691171134.06
145 1 1691171134.36
146 1 1691171134.67
147 1 1691171134.94
148 1 1691171135.27
149 1 1691171135.59
150 1 1691171135.89
151 1 1691171136.22
152 1 1691171136.51
153 1 1691171136.82
154 1 1691171137.1
155 1 1691171137.41
156 1 1691171137.7
157 1 1691171138.03
158 1 1691171138.37
159 1 1691171138.7
160 1 1691171139.02
161 1 1691171139.3
162 1 1691171139.63
163 1 1691171139.96
164 1 1691171140.28
165 1 1691171140.62
166 1 1691171140.93
167 0 1691171142.03
167 0 1691171143.65
