0 1 1691694385.11
1 1 1691694385.4
2 1 1691694385.73
3 1 1691694386.11
4 1 1691694386.52
5 0 1691694387.66
5 1 1691694388.97
6 1 1691694389.25
7 1 1691694389.58
8 1 1691694389.92
9 1 1691694390.32
10 0 1691694391.5
10 1 1691694392.31
11 1 1691694392.59
12 1 1691694392.93
13 1 1691694393.38
14 0 1691694394.49
14 1 1691694395.29
15 1 1691694395.58
16 1 1691694395.89
17 0 1691694397.08
17 1 1691694397.89
18 1 1691694398.2
19 1 1691694398.5
20 1 1691694398.81
21 1 1691694399.14
22 1 1691694399.45
23 1 1691694399.71
24 0 1691694400.91
24 1 1691694402.24
25 1 1691694402.51
26 1 1691694402.87
27 1 1691694403.19
28 1 1691694403.49
29 1 1691694403.81
30 1 1691694404.1
31 1 1691694404.41
32 1 1691694404.76
33 0 1691694405.87
33 1 1691694407.2
34 1 1691694407.52
35 1 1691694407.79
36 1 1691694408.09
37 1 1691694408.41
38 1 1691694408.74
39 1 1691694409.05
40 1 1691694409.39
41 1 1691694409.72
42 0 1691694410.84
42 0 1691694412.46
42 1 1691694413.76
43 0 1691694414.86
43 1 1691694416.16
44 1 1691694416.48
45 1 1691694416.78
46 1 1691694417.13
47 1 1691694417.48
48 1 1691694417.8
49 1 1691694418.12
50 1 1691694418.41
51 1 1691694418.8
52 1 1691694419.13
53 1 1691694419.49
54 1 1691694419.85
55 0 1691694420.96
55 1 1691694422.25
56 1 1691694422.58
57 1 1691694422.9
58 0 1691694424.01
58 0 1691694425.65
58 0 1691694427.82
58 1 1691694429.11
59 1 1691694429.38
60 1 1691694429.69
61 1 1691694429.98
62 1 1691694430.33
63 1 1691694430.67
64 1 1691694431.0
65 1 1691694431.33
66 1 1691694431.67
67 1 1691694432.04
68 0 1691694433.18
68 1 1691694434.51
69 1 1691694434.8
70 1 1691694435.11
71 1 1691694435.41
72 1 1691694435.75
73 0 1691694436.85
73 1 1691694437.7
74 1 1691694438.02
75 0 1691694439.1
75 0 1691694440.72
75 1 1691694441.54
76 1 1691694441.83
77 1 1691694442.16
78 1 1691694442.48
79 1 1691694442.77
80 1 1691694443.06
81 1 1691694443.41
82 1 1691694443.77
83 0 1691694444.89
83 1 1691694446.37
84 1 1691694446.68
85 1 1691694447.03
86 0 1691694448.17
86 1 1691694449.14
87 1 1691694449.45
88 1 1691694449.77
89 1 1691694450.1
90 0 1691694451.21
90 1 1691694452.55
91 1 1691694452.86
92 1 1691694453.18
93 1 1691694453.51
94 1 1691694453.83
95 1 1691694454.19
96 1 1691694454.52
97 1 1691694454.87
98 1 1691694455.21
99 1 1691694455.58
100 1 1691694455.95
101 1 1691694456.3
102 1 1691694456.7
103 0 1691694457.81
103 1 1691694459.15
104 1 1691694459.45
105 1 1691694459.75
106 1 1691694460.05
107 1 1691694460.37
108 1 1691694460.68
109 0 1691694461.85
109 1 1691694462.68
110 1 1691694462.98
111 1 1691694463.27
112 1 1691694463.56
113 1 1691694463.85
114 1 1691694464.18
115 1 1691694464.51
116 1 1691694464.83
117 1 1691694465.17
118 1 1691694465.55
119 1 1691694465.89
120 1 1691694466.2
121 1 1691694466.58
122 1 1691694466.94
123 1 1691694467.39
124 0 1691694468.51
124 1 1691694469.32
125 1 1691694469.62
126 1 1691694469.9
127 1 1691694470.21
128 1 1691694470.5
129 1 1691694470.84
130 1 1691694471.15
131 1 1691694471.51
132 1 1691694471.84
133 0 1691694472.96
133 1 1691694473.77
134 1 1691694474.07
135 1 1691694474.39
136 1 1691694474.67
137 1 1691694474.97
138 1 1691694475.3
139 1 1691694475.64
140 1 1691694475.95
141 1 1691694476.31
142 1 1691694476.63
143 1 1691694477.01
144 1 1691694477.37
145 1 1691694477.73
146 1 1691694478.11
147 1 1691694478.46
148 1 1691694478.8
149 1 1691694479.16
150 1 1691694479.54
151 1 1691694479.9
152 0 1691694481.04
152 1 1691694481.93
153 1 1691694482.24
154 1 1691694482.54
155 1 1691694482.86
156 1 1691694483.17
157 1 1691694483.5
158 1 1691694483.79
159 1 1691694484.16
160 0 1691694485.26
160 0 1691694486.9
160 0 1691694489.0
160 1 1691694490.02
161 1 1691694490.46
162 1 1691694490.76
163 1 1691694491.15
164 1 1691694491.47
165 1 1691694491.81
166 1 1691694492.14
167 1 1691694492.47
168 1 1691694492.81
169 0 1691694493.92
169 1 1691694494.69
170 1 1691694495.0
171 1 1691694495.28
172 1 1691694495.59
173 1 1691694495.94
174 1 1691694496.25
175 1 1691694496.59
176 1 1691694496.88
177 1 1691694497.19
178 1 1691694497.5
179 1 1691694497.87
180 1 1691694498.22
181 1 1691694498.54
182 1 1691694498.88
183 1 1691694499.21
184 1 1691694499.55
185 1 1691694499.93
186 1 1691694500.26
187 1 1691694500.63
188 1 1691694500.98
189 1 1691694501.44
190 1 1691694501.85
