0 1 1691171673.56
1 1 1691171673.88
2 1 1691171674.2
3 1 1691171674.48
4 1 1691171674.77
5 1 1691171675.19
6 1 1691171675.7
7 1 1691171676.03
8 1 1691171676.36
9 1 1691171676.68
10 1 1691171677.11
11 1 1691171677.64
12 1 1691171678.19
13 1 1691171678.73
14 1 1691171679.26
15 0 1691171680.66
15 1 1691171681.46
16 1 1691171681.79
17 1 1691171682.08
18 1 1691171682.4
19 1 1691171682.72
20 1 1691171683.02
21 1 1691171683.3
22 1 1691171683.67
23 1 1691171684.21
24 1 1691171684.76
25 1 1691171685.33
26 1 1691171685.84
27 1 1691171686.41
28 1 1691171686.95
29 0 1691171688.32
29 1 1691171689.13
30 1 1691171689.43
31 1 1691171689.73
32 1 1691171690.05
33 1 1691171690.33
34 1 1691171690.65
35 1 1691171690.91
36 0 1691171692.17
36 1 1691171693.48
37 1 1691171693.74
38 1 1691171694.09
39 1 1691171694.41
40 1 1691171694.72
41 1 1691171695.06
42 1 1691171695.34
43 1 1691171695.67
44 1 1691171695.93
45 1 1691171696.29
46 1 1691171696.86
47 1 1691171697.39
48 1 1691171697.9
49 1 1691171698.62
50 1 1691171699.06
51 1 1691171699.59
52 1 1691171700.18
53 1 1691171700.66
54 0 1691171702.05
54 1 1691171702.85
55 1 1691171703.14
56 1 1691171703.47
57 1 1691171703.78
58 1 1691171704.07
59 1 1691171704.38
60 1 1691171704.66
61 1 1691171705.09
62 0 1691171706.45
62 1 1691171707.27
63 1 1691171707.58
64 1 1691171707.86
65 0 1691171708.98
65 1 1691171710.31
66 1 1691171710.6
67 1 1691171710.9
68 1 1691171711.17
69 1 1691171711.49
70 1 1691171711.77
71 1 1691171712.07
72 1 1691171712.39
73 1 1691171712.7
74 1 1691171712.96
75 1 1691171713.26
76 1 1691171713.59
77 1 1691171713.9
78 1 1691171714.41
79 1 1691171714.95
80 1 1691171715.48
81 0 1691171716.91
81 1 1691171718.26
82 1 1691171718.6
83 1 1691171718.91
84 1 1691171719.22
85 1 1691171719.5
86 1 1691171719.8
87 1 1691171720.08
88 1 1691171720.4
89 1 1691171720.74
90 1 1691171721.03
91 1 1691171721.56
92 1 1691171722.11
93 1 1691171722.67
94 0 1691171724.02
94 1 1691171725.3
95 0 1691171726.41
95 1 1691171727.7
96 1 1691171728.0
97 1 1691171728.28
98 1 1691171728.6
99 1 1691171728.9
100 1 1691171729.21
101 1 1691171729.55
102 1 1691171729.85
103 1 1691171730.16
104 1 1691171730.46
105 1 1691171730.77
106 1 1691171731.08
107 1 1691171731.36
108 1 1691171731.71
109 1 1691171732.01
110 1 1691171732.34
111 1 1691171732.64
112 1 1691171733.06
113 1 1691171733.64
114 1 1691171734.18
115 1 1691171734.7
116 0 1691171736.09
116 1 1691171736.91
117 1 1691171737.21
118 1 1691171737.53
119 1 1691171737.84
120 1 1691171738.13
121 1 1691171738.42
122 1 1691171738.72
123 1 1691171739.1
124 1 1691171739.64
125 1 1691171740.17
126 1 1691171740.75
127 1 1691171741.3
128 1 1691171741.99
129 1 1691171742.42
130 1 1691171742.95
131 1 1691171743.48
132 1 1691171744.05
133 1 1691171744.62
134 1 1691171745.18
135 1 1691171745.84
136 1 1691171746.25
137 1 1691171746.78
138 1 1691171747.32
139 1 1691171747.91
140 1 1691171748.42
141 1 1691171748.98
142 1 1691171749.54
143 1 1691171750.1
144 1 1691171750.62
145 1 1691171751.18
146 1 1691171751.71
147 1 1691171752.28
148 1 1691171752.84
149 1 1691171753.36
150 1 1691171753.93
151 1 1691171754.47
152 1 1691171755.01
153 1 1691171755.55
154 1 1691171756.11
155 1 1691171756.65
156 1 1691171757.21
157 0 1691171758.62
157 1 1691171759.97
158 1 1691171760.3
159 1 1691171760.59
160 1 1691171760.92
161 1 1691171761.22
162 1 1691171761.55
163 1 1691171761.91
164 1 1691171762.22
165 1 1691171762.54
166 1 1691171762.85
167 1 1691171763.25
168 1 1691171763.83
169 1 1691171764.37
170 1 1691171764.91
171 1 1691171765.46
172 1 1691171766.02
173 1 1691171766.56
174 1 1691171767.13
175 1 1691171767.65
176 1 1691171768.18
177 1 1691171768.74
178 1 1691171769.32
179 0 1691171770.68
179 1 1691171771.52
180 1 1691171771.82
181 1 1691171772.12
182 1 1691171772.42
183 1 1691171772.69
184 1 1691171773.02
185 1 1691171773.3
186 1 1691171773.69
187 1 1691171774.23
188 1 1691171774.78
189 1 1691171775.32
190 0 1691171776.73
190 0 1691171778.38
190 1 1691171779.67
191 1 1691171779.94
192 1 1691171780.26
193 1 1691171780.61
194 1 1691171780.92
195 1 1691171781.25
196 1 1691171781.55
197 1 1691171781.87
198 1 1691171782.22
199 1 1691171782.51
200 1 1691171782.83
201 1 1691171783.15
202 1 1691171783.48
203 1 1691171783.78
204 1 1691171784.11
205 1 1691171784.43
206 1 1691171784.75
207 1 1691171785.21
208 1 1691171785.8
209 1 1691171786.36
210 1 1691171787.05
