0 1 1691698233.85
1 1 1691698234.14
2 1 1691698234.47
3 1 1691698234.8
4 1 1691698235.13
5 1 1691698235.48
6 1 1691698235.81
7 1 1691698236.21
8 1 1691698236.62
9 1 1691698237.01
10 1 1691698237.38
11 1 1691698237.85
12 1 1691698238.4
13 1 1691698238.93
14 1 1691698239.43
15 1 1691698239.99
16 1 1691698240.52
17 1 1691698241.08
18 1 1691698241.65
19 1 1691698242.2
20 1 1691698242.75
21 1 1691698243.3
22 1 1691698243.83
23 1 1691698244.39
24 1 1691698244.92
25 1 1691698245.46
26 1 1691698246.03
27 1 1691698246.58
28 1 1691698247.14
29 1 1691698247.68
30 1 1691698248.21
31 1 1691698248.76
32 1 1691698249.33
33 1 1691698249.87
34 1 1691698250.41
35 1 1691698250.97
36 1 1691698251.52
37 1 1691698252.05
38 1 1691698252.61
39 1 1691698253.14
40 1 1691698253.71
41 1 1691698254.26
42 1 1691698254.84
43 1 1691698255.38
44 1 1691698255.92
45 1 1691698256.45
46 1 1691698257.01
47 1 1691698257.58
48 1 1691698258.12
49 1 1691698258.66
50 1 1691698259.21
51 1 1691698259.76
52 1 1691698260.32
53 1 1691698260.85
54 1 1691698261.41
55 1 1691698261.95
56 1 1691698262.48
57 1 1691698263.06
58 1 1691698263.61
59 1 1691698264.17
60 1 1691698264.67
61 1 1691698265.25
62 1 1691698265.8
63 1 1691698266.35
64 1 1691698266.88
65 1 1691698267.43
66 1 1691698268.0
67 1 1691698268.56
68 1 1691698269.13
69 1 1691698269.68
70 1 1691698270.22
71 1 1691698270.76
72 1 1691698271.31
73 1 1691698271.84
74 1 1691698272.4
75 1 1691698272.95
76 1 1691698273.5
77 1 1691698274.03
78 1 1691698274.6
79 1 1691698275.14
80 1 1691698275.7
81 1 1691698276.24
82 1 1691698276.8
83 1 1691698277.32
84 1 1691698277.88
85 1 1691698278.43
86 1 1691698278.96
87 1 1691698279.55
88 0 1691698280.9
88 1 1691698281.74
89 1 1691698282.04
90 1 1691698282.36
91 1 1691698282.67
92 1 1691698282.98
93 1 1691698283.32
94 0 1691698284.4
94 1 1691698285.7
95 1 1691698286.01
96 1 1691698286.3
97 1 1691698286.6
98 1 1691698286.94
99 1 1691698287.26
100 1 1691698287.57
101 1 1691698287.9
102 1 1691698288.25
103 1 1691698288.63
104 1 1691698288.97
105 1 1691698289.48
106 1 1691698289.99
107 1 1691698290.51
108 1 1691698291.07
109 1 1691698291.59
110 1 1691698292.16
111 1 1691698292.76
112 1 1691698293.29
113 1 1691698293.81
114 1 1691698294.39
115 1 1691698294.92
116 1 1691698295.48
117 1 1691698295.99
118 1 1691698296.56
119 1 1691698297.12
120 1 1691698297.65
121 1 1691698298.22
122 1 1691698298.78
123 1 1691698299.31
124 1 1691698299.86
125 1 1691698300.4
126 1 1691698300.99
127 1 1691698301.51
128 1 1691698302.06
129 1 1691698302.62
130 1 1691698303.18
131 1 1691698303.73
132 1 1691698304.27
133 1 1691698304.81
134 1 1691698305.39
135 1 1691698305.91
136 1 1691698306.44
137 1 1691698307.0
138 1 1691698307.56
139 1 1691698308.11
140 1 1691698308.66
141 1 1691698309.22
142 1 1691698309.75
143 1 1691698310.33
144 1 1691698310.85
145 1 1691698311.39
146 1 1691698311.95
147 1 1691698312.52
148 1 1691698313.07
149 1 1691698313.64
150 1 1691698314.15
151 1 1691698314.69
152 1 1691698315.26
153 1 1691698315.8
154 1 1691698316.33
155 1 1691698316.9
156 1 1691698317.46
157 1 1691698318.04
158 1 1691698318.54
159 1 1691698319.07
160 1 1691698319.66
161 1 1691698320.22
162 1 1691698320.72
163 1 1691698321.3
164 1 1691698321.87
165 1 1691698322.38
166 1 1691698322.94
167 1 1691698323.47
168 1 1691698324.04
169 1 1691698324.59
170 1 1691698325.13
171 1 1691698325.7
172 1 1691698326.26
173 1 1691698326.8
174 1 1691698327.32
175 1 1691698327.87
176 1 1691698328.42
177 1 1691698328.99
178 1 1691698329.49
179 1 1691698330.06
180 1 1691698330.61
181 1 1691698331.17
182 1 1691698331.71
183 1 1691698332.28
184 1 1691698332.84
185 1 1691698333.36
186 1 1691698333.93
187 1 1691698334.48
188 1 1691698335.01
189 1 1691698335.57
190 1 1691698336.13
191 1 1691698336.71
192 1 1691698337.21
193 1 1691698337.78
194 1 1691698338.31
195 1 1691698338.84
196 1 1691698339.42
197 1 1691698339.95
198 1 1691698340.51
199 1 1691698341.07
200 1 1691698341.61
201 1 1691698342.15
202 1 1691698342.71
203 0 1691698344.1
203 1 1691698344.91
204 1 1691698345.22
205 1 1691698345.52
206 1 1691698345.87
207 1 1691698346.15
208 1 1691698346.49
209 1 1691698346.84
210 1 1691698347.17
211 1 1691698347.65
212 1 1691698348.19
213 1 1691698348.75
214 1 1691698349.3
215 1 1691698349.87
216 1 1691698350.41
217 1 1691698350.96
218 1 1691698351.52
219 1 1691698352.07
220 1 1691698352.6
221 1 1691698353.15
222 1 1691698353.87
