0 1 1691691454.01
1 1 1691691454.32
2 1 1691691454.62
3 1 1691691454.95
4 1 1691691455.36
5 1 1691691455.81
6 1 1691691456.16
7 1 1691691456.52
8 1 1691691456.88
9 1 1691691457.23
10 1 1691691457.59
11 1 1691691458.1
12 0 1691691459.36
12 1 1691691460.16
13 1 1691691460.51
14 0 1691691461.63
14 1 1691691462.41
15 0 1691691463.53
15 1 1691691464.36
16 1 1691691464.64
17 1 1691691464.99
18 1 1691691465.28
19 1 1691691465.59
20 1 1691691465.92
21 1 1691691466.25
22 1 1691691466.6
23 1 1691691466.93
24 0 1691691468.1
24 1 1691691469.4
25 1 1691691469.71
26 1 1691691470.03
27 1 1691691470.33
28 0 1691691471.43
28 1 1691691472.32
29 1 1691691472.64
30 0 1691691473.76
30 0 1691691475.89
30 1 1691691477.19
31 1 1691691477.58
32 0 1691691478.69
32 1 1691691479.48
33 1 1691691479.83
34 1 1691691480.1
35 1 1691691480.4
36 1 1691691480.74
37 1 1691691481.06
38 1 1691691481.41
39 1 1691691481.75
40 0 1691691482.9
40 1 1691691483.95
41 1 1691691484.29
42 1 1691691484.63
43 1 1691691484.91
44 1 1691691485.26
45 1 1691691485.56
46 1 1691691485.88
47 1 1691691486.17
48 1 1691691486.48
49 1 1691691486.79
50 1 1691691487.11
51 0 1691691488.22
51 1 1691691489.6
52 1 1691691489.89
53 1 1691691490.23
54 0 1691691491.34
54 1 1691691492.09
55 1 1691691492.39
56 1 1691691492.67
57 1 1691691492.99
58 1 1691691493.27
59 0 1691691494.4
59 0 1691691496.52
59 0 1691691498.65
59 0 1691691500.25
59 1 1691691501.06
60 1 1691691501.35
61 1 1691691501.69
62 1 1691691501.98
63 1 1691691502.27
64 0 1691691503.4
64 0 1691691505.02
64 1 1691691505.81
65 1 1691691506.13
66 1 1691691506.41
67 1 1691691506.72
68 1 1691691507.01
69 1 1691691507.32
70 0 1691691508.43
70 1 1691691509.29
71 1 1691691509.57
72 1 1691691509.86
73 1 1691691510.15
74 1 1691691510.47
75 1 1691691510.78
76 0 1691691511.89
76 1 1691691512.71
77 1 1691691513.0
78 1 1691691513.3
79 1 1691691513.57
80 1 1691691513.86
81 1 1691691514.15
82 1 1691691514.47
83 1 1691691514.77
84 1 1691691515.09
85 1 1691691515.45
86 1 1691691515.75
87 1 1691691516.07
88 1 1691691516.33
89 1 1691691516.62
90 1 1691691516.93
91 1 1691691517.29
92 1 1691691517.67
93 1 1691691517.99
94 1 1691691518.3
95 1 1691691518.63
96 1 1691691518.96
97 1 1691691519.29
98 1 1691691519.58
99 1 1691691519.92
100 1 1691691520.26
101 1 1691691520.6
102 1 1691691520.94
103 1 1691691521.28
104 1 1691691521.59
105 1 1691691521.98
106 1 1691691522.34
107 1 1691691522.71
108 1 1691691523.07
109 1 1691691523.4
110 0 1691691524.51
110 1 1691691525.84
111 1 1691691526.14
112 1 1691691526.45
113 1 1691691526.74
114 1 1691691527.05
115 1 1691691527.4
116 1 1691691527.73
117 1 1691691528.07
118 1 1691691528.4
119 1 1691691528.74
120 1 1691691529.08
121 1 1691691529.42
122 1 1691691529.77
123 1 1691691530.1
124 1 1691691530.49
125 1 1691691530.87
126 1 1691691531.24
127 1 1691691531.6
128 1 1691691531.94
129 1 1691691532.29
130 1 1691691532.65
131 1 1691691533.03
132 1 1691691533.36
133 1 1691691533.7
134 1 1691691534.09
135 1 1691691534.45
136 1 1691691534.82
137 1 1691691535.21
138 1 1691691535.57
139 0 1691691536.75
139 1 1691691537.58
140 1 1691691537.93
141 1 1691691538.23
142 1 1691691538.56
143 1 1691691538.86
144 1 1691691539.16
145 1 1691691539.44
146 0 1691691540.61
146 1 1691691541.43
147 1 1691691541.74
148 0 1691691542.85
148 1 1691691543.64
149 1 1691691543.92
150 1 1691691544.21
151 1 1691691544.54
152 1 1691691544.83
153 1 1691691545.16
154 1 1691691545.44
155 1 1691691545.78
156 1 1691691546.1
157 1 1691691546.41
158 1 1691691546.76
159 1 1691691547.09
160 1 1691691547.41
161 1 1691691547.74
162 1 1691691548.07
163 1 1691691548.44
164 1 1691691548.76
165 1 1691691549.14
166 1 1691691549.5
167 1 1691691549.83
168 1 1691691550.22
169 1 1691691550.59
170 1 1691691550.94
171 1 1691691551.29
172 0 1691691552.4
172 1 1691691553.16
173 1 1691691553.48
174 1 1691691553.79
175 0 1691691554.89
175 1 1691691556.2
176 1 1691691556.53
177 1 1691691556.83
178 1 1691691557.15
179 1 1691691557.43
180 0 1691691558.54
180 1 1691691559.89
181 1 1691691560.18
182 1 1691691560.46
183 0 1691691561.57
183 1 1691691562.86
184 1 1691691563.17
185 1 1691691563.49
186 0 1691691564.62
186 1 1691691565.96
187 1 1691691566.24
188 1 1691691566.57
189 0 1691691567.67
189 1 1691691568.48
190 1 1691691568.78
191 1 1691691569.06
192 1 1691691569.37
193 1 1691691569.66
194 1 1691691570.0
195 1 1691691570.35
196 1 1691691570.8
197 1 1691691571.17
198 1 1691691571.55
199 1 1691691571.91
