0 1 1691695105.69
1 1 1691695105.99
2 1 1691695106.28
3 0 1691695107.4
3 1 1691695108.2
4 1 1691695108.5
5 1 1691695108.77
6 1 1691695109.09
7 1 1691695109.37
8 0 1691695110.55
8 0 1691695112.18
8 1 1691695113.7
9 1 1691695114.23
10 1 1691695114.73
11 1 1691695115.06
12 1 1691695115.39
13 1 1691695115.74
14 1 1691695116.1
15 1 1691695116.43
16 1 1691695116.88
17 0 1691695117.98
17 1 1691695119.27
18 0 1691695120.43
18 0 1691695122.58
18 1 1691695123.37
19 1 1691695123.64
20 1 1691695123.95
21 1 1691695124.27
22 1 1691695124.58
23 1 1691695124.88
24 1 1691695125.18
25 1 1691695125.53
26 0 1691695126.64
26 1 1691695127.92
27 1 1691695128.24
28 1 1691695128.55
29 1 1691695128.84
30 1 1691695129.12
31 1 1691695129.44
32 1 1691695129.71
33 1 1691695130.06
34 1 1691695130.38
35 0 1691695131.51
35 1 1691695132.99
36 0 1691695134.17
36 0 1691695135.83
36 1 1691695137.14
37 1 1691695137.4
38 0 1691695138.57
38 1 1691695139.38
39 1 1691695139.67
40 1 1691695139.93
41 1 1691695140.25
42 1 1691695140.54
43 0 1691695141.65
43 1 1691695142.98
44 1 1691695143.25
45 0 1691695144.34
45 1 1691695145.81
46 1 1691695146.1
47 1 1691695146.42
48 0 1691695147.57
48 1 1691695148.37
49 1 1691695148.67
50 1 1691695148.95
51 1 1691695149.28
52 1 1691695149.63
53 1 1691695149.93
54 1 1691695150.25
55 1 1691695150.55
56 1 1691695150.89
57 1 1691695151.23
58 1 1691695151.53
59 1 1691695151.87
60 1 1691695152.18
61 0 1691695153.32
61 0 1691695155.42
61 1 1691695156.22
62 0 1691695157.32
62 0 1691695159.44
62 0 1691695161.09
62 1 1691695161.9
63 1 1691695162.18
64 1 1691695162.48
65 1 1691695162.8
66 1 1691695163.14
67 1 1691695163.47
68 1 1691695163.76
69 1 1691695164.11
70 1 1691695164.44
71 1 1691695164.8
72 1 1691695165.22
73 0 1691695166.32
73 1 1691695167.16
74 1 1691695167.45
75 0 1691695168.55
75 0 1691695170.21
75 1 1691695171.16
76 0 1691695172.28
76 1 1691695173.08
77 1 1691695173.38
78 1 1691695173.66
79 1 1691695174.01
80 1 1691695174.34
81 1 1691695174.66
82 1 1691695174.97
83 1 1691695175.27
84 1 1691695175.61
85 1 1691695176.07
86 1 1691695176.57
87 1 1691695177.01
88 1 1691695177.35
89 0 1691695178.46
89 1 1691695179.28
90 1 1691695179.57
91 1 1691695179.95
92 1 1691695180.39
93 1 1691695180.97
94 1 1691695181.59
95 0 1691695182.68
95 1 1691695183.46
96 1 1691695183.79
97 1 1691695184.1
98 1 1691695184.42
99 0 1691695185.52
99 1 1691695186.79
100 1 1691695187.09
101 1 1691695187.39
102 1 1691695187.75
103 1 1691695188.17
104 1 1691695188.62
105 1 1691695189.04
106 1 1691695189.42
107 1 1691695189.78
108 1 1691695190.12
109 1 1691695190.51
110 1 1691695190.89
111 1 1691695191.29
112 1 1691695191.65
113 1 1691695192.02
114 1 1691695192.4
115 0 1691695193.49
115 1 1691695194.33
116 1 1691695194.65
117 1 1691695194.95
118 1 1691695195.26
119 1 1691695195.55
120 1 1691695195.88
121 1 1691695196.32
122 0 1691695197.43
122 1 1691695198.19
123 1 1691695198.49
124 1 1691695198.78
125 1 1691695199.1
126 1 1691695199.38
127 1 1691695199.68
128 1 1691695199.99
129 1 1691695200.31
130 0 1691695201.43
130 1 1691695202.74
131 1 1691695203.05
132 1 1691695203.32
133 1 1691695203.63
134 1 1691695203.94
135 1 1691695204.25
136 1 1691695204.57
137 0 1691695205.66
137 0 1691695207.29
137 0 1691695208.9
137 0 1691695210.56
137 1 1691695211.36
138 1 1691695211.64
139 1 1691695211.94
140 1 1691695212.27
141 1 1691695212.56
142 1 1691695212.9
143 1 1691695213.19
144 1 1691695213.5
145 1 1691695213.86
146 1 1691695214.19
147 1 1691695214.5
148 1 1691695214.83
149 1 1691695215.17
150 1 1691695215.51
151 1 1691695215.82
152 1 1691695216.17
153 1 1691695216.49
154 1 1691695216.82
155 1 1691695217.19
156 1 1691695217.48
157 1 1691695217.81
158 1 1691695218.15
159 1 1691695218.5
160 1 1691695218.87
161 1 1691695219.21
162 1 1691695219.56
163 1 1691695219.93
164 1 1691695220.3
165 1 1691695220.62
166 1 1691695220.92
167 1 1691695221.29
168 1 1691695221.64
169 1 1691695222.12
170 1 1691695222.49
171 1 1691695222.87
172 1 1691695223.22
173 1 1691695223.53
174 1 1691695223.85
175 1 1691695224.15
