0 1 1691694820.03
1 1 1691694820.32
2 1 1691694820.65
3 0 1691694821.74
3 1 1691694822.56
4 1 1691694822.87
5 1 1691694823.17
6 1 1691694823.49
7 1 1691694823.81
8 1 1691694824.1
9 1 1691694824.41
10 1 1691694824.7
11 1 1691694825.08
12 0 1691694826.18
12 0 1691694828.3
12 1 1691694829.61
13 1 1691694829.92
14 1 1691694830.23
15 1 1691694830.57
16 1 1691694830.89
17 0 1691694831.98
17 1 1691694832.79
18 1 1691694833.1
19 1 1691694833.38
20 1 1691694833.7
21 1 1691694834.03
22 1 1691694834.34
23 1 1691694834.63
24 1 1691694834.93
25 0 1691694836.05
25 1 1691694837.34
26 1 1691694837.63
27 1 1691694837.93
28 1 1691694838.22
29 1 1691694838.56
30 0 1691694839.67
30 1 1691694840.7
31 1 1691694841.17
32 1 1691694841.49
33 1 1691694841.79
34 1 1691694842.1
35 1 1691694842.43
36 1 1691694842.73
37 1 1691694843.08
38 1 1691694843.41
39 1 1691694843.72
40 1 1691694844.07
41 1 1691694844.4
42 1 1691694844.7
43 0 1691694845.82
43 0 1691694847.45
43 1 1691694848.73
44 0 1691694849.83
44 1 1691694851.12
45 1 1691694851.42
46 1 1691694851.7
47 1 1691694852.07
48 1 1691694852.51
49 0 1691694853.62
49 0 1691694855.73
49 1 1691694857.01
50 1 1691694857.32
51 1 1691694857.6
52 1 1691694857.91
53 0 1691694859.03
53 1 1691694860.06
54 1 1691694860.36
55 1 1691694860.67
56 1 1691694860.95
57 0 1691694862.05
57 1 1691694862.87
58 1 1691694863.16
59 1 1691694863.47
60 1 1691694863.77
61 1 1691694864.09
62 1 1691694864.4
63 1 1691694864.7
64 1 1691694865.02
65 1 1691694865.32
66 1 1691694865.69
67 1 1691694865.99
68 1 1691694866.34
69 1 1691694866.68
70 1 1691694867.0
71 1 1691694867.4
72 0 1691694868.49
72 1 1691694869.29
73 1 1691694869.63
74 1 1691694869.95
75 1 1691694870.25
76 1 1691694870.59
77 1 1691694870.87
78 0 1691694872.02
78 0 1691694874.13
78 0 1691694875.74
78 1 1691694877.05
79 1 1691694877.34
80 1 1691694877.64
81 1 1691694877.92
82 1 1691694878.23
83 1 1691694878.51
84 1 1691694878.8
85 0 1691694879.91
85 0 1691694882.05
85 0 1691694883.67
85 1 1691694884.49
86 1 1691694884.8
87 1 1691694885.1
88 0 1691694886.2
88 1 1691694887.52
89 1 1691694887.8
90 1 1691694888.13
91 1 1691694888.42
92 1 1691694888.72
93 1 1691694889.02
94 1 1691694889.32
95 1 1691694889.65
96 1 1691694889.97
97 0 1691694891.08
97 1 1691694891.88
98 0 1691694892.97
98 1 1691694893.78
99 1 1691694894.11
100 0 1691694895.22
100 1 1691694896.26
101 0 1691694897.38
101 1 1691694898.17
102 1 1691694898.5
103 1 1691694898.78
104 1 1691694899.13
105 1 1691694899.43
106 1 1691694899.75
107 1 1691694900.03
108 1 1691694900.39
109 1 1691694900.71
110 1 1691694901.03
111 1 1691694901.35
112 1 1691694901.64
113 1 1691694901.97
114 0 1691694903.07
114 1 1691694904.35
115 1 1691694904.62
116 1 1691694904.88
117 1 1691694905.17
118 1 1691694905.45
119 1 1691694905.77
120 1 1691694906.04
121 1 1691694906.32
122 1 1691694906.6
123 1 1691694906.93
124 0 1691694908.03
124 1 1691694909.32
125 1 1691694909.63
126 1 1691694909.97
127 1 1691694910.26
128 1 1691694910.59
129 1 1691694910.88
130 1 1691694911.21
131 1 1691694911.53
132 1 1691694911.84
133 1 1691694912.19
134 1 1691694912.51
135 1 1691694912.82
136 1 1691694913.13
137 1 1691694913.44
138 1 1691694913.76
139 1 1691694914.09
140 1 1691694914.39
141 1 1691694914.71
142 1 1691694915.06
143 0 1691694916.15
143 1 1691694916.96
144 1 1691694917.27
145 1 1691694917.54
146 1 1691694917.85
147 1 1691694918.13
148 1 1691694918.43
149 1 1691694918.7
150 1 1691694919.02
151 1 1691694919.39
152 0 1691694920.52
152 0 1691694922.15
152 0 1691694924.25
152 1 1691694925.6
153 1 1691694925.91
154 1 1691694926.21
155 1 1691694926.5
156 1 1691694926.79
157 1 1691694927.14
158 1 1691694927.42
159 1 1691694927.76
160 1 1691694928.05
161 1 1691694928.4
162 1 1691694928.72
163 1 1691694929.02
164 1 1691694929.34
165 1 1691694929.64
166 1 1691694929.96
167 1 1691694930.29
168 1 1691694930.6
169 1 1691694930.94
170 1 1691694931.27
171 1 1691694931.6
172 1 1691694931.87
173 1 1691694932.19
174 1 1691694932.54
175 1 1691694932.87
176 1 1691694933.22
177 1 1691694933.53
178 1 1691694933.86
179 1 1691694934.22
180 1 1691694934.51
181 1 1691694934.8
182 1 1691694935.1
183 1 1691694935.41
184 1 1691694935.71
185 1 1691694936.02
186 1 1691694936.49
187 1 1691694936.88
