0 1 1691690141.38
1 1 1691690141.67
2 1 1691690142.01
3 1 1691690142.31
4 1 1691690142.65
5 1 1691690143.01
6 1 1691690143.3
7 1 1691690143.65
8 1 1691690143.98
9 1 1691690144.38
10 1 1691690144.89
11 1 1691690145.43
12 0 1691690146.83
12 1 1691690147.63
13 1 1691690147.95
14 1 1691690148.25
15 0 1691690149.36
15 0 1691690151.5
15 1 1691690153.0
16 1 1691690153.3
17 1 1691690153.61
18 1 1691690153.95
19 1 1691690154.25
20 1 1691690154.56
21 1 1691690154.87
22 1 1691690155.22
23 1 1691690155.52
24 1 1691690155.87
25 1 1691690156.19
26 1 1691690156.52
27 1 1691690156.86
28 1 1691690157.19
29 1 1691690157.55
30 1 1691690157.89
31 1 1691690158.21
32 1 1691690158.56
33 1 1691690158.93
34 1 1691690159.3
35 1 1691690159.67
36 0 1691690160.77
36 1 1691690162.04
37 1 1691690162.35
38 1 1691690162.66
39 1 1691690162.97
40 1 1691690163.3
41 0 1691690164.41
41 1 1691690165.75
42 1 1691690166.06
43 1 1691690166.34
44 1 1691690166.67
45 1 1691690167.0
46 1 1691690167.35
47 1 1691690167.67
48 1 1691690167.98
49 1 1691690168.31
50 1 1691690168.63
51 1 1691690168.96
52 1 1691690169.3
53 1 1691690169.64
54 1 1691690169.98
55 1 1691690170.32
56 1 1691690170.7
57 0 1691690171.82
57 1 1691690172.63
58 1 1691690172.91
59 1 1691690173.23
60 0 1691690174.34
60 1 1691690175.13
61 1 1691690175.45
62 1 1691690175.73
63 1 1691690176.03
64 1 1691690176.31
65 1 1691690176.63
66 1 1691690176.91
67 1 1691690177.25
68 1 1691690177.6
69 0 1691690178.73
69 1 1691690179.51
70 1 1691690179.83
71 1 1691690180.1
72 1 1691690180.41
73 1 1691690180.86
74 0 1691690181.97
74 1 1691690182.79
75 1 1691690183.11
76 1 1691690183.4
77 1 1691690183.69
78 1 1691690183.97
79 1 1691690184.28
80 1 1691690184.6
81 1 1691690184.89
82 1 1691690185.18
83 0 1691690186.35
83 1 1691690187.65
84 0 1691690188.78
84 1 1691690190.06
85 1 1691690190.37
86 1 1691690190.66
87 1 1691690190.98
88 1 1691690191.3
89 1 1691690191.63
90 1 1691690191.97
91 1 1691690192.33
92 1 1691690192.69
93 1 1691690193.03
94 1 1691690193.36
95 0 1691690194.46
95 1 1691690195.28
96 1 1691690195.56
97 1 1691690195.87
98 1 1691690196.17
99 0 1691690197.32
99 1 1691690198.15
100 1 1691690198.47
101 1 1691690198.77
102 1 1691690199.11
103 1 1691690199.39
104 1 1691690199.7
105 1 1691690199.99
106 1 1691690200.31
107 0 1691690201.42
107 1 1691690202.73
108 1 1691690203.05
109 1 1691690203.39
110 1 1691690203.68
111 1 1691690204.0
112 0 1691690205.12
112 1 1691690205.89
113 1 1691690206.19
114 1 1691690206.5
115 1 1691690206.84
116 1 1691690207.14
117 1 1691690207.45
118 1 1691690207.79
119 1 1691690208.11
120 1 1691690208.42
121 1 1691690208.72
122 1 1691690209.06
123 1 1691690209.41
124 1 1691690209.73
125 1 1691690210.09
126 1 1691690210.41
127 0 1691690211.55
127 1 1691690212.39
128 1 1691690212.69
129 1 1691690212.99
130 1 1691690213.31
131 1 1691690213.62
132 1 1691690213.93
133 0 1691690215.02
133 1 1691690215.79
134 1 1691690216.1
135 1 1691690216.4
136 1 1691690216.71
137 1 1691690217.01
138 1 1691690217.34
139 1 1691690217.69
140 1 1691690217.99
141 1 1691690218.33
142 1 1691690218.64
143 1 1691690218.98
144 1 1691690219.35
145 1 1691690219.67
146 1 1691690220.01
147 1 1691690220.39
148 1 1691690220.74
149 1 1691690221.23
150 1 1691690221.76
151 1 1691690222.34
152 1 1691690222.83
153 1 1691690223.42
154 1 1691690223.95
155 1 1691690224.53
156 1 1691690225.07
157 1 1691690225.62
158 1 1691690226.13
159 0 1691690227.52
159 1 1691690228.35
160 1 1691690228.68
161 1 1691690228.99
162 1 1691690229.28
163 1 1691690229.58
164 1 1691690229.9
165 1 1691690230.18
166 1 1691690230.57
167 1 1691690231.09
168 1 1691690231.62
169 1 1691690232.18
170 1 1691690232.73
171 1 1691690233.26
172 1 1691690233.82
173 1 1691690234.38
174 1 1691690234.9
175 1 1691690235.49
176 1 1691690236.04
177 1 1691690236.58
178 1 1691690237.15
179 1 1691690237.68
180 1 1691690238.23
181 1 1691690238.78
182 0 1691690240.16
182 1 1691690241.52
183 1 1691690241.82
184 1 1691690242.13
185 1 1691690242.43
186 1 1691690242.72
187 1 1691690243.02
188 1 1691690243.31
189 1 1691690243.64
190 1 1691690244.0
191 1 1691690244.34
192 1 1691690244.79
193 1 1691690245.52
194 1 1691690245.93
195 0 1691690247.29
195 1 1691690248.6
196 1 1691690248.92
197 1 1691690249.21
198 1 1691690249.48
199 1 1691690249.78
200 1 1691690250.11
201 1 1691690250.4
202 1 1691690250.74
203 1 1691690251.07
204 1 1691690251.47
205 1 1691690252.01
206 1 1691690252.51
207 1 1691690253.02
208 1 1691690253.6
209 1 1691690254.16
210 1 1691690254.72
211 1 1691690255.24
212 1 1691690255.79
213 1 1691690256.34
214 1 1691690256.91
