0 0 1691170037.78
0 1 1691170038.58
1 1 1691170038.89
2 1 1691170039.21
3 1 1691170039.52
4 1 1691170039.86
5 1 1691170040.19
6 1 1691170040.61
7 0 1691170041.72
7 1 1691170042.57
8 1 1691170042.84
9 0 1691170043.93
9 1 1691170045.26
10 1 1691170045.58
11 1 1691170045.89
12 0 1691170047.01
12 1 1691170047.81
13 1 1691170048.14
14 1 1691170048.42
15 1 1691170048.73
16 1 1691170049.03
17 1 1691170049.36
18 1 1691170049.66
19 1 1691170049.94
20 0 1691170051.07
20 1 1691170052.39
21 1 1691170052.67
22 1 1691170053.01
23 1 1691170053.28
24 1 1691170053.59
25 1 1691170053.89
26 1 1691170054.2
27 1 1691170054.47
28 1 1691170054.77
29 1 1691170055.05
30 0 1691170056.23
30 1 1691170057.06
31 1 1691170057.34
32 1 1691170057.64
33 1 1691170057.95
34 1 1691170058.22
35 1 1691170058.54
36 1 1691170058.86
37 1 1691170059.2
38 1 1691170059.56
39 1 1691170059.88
40 0 1691170060.99
40 0 1691170062.62
40 1 1691170063.92
41 1 1691170064.22
42 1 1691170064.62
43 0 1691170065.76
43 1 1691170067.06
44 1 1691170067.38
45 1 1691170067.66
46 1 1691170067.96
47 1 1691170068.24
48 1 1691170068.52
49 1 1691170068.78
50 1 1691170069.11
51 1 1691170069.4
52 1 1691170069.71
53 1 1691170070.02
54 1 1691170070.39
55 1 1691170070.8
56 0 1691170071.91
56 1 1691170072.73
57 1 1691170073.02
58 0 1691170074.12
58 1 1691170075.54
59 1 1691170075.85
60 1 1691170076.16
61 1 1691170076.58
62 1 1691170077.08
63 1 1691170077.49
64 1 1691170077.84
65 1 1691170078.13
66 1 1691170078.43
67 1 1691170078.75
68 1 1691170079.09
69 1 1691170079.41
70 1 1691170079.72
71 1 1691170080.03
72 1 1691170080.32
73 1 1691170080.64
74 1 1691170080.96
75 1 1691170081.25
76 1 1691170081.55
77 1 1691170081.84
78 0 1691170082.95
78 1 1691170084.27
79 1 1691170084.55
80 1 1691170084.86
81 1 1691170085.14
82 1 1691170085.46
83 1 1691170085.76
84 1 1691170086.06
85 1 1691170086.45
86 0 1691170087.56
86 0 1691170089.71
86 1 1691170090.57
87 1 1691170090.92
88 1 1691170091.22
89 1 1691170091.53
90 1 1691170091.81
91 1 1691170092.12
92 1 1691170092.44
93 1 1691170092.74
94 1 1691170093.08
95 1 1691170093.39
96 1 1691170093.7
97 1 1691170093.98
98 0 1691170095.12
98 0 1691170096.71
98 0 1691170098.84
98 1 1691170100.19
99 0 1691170101.29
99 1 1691170102.07
100 1 1691170102.39
101 1 1691170102.7
102 1 1691170103.02
103 1 1691170103.34
104 1 1691170103.65
105 1 1691170103.93
106 1 1691170104.25
107 1 1691170104.59
108 1 1691170104.94
109 1 1691170105.24
110 1 1691170105.53
111 1 1691170105.83
112 1 1691170106.12
113 1 1691170106.44
114 1 1691170106.76
115 1 1691170107.07
116 0 1691170108.2
116 1 1691170109.51
117 1 1691170109.8
118 1 1691170110.11
119 1 1691170110.42
120 1 1691170110.71
121 1 1691170111.02
122 1 1691170111.33
123 0 1691170112.43
123 1 1691170113.22
124 1 1691170113.53
125 1 1691170113.81
126 1 1691170114.15
127 1 1691170114.47
128 1 1691170114.74
129 1 1691170115.05
130 1 1691170115.33
131 1 1691170115.63
132 1 1691170115.89
133 1 1691170116.22
134 1 1691170116.49
135 1 1691170116.81
136 1 1691170117.09
137 0 1691170118.22
137 1 1691170119.08
138 1 1691170119.39
139 0 1691170120.48
139 1 1691170121.31
140 1 1691170121.63
141 1 1691170121.92
142 0 1691170123.02
142 1 1691170123.86
143 1 1691170124.15
144 1 1691170124.45
145 1 1691170124.75
146 1 1691170125.05
147 1 1691170125.33
148 1 1691170125.61
149 1 1691170125.88
150 1 1691170126.21
151 1 1691170126.5
152 1 1691170126.8
153 1 1691170127.12
154 1 1691170127.42
155 1 1691170127.75
156 1 1691170128.01
157 1 1691170128.3
158 1 1691170128.59
159 1 1691170128.9
160 1 1691170129.2
161 1 1691170129.5
162 1 1691170129.82
163 1 1691170130.1
164 0 1691170131.2
164 1 1691170132.47
165 1 1691170132.77
166 1 1691170133.04
167 1 1691170133.33
168 1 1691170133.6
169 1 1691170133.93
170 1 1691170134.24
171 0 1691170135.34
171 0 1691170137.48
171 0 1691170139.13
171 1 1691170140.25
172 1 1691170140.65
173 1 1691170140.96
174 1 1691170141.24
175 1 1691170141.55
176 1 1691170141.82
177 1 1691170142.16
178 1 1691170142.51
179 1 1691170142.79
180 1 1691170143.09
181 1 1691170143.38
182 1 1691170143.67
183 1 1691170143.96
184 1 1691170144.26
185 1 1691170144.54
186 1 1691170144.82
187 1 1691170145.13
188 1 1691170145.45
189 1 1691170145.8
190 1 1691170146.11
191 1 1691170146.44
192 1 1691170146.71
193 1 1691170147.01
194 1 1691170147.28
195 1 1691170147.6
196 1 1691170147.91
197 1 1691170148.2
198 1 1691170148.52
199 1 1691170148.81
200 1 1691170149.13
201 1 1691170149.4
202 1 1691170149.68
203 1 1691170149.98
204 1 1691170150.28
205 1 1691170150.55
206 1 1691170151.01
207 1 1691170151.4
208 1 1691170151.75
209 1 1691170152.09
