0 1 1691693531.59
1 1 1691693531.87
2 1 1691693532.17
3 0 1691693533.28
3 1 1691693534.06
4 1 1691693534.34
5 1 1691693534.63
6 1 1691693534.93
7 1 1691693535.21
8 1 1691693535.54
9 1 1691693535.87
10 1 1691693536.22
11 0 1691693537.33
11 1 1691693538.65
12 1 1691693538.96
13 1 1691693539.32
14 1 1691693539.62
15 1 1691693539.95
16 1 1691693540.28
17 1 1691693540.59
18 1 1691693540.93
19 1 1691693541.22
20 1 1691693541.58
21 1 1691693541.91
22 1 1691693542.25
23 0 1691693543.35
23 1 1691693544.14
24 1 1691693544.42
25 1 1691693544.75
26 1 1691693545.02
27 1 1691693545.34
28 1 1691693545.65
29 1 1691693545.96
30 1 1691693546.3
31 1 1691693546.61
32 1 1691693547.1
33 1 1691693547.65
34 1 1691693548.21
35 1 1691693548.73
36 1 1691693549.3
37 1 1691693549.81
38 1 1691693550.37
39 1 1691693550.93
40 1 1691693551.58
41 1 1691693552.22
42 1 1691693552.62
43 1 1691693553.11
44 1 1691693553.67
45 1 1691693554.19
46 1 1691693554.78
47 1 1691693555.32
48 1 1691693555.87
49 0 1691693557.25
49 0 1691693558.91
49 1 1691693560.24
50 1 1691693560.53
51 1 1691693560.83
52 1 1691693561.13
53 1 1691693561.45
54 1 1691693561.76
55 1 1691693562.06
56 1 1691693562.37
57 1 1691693562.65
58 1 1691693562.95
59 1 1691693563.31
60 1 1691693563.64
61 1 1691693563.97
62 1 1691693564.25
63 1 1691693564.56
64 1 1691693564.86
65 1 1691693565.22
66 1 1691693565.73
67 0 1691693567.13
67 1 1691693567.96
68 1 1691693568.28
69 1 1691693568.59
70 1 1691693568.89
71 1 1691693569.17
72 1 1691693569.49
73 0 1691693570.6
73 1 1691693571.88
74 1 1691693572.16
75 0 1691693573.27
75 1 1691693574.54
76 1 1691693574.85
77 1 1691693575.16
78 1 1691693575.47
79 1 1691693575.79
80 1 1691693576.12
81 1 1691693576.47
82 1 1691693576.79
83 1 1691693577.14
84 1 1691693577.47
85 1 1691693577.81
86 1 1691693578.15
87 0 1691693579.26
87 1 1691693580.53
88 1 1691693580.82
89 1 1691693581.14
90 1 1691693581.47
91 1 1691693581.76
92 1 1691693582.06
93 1 1691693582.36
94 1 1691693582.77
95 1 1691693583.24
96 1 1691693583.77
97 1 1691693584.13
98 1 1691693584.5
99 0 1691693585.63
99 0 1691693587.24
99 1 1691693588.57
100 1 1691693588.84
101 1 1691693589.17
102 1 1691693589.43
103 1 1691693589.74
104 1 1691693590.03
105 1 1691693590.34
106 1 1691693590.62
107 1 1691693590.93
108 1 1691693591.28
109 1 1691693591.61
110 1 1691693591.94
111 1 1691693592.29
112 1 1691693592.65
113 1 1691693593.01
114 1 1691693593.34
115 0 1691693594.48
115 1 1691693595.49
116 1 1691693595.8
117 1 1691693596.09
118 1 1691693596.44
119 0 1691693597.53
119 1 1691693598.82
120 1 1691693599.12
121 1 1691693599.4
122 1 1691693599.71
123 1 1691693599.99
124 1 1691693600.33
125 1 1691693600.63
126 1 1691693600.93
127 1 1691693601.26
128 1 1691693601.56
129 1 1691693601.87
130 1 1691693602.17
131 1 1691693602.53
132 1 1691693602.86
133 1 1691693603.2
134 1 1691693603.56
135 0 1691693604.67
135 1 1691693605.98
136 1 1691693606.27
137 1 1691693606.54
138 1 1691693606.86
139 1 1691693607.19
140 1 1691693607.55
141 0 1691693608.65
141 1 1691693609.45
142 1 1691693609.74
143 1 1691693610.04
144 1 1691693610.35
145 1 1691693610.67
146 1 1691693610.94
147 1 1691693611.25
148 1 1691693611.62
149 1 1691693611.93
150 1 1691693612.25
151 1 1691693612.53
152 1 1691693612.94
153 1 1691693613.52
154 1 1691693614.07
155 1 1691693614.63
156 1 1691693615.15
157 1 1691693615.69
158 1 1691693616.24
159 1 1691693616.81
160 1 1691693617.35
161 1 1691693617.9
162 0 1691693619.28
162 1 1691693620.62
163 1 1691693620.93
164 1 1691693621.23
165 1 1691693621.56
166 1 1691693621.84
167 1 1691693622.14
168 1 1691693622.43
169 1 1691693622.75
170 1 1691693623.04
171 1 1691693623.4
172 1 1691693623.94
173 1 1691693624.48
174 1 1691693625.06
175 1 1691693625.6
176 1 1691693626.14
177 1 1691693626.72
178 0 1691693628.07
178 1 1691693629.38
179 1 1691693629.69
180 1 1691693630.0
181 1 1691693630.35
182 1 1691693630.68
183 1 1691693631.14
184 0 1691693632.27
184 1 1691693633.57
185 0 1691693634.67
185 0 1691693636.85
185 1 1691693638.15
186 1 1691693638.43
187 1 1691693638.75
188 1 1691693639.05
189 1 1691693639.34
190 1 1691693639.68
191 1 1691693640.0
192 1 1691693640.32
193 1 1691693640.6
194 1 1691693640.94
195 1 1691693641.25
196 1 1691693641.56
197 1 1691693641.88
198 1 1691693642.19
199 1 1691693642.53
200 1 1691693642.88
201 1 1691693643.22
202 1 1691693643.54
203 1 1691693643.86
204 1 1691693644.18
205 1 1691693644.48
206 1 1691693644.84
207 1 1691693645.18
208 1 1691693645.5
209 1 1691693645.83
210 1 1691693646.21
211 1 1691693646.57
212 1 1691693646.95
213 1 1691693647.34
214 0 1691693648.46
