0 1 1691692808.57
1 1 1691692808.91
2 1 1691692809.22
3 1 1691692809.54
4 1 1691692809.84
5 1 1691692810.17
6 1 1691692810.48
7 1 1691692810.83
8 1 1691692811.18
9 1 1691692811.49
10 1 1691692812.03
11 1 1691692812.59
12 1 1691692813.12
13 1 1691692813.66
14 1 1691692814.21
15 1 1691692814.75
16 1 1691692815.31
17 1 1691692815.86
18 1 1691692816.44
19 1 1691692816.98
20 1 1691692817.53
21 1 1691692818.09
22 1 1691692818.59
23 1 1691692819.17
24 1 1691692819.81
25 0 1691692821.12
25 1 1691692821.93
26 1 1691692822.24
27 1 1691692822.54
28 1 1691692822.85
29 1 1691692823.16
30 1 1691692823.46
31 1 1691692823.74
32 1 1691692824.12
33 1 1691692824.67
34 1 1691692825.2
35 1 1691692825.77
36 1 1691692826.32
37 1 1691692826.85
38 1 1691692827.41
39 1 1691692827.97
40 1 1691692828.51
41 1 1691692829.05
42 1 1691692829.6
43 1 1691692830.15
44 1 1691692830.7
45 1 1691692831.23
46 1 1691692831.78
47 1 1691692832.34
48 1 1691692832.89
49 0 1691692834.25
49 1 1691692835.29
50 1 1691692835.72
51 1 1691692836.07
52 1 1691692836.34
53 1 1691692836.66
54 1 1691692836.95
55 1 1691692837.29
56 1 1691692837.62
57 1 1691692837.93
58 1 1691692838.38
59 1 1691692838.96
60 1 1691692839.49
61 1 1691692840.02
62 1 1691692840.58
63 1 1691692841.14
64 1 1691692841.7
65 1 1691692842.22
66 1 1691692842.78
67 0 1691692844.16
67 1 1691692845.48
68 1 1691692845.74
69 1 1691692846.05
70 1 1691692846.38
71 1 1691692846.65
72 1 1691692846.96
73 1 1691692847.26
74 1 1691692847.57
75 1 1691692847.89
76 1 1691692848.27
77 1 1691692848.82
78 0 1691692850.2
78 1 1691692851.52
79 1 1691692851.84
80 1 1691692852.14
81 1 1691692852.45
82 1 1691692852.73
83 1 1691692853.06
84 1 1691692853.36
85 1 1691692853.67
86 1 1691692853.96
87 1 1691692854.33
88 1 1691692854.87
89 1 1691692855.43
90 1 1691692855.96
91 1 1691692856.49
92 1 1691692857.05
93 1 1691692857.59
94 1 1691692858.16
95 1 1691692858.73
96 1 1691692859.25
97 1 1691692859.81
98 1 1691692860.34
99 1 1691692860.9
100 0 1691692862.29
100 1 1691692863.59
101 1 1691692863.85
102 1 1691692864.16
103 1 1691692864.51
104 1 1691692864.79
105 1 1691692865.11
106 1 1691692865.4
107 1 1691692865.74
108 1 1691692866.04
109 1 1691692866.44
110 1 1691692866.97
111 1 1691692867.5
112 1 1691692868.05
113 1 1691692868.62
114 1 1691692869.15
115 1 1691692869.7
116 1 1691692870.25
117 1 1691692870.78
118 1 1691692871.33
119 1 1691692871.9
120 1 1691692872.46
121 1 1691692872.98
122 1 1691692873.54
123 1 1691692874.09
124 1 1691692874.63
125 1 1691692875.2
126 1 1691692875.76
127 1 1691692876.28
128 1 1691692876.82
129 1 1691692877.37
130 1 1691692877.93
131 1 1691692878.48
132 1 1691692879.02
133 1 1691692879.59
134 1 1691692880.14
135 0 1691692881.51
135 1 1691692882.29
136 1 1691692882.59
137 1 1691692882.9
138 1 1691692883.22
139 1 1691692883.54
140 1 1691692883.87
141 1 1691692884.22
142 1 1691692884.55
143 0 1691692885.88
143 1 1691692886.71
144 1 1691692887.0
145 1 1691692887.29
146 1 1691692887.6
147 1 1691692887.91
148 1 1691692888.25
149 1 1691692888.55
150 1 1691692888.9
151 1 1691692889.43
152 1 1691692890.03
153 1 1691692890.53
154 1 1691692891.11
155 1 1691692891.62
156 1 1691692892.18
157 1 1691692892.74
158 1 1691692893.29
159 1 1691692893.84
160 1 1691692894.38
161 1 1691692894.94
162 0 1691692896.32
162 1 1691692897.13
163 1 1691692897.44
164 1 1691692897.73
165 1 1691692898.02
166 1 1691692898.31
167 1 1691692898.62
168 1 1691692898.92
169 1 1691692899.34
170 1 1691692899.86
171 1 1691692900.44
172 1 1691692900.99
173 1 1691692901.52
174 1 1691692902.07
175 1 1691692902.62
176 1 1691692903.19
177 1 1691692903.7
178 1 1691692904.27
179 1 1691692904.83
180 1 1691692905.35
181 1 1691692905.9
182 1 1691692906.45
183 1 1691692907.0
184 0 1691692908.37
184 1 1691692909.8
185 1 1691692910.11
186 1 1691692910.41
187 0 1691692911.54
187 1 1691692913.05
188 0 1691692914.17
188 1 1691692915.44
189 1 1691692915.75
190 1 1691692916.08
191 1 1691692916.37
192 1 1691692916.7
193 1 1691692917.0
194 1 1691692917.32
195 1 1691692917.63
196 1 1691692917.93
197 1 1691692918.29
198 1 1691692918.61
199 1 1691692918.92
200 1 1691692919.22
201 1 1691692919.55
202 1 1691692919.9
203 1 1691692920.22
204 1 1691692920.56
205 1 1691692920.87
206 1 1691692921.18
207 1 1691692921.48
208 1 1691692921.81
209 1 1691692922.15
210 1 1691692922.45
211 1 1691692922.77
212 1 1691692923.1
213 1 1691692923.46
214 1 1691692924.01
215 1 1691692924.57
216 1 1691692925.25
