0 1 1691698451.77
1 1 1691698452.13
2 1 1691698452.42
3 1 1691698452.72
4 1 1691698453.02
5 1 1691698453.36
6 1 1691698453.69
7 1 1691698454.01
8 1 1691698454.36
9 1 1691698454.71
10 1 1691698455.22
11 1 1691698455.71
12 1 1691698456.28
13 1 1691698456.82
14 1 1691698457.35
15 1 1691698457.93
16 1 1691698458.47
17 1 1691698459.0
18 1 1691698459.57
19 1 1691698460.09
20 1 1691698460.66
21 1 1691698461.18
22 1 1691698461.76
23 1 1691698462.3
24 1 1691698462.83
25 1 1691698463.39
26 1 1691698463.97
27 1 1691698464.49
28 1 1691698465.04
29 1 1691698465.61
30 1 1691698466.13
31 1 1691698466.7
32 1 1691698467.24
33 1 1691698467.8
34 1 1691698468.35
35 1 1691698468.91
36 1 1691698469.44
37 1 1691698470.01
38 1 1691698470.54
39 1 1691698471.08
40 1 1691698471.62
41 1 1691698472.19
42 1 1691698472.77
43 1 1691698473.28
44 1 1691698473.84
45 1 1691698474.41
46 1 1691698474.95
47 1 1691698475.51
48 1 1691698476.06
49 1 1691698476.63
50 1 1691698477.15
51 1 1691698477.71
52 1 1691698478.24
53 1 1691698478.8
54 1 1691698479.36
55 1 1691698479.89
56 1 1691698480.45
57 1 1691698481.0
58 1 1691698481.55
59 1 1691698482.09
60 1 1691698482.64
61 1 1691698483.2
62 1 1691698483.73
63 1 1691698484.28
64 1 1691698484.82
65 1 1691698485.39
66 1 1691698485.93
67 1 1691698486.49
68 1 1691698487.05
69 1 1691698487.56
70 1 1691698488.14
71 1 1691698488.69
72 1 1691698489.23
73 1 1691698489.78
74 1 1691698490.32
75 1 1691698490.92
76 1 1691698491.45
77 1 1691698491.99
78 1 1691698492.53
79 1 1691698493.11
80 1 1691698493.63
81 1 1691698494.21
82 1 1691698494.73
83 1 1691698495.28
84 1 1691698495.84
85 1 1691698496.39
86 1 1691698496.92
87 1 1691698497.49
88 1 1691698498.03
89 1 1691698498.58
90 1 1691698499.14
91 1 1691698499.7
92 1 1691698500.24
93 1 1691698500.78
94 1 1691698501.31
95 1 1691698501.88
96 1 1691698502.4
97 1 1691698502.96
98 1 1691698503.51
99 1 1691698504.07
100 1 1691698504.61
101 1 1691698505.17
102 1 1691698505.73
103 1 1691698506.27
104 1 1691698506.8
105 1 1691698507.36
106 1 1691698507.9
107 1 1691698508.47
108 1 1691698509.02
109 1 1691698509.57
110 1 1691698510.11
111 1 1691698510.66
112 1 1691698511.22
113 1 1691698511.75
114 1 1691698512.31
115 1 1691698512.87
116 1 1691698513.41
117 0 1691698514.78
117 1 1691698516.11
118 1 1691698516.37
119 1 1691698516.73
120 1 1691698517.07
121 1 1691698517.38
122 1 1691698517.7
123 1 1691698518.06
124 1 1691698518.38
125 1 1691698518.72
126 1 1691698519.04
127 1 1691698519.46
128 1 1691698520.0
129 1 1691698520.56
130 1 1691698521.11
131 1 1691698521.63
132 1 1691698522.17
133 1 1691698522.74
134 1 1691698523.28
135 1 1691698523.82
136 1 1691698524.35
137 1 1691698524.94
138 1 1691698525.47
139 1 1691698526.02
140 1 1691698526.55
141 1 1691698527.13
142 1 1691698527.69
143 1 1691698528.25
144 1 1691698528.79
145 1 1691698529.31
146 1 1691698529.86
147 0 1691698531.24
147 1 1691698532.06
148 1 1691698532.37
149 1 1691698532.67
150 1 1691698532.98
151 1 1691698533.28
152 1 1691698533.58
153 1 1691698533.86
154 1 1691698534.29
155 1 1691698534.8
156 1 1691698535.37
157 1 1691698535.9
158 1 1691698536.46
159 1 1691698537.0
160 1 1691698537.58
161 1 1691698538.09
162 1 1691698538.64
163 1 1691698539.22
164 1 1691698539.76
165 1 1691698540.3
166 1 1691698540.83
167 1 1691698541.4
168 1 1691698541.96
169 1 1691698542.5
170 1 1691698543.03
171 1 1691698543.62
172 1 1691698544.13
173 1 1691698544.7
174 1 1691698545.26
175 1 1691698545.81
176 1 1691698546.36
177 1 1691698546.89
178 1 1691698547.44
179 1 1691698548.01
180 1 1691698548.54
181 1 1691698549.11
182 1 1691698549.65
183 1 1691698550.19
184 1 1691698550.75
185 1 1691698551.28
186 1 1691698551.86
187 1 1691698552.38
188 1 1691698552.93
189 1 1691698553.5
190 1 1691698554.05
191 1 1691698554.57
192 1 1691698555.16
193 1 1691698555.71
194 1 1691698556.22
195 1 1691698556.79
196 1 1691698557.35
197 1 1691698557.88
198 1 1691698558.43
199 1 1691698558.98
200 1 1691698559.55
201 1 1691698560.08
202 1 1691698560.63
203 1 1691698561.17
204 1 1691698561.76
205 1 1691698562.3
206 1 1691698562.83
207 1 1691698563.37
208 1 1691698563.93
209 1 1691698564.49
210 1 1691698565.03
211 1 1691698565.59
212 1 1691698566.15
213 1 1691698566.67
214 1 1691698567.23
215 1 1691698567.79
216 1 1691698568.51
