0 1 1691694963.43
1 1 1691694963.71
2 1 1691694964.01
3 0 1691694965.13
3 1 1691694965.91
4 1 1691694966.25
5 1 1691694966.59
6 1 1691694966.91
7 1 1691694967.22
8 1 1691694967.5
9 1 1691694967.8
10 1 1691694968.09
11 0 1691694969.18
11 1 1691694970.61
12 0 1691694971.72
12 1 1691694973.03
13 1 1691694973.32
14 1 1691694973.59
15 1 1691694973.87
16 1 1691694974.21
17 0 1691694975.37
17 1 1691694976.69
18 1 1691694976.97
19 1 1691694977.3
20 0 1691694978.44
20 1 1691694979.78
21 1 1691694980.09
22 1 1691694980.42
23 1 1691694980.72
24 1 1691694981.01
25 1 1691694981.32
26 1 1691694981.65
27 1 1691694981.98
28 1 1691694982.31
29 1 1691694982.64
30 1 1691694982.97
31 1 1691694983.31
32 0 1691694984.4
32 1 1691694985.19
33 1 1691694985.51
34 1 1691694985.81
35 1 1691694986.1
36 1 1691694986.42
37 1 1691694986.71
38 1 1691694987.05
39 1 1691694987.37
40 1 1691694987.69
41 1 1691694987.97
42 1 1691694988.31
43 1 1691694988.74
44 1 1691694989.24
45 1 1691694989.83
46 0 1691694990.95
46 1 1691694991.78
47 1 1691694992.1
48 1 1691694992.43
49 0 1691694993.55
49 0 1691694995.16
49 0 1691694996.8
49 1 1691694998.13
50 1 1691694998.44
51 0 1691694999.58
51 1 1691695000.91
52 1 1691695001.24
53 0 1691695002.36
53 1 1691695003.72
54 1 1691695004.04
55 1 1691695004.32
56 1 1691695004.71
57 0 1691695005.81
57 1 1691695007.12
58 1 1691695007.42
59 1 1691695007.69
60 1 1691695007.99
61 1 1691695008.33
62 1 1691695008.65
63 1 1691695008.97
64 1 1691695009.28
65 1 1691695009.62
66 1 1691695009.98
67 1 1691695010.29
68 0 1691695011.4
68 1 1691695012.24
69 1 1691695012.58
70 0 1691695013.67
70 1 1691695014.51
71 0 1691695015.62
71 0 1691695017.75
71 1 1691695018.67
72 1 1691695018.96
73 1 1691695019.24
74 1 1691695019.59
75 1 1691695019.9
76 1 1691695020.19
77 1 1691695020.52
78 1 1691695020.81
79 1 1691695021.14
80 1 1691695021.52
81 1 1691695021.94
82 1 1691695022.3
83 0 1691695023.38
83 0 1691695025.01
83 0 1691695026.64
83 0 1691695028.25
83 1 1691695029.77
84 1 1691695030.06
85 1 1691695030.38
86 1 1691695030.69
87 1 1691695031.05
88 1 1691695031.41
89 1 1691695031.75
90 1 1691695032.09
91 1 1691695032.4
92 1 1691695032.71
93 1 1691695033.05
94 0 1691695034.16
94 1 1691695035.52
95 0 1691695036.64
95 0 1691695038.75
95 1 1691695039.78
96 1 1691695040.32
97 1 1691695040.8
98 1 1691695041.14
99 1 1691695041.52
100 1 1691695041.85
101 1 1691695042.18
102 1 1691695042.53
103 0 1691695043.65
103 1 1691695044.45
104 1 1691695044.76
105 1 1691695045.02
106 1 1691695045.32
107 1 1691695045.68
108 0 1691695046.78
108 1 1691695048.06
109 1 1691695048.32
110 1 1691695048.64
111 1 1691695048.97
112 1 1691695049.27
113 1 1691695049.57
114 1 1691695049.87
115 1 1691695050.19
116 0 1691695051.3
116 1 1691695052.09
117 1 1691695052.38
118 1 1691695052.67
119 1 1691695052.99
120 1 1691695053.26
121 0 1691695054.41
121 1 1691695055.2
122 1 1691695055.46
123 1 1691695055.77
124 1 1691695056.1
125 1 1691695056.43
126 1 1691695056.76
127 1 1691695057.06
128 1 1691695057.38
129 1 1691695057.68
130 1 1691695058.01
131 1 1691695058.37
132 0 1691695059.46
132 1 1691695060.78
133 1 1691695061.11
134 1 1691695061.43
135 0 1691695062.54
135 0 1691695064.64
135 1 1691695065.45
136 1 1691695065.81
137 0 1691695066.94
137 1 1691695067.97
138 0 1691695069.09
138 1 1691695070.44
139 1 1691695070.72
140 1 1691695071.03
141 1 1691695071.31
142 1 1691695071.62
143 1 1691695071.92
144 1 1691695072.24
145 1 1691695072.52
146 1 1691695072.83
147 1 1691695073.14
148 1 1691695073.46
149 1 1691695073.77
150 1 1691695074.07
151 1 1691695074.43
152 1 1691695074.72
153 1 1691695075.05
154 1 1691695075.39
155 1 1691695075.73
156 1 1691695076.07
157 1 1691695076.37
158 1 1691695076.77
159 1 1691695077.09
160 1 1691695077.4
161 1 1691695077.76
162 1 1691695078.09
163 1 1691695078.41
164 1 1691695078.75
165 1 1691695079.08
166 1 1691695079.43
167 1 1691695079.83
168 1 1691695080.24
