0 0 1691691605.68
0 1 1691691607.0
1 1 1691691607.41
2 0 1691691608.61
2 0 1691691610.8
2 1 1691691611.61
3 0 1691691612.7
3 1 1691691614.0
4 1 1691691614.3
5 1 1691691614.58
6 1 1691691614.92
7 1 1691691615.25
8 1 1691691615.55
9 1 1691691615.86
10 0 1691691616.97
10 1 1691691617.75
11 1 1691691618.05
12 1 1691691618.35
13 1 1691691618.68
14 1 1691691619.01
15 1 1691691619.33
16 1 1691691619.65
17 0 1691691620.76
17 1 1691691621.58
18 1 1691691621.88
19 1 1691691622.17
20 0 1691691623.28
20 1 1691691624.09
21 1 1691691624.39
22 1 1691691624.69
23 0 1691691625.81
23 1 1691691627.12
24 1 1691691627.42
25 1 1691691627.72
26 1 1691691628.02
27 1 1691691628.28
28 0 1691691629.44
28 0 1691691631.13
28 1 1691691632.11
29 1 1691691632.51
30 1 1691691632.86
31 1 1691691633.15
32 1 1691691633.48
33 1 1691691633.8
34 1 1691691634.17
35 1 1691691634.57
36 0 1691691635.69
36 1 1691691636.52
37 1 1691691636.82
38 1 1691691637.13
39 1 1691691637.54
40 1 1691691637.95
41 1 1691691638.29
42 1 1691691638.6
43 1 1691691638.95
44 1 1691691639.34
45 1 1691691639.66
46 1 1691691640.01
47 1 1691691640.33
48 1 1691691640.68
49 1 1691691641.11
50 1 1691691641.58
51 0 1691691642.71
51 1 1691691644.12
52 1 1691691644.57
53 1 1691691644.89
54 1 1691691645.2
55 1 1691691645.51
56 1 1691691645.99
57 1 1691691646.38
58 1 1691691646.74
59 1 1691691647.1
60 1 1691691647.43
61 1 1691691647.83
62 1 1691691648.18
63 1 1691691648.54
64 1 1691691648.91
65 0 1691691650.01
65 1 1691691650.87
66 1 1691691651.25
67 1 1691691651.56
68 1 1691691651.87
69 1 1691691652.16
70 1 1691691652.46
71 1 1691691652.8
72 1 1691691653.14
73 1 1691691653.46
74 1 1691691653.78
75 1 1691691654.09
76 0 1691691655.26
76 0 1691691656.94
76 1 1691691657.72
77 1 1691691658.02
78 1 1691691658.29
79 1 1691691658.58
80 1 1691691658.86
81 1 1691691659.2
82 1 1691691659.51
83 0 1691691660.64
83 1 1691691661.98
84 1 1691691662.28
85 1 1691691662.62
86 1 1691691662.96
87 0 1691691664.06
87 1 1691691665.35
88 1 1691691665.61
89 1 1691691665.93
90 1 1691691666.23
91 1 1691691666.53
92 1 1691691666.85
93 1 1691691667.16
94 1 1691691667.49
95 1 1691691667.78
96 1 1691691668.1
97 1 1691691668.42
98 1 1691691668.77
99 1 1691691669.11
100 1 1691691669.43
101 1 1691691669.76
102 1 1691691670.15
103 1 1691691670.48
104 1 1691691670.82
105 1 1691691671.17
106 1 1691691671.5
107 1 1691691671.85
108 1 1691691672.18
109 1 1691691672.5
110 0 1691691673.62
110 1 1691691674.41
111 1 1691691674.75
112 1 1691691675.07
113 1 1691691675.37
114 1 1691691675.73
115 1 1691691676.15
116 1 1691691676.62
117 1 1691691677.03
118 1 1691691677.39
119 1 1691691677.7
120 1 1691691678.03
121 1 1691691678.42
122 1 1691691678.76
123 1 1691691679.1
124 1 1691691679.45
125 1 1691691679.79
126 0 1691691680.9
126 1 1691691681.74
127 0 1691691682.86
127 1 1691691683.65
128 1 1691691683.95
129 1 1691691684.24
130 1 1691691684.55
131 1 1691691684.86
132 1 1691691685.23
133 1 1691691685.54
134 1 1691691685.84
135 1 1691691686.18
136 1 1691691686.5
137 1 1691691686.83
138 1 1691691687.13
139 1 1691691687.45
140 1 1691691687.81
141 0 1691691688.92
141 1 1691691689.76
142 1 1691691690.06
143 1 1691691690.33
144 1 1691691690.67
145 1 1691691691.03
146 1 1691691691.35
147 1 1691691691.68
148 1 1691691691.98
149 1 1691691692.29
150 1 1691691692.65
151 1 1691691693.05
152 1 1691691693.5
153 1 1691691693.88
154 1 1691691694.26
155 1 1691691694.59
156 1 1691691694.97
157 1 1691691695.35
158 1 1691691695.7
159 1 1691691696.07
160 0 1691691697.19
160 1 1691691698.49
161 1 1691691698.79
162 1 1691691699.05
163 1 1691691699.36
164 0 1691691700.47
164 1 1691691701.26
165 1 1691691701.55
166 1 1691691701.86
167 0 1691691703.03
167 1 1691691703.87
168 1 1691691704.19
169 0 1691691705.31
169 1 1691691706.6
170 1 1691691706.93
171 1 1691691707.23
172 1 1691691707.55
173 1 1691691707.84
174 1 1691691708.16
175 1 1691691708.46
176 0 1691691709.64
176 1 1691691710.93
177 1 1691691711.19
178 1 1691691711.55
179 0 1691691712.67
179 1 1691691713.96
180 1 1691691714.31
181 0 1691691715.42
181 1 1691691716.8
182 1 1691691717.1
183 1 1691691717.41
184 1 1691691717.71
185 1 1691691718.02
186 1 1691691718.34
187 1 1691691718.69
188 1 1691691719.1
189 1 1691691719.61
190 1 1691691719.98
191 1 1691691720.36
192 1 1691691720.9
193 1 1691691721.43
194 1 1691691722.03
