0 1 1691692372.71
1 1 1691692372.98
2 1 1691692373.28
3 1 1691692373.58
4 1 1691692373.9
5 1 1691692374.24
6 1 1691692374.55
7 1 1691692374.89
8 1 1691692375.19
9 1 1691692375.61
10 1 1691692376.2
11 1 1691692376.73
12 1 1691692377.24
13 1 1691692377.81
14 1 1691692378.36
15 1 1691692378.91
16 1 1691692379.44
17 1 1691692380.02
18 0 1691692381.38
18 1 1691692382.23
19 1 1691692382.54
20 1 1691692382.81
21 1 1691692383.13
22 1 1691692383.41
23 0 1691692384.55
23 1 1691692385.37
24 1 1691692385.64
25 1 1691692385.95
26 1 1691692386.23
27 1 1691692386.53
28 1 1691692386.8
29 1 1691692387.11
30 1 1691692387.43
31 1 1691692387.74
32 1 1691692388.26
33 1 1691692388.79
34 1 1691692389.38
35 1 1691692389.92
36 1 1691692390.43
37 1 1691692391.04
38 1 1691692391.54
39 1 1691692392.07
40 1 1691692392.63
41 1 1691692393.19
42 1 1691692393.73
43 1 1691692394.3
44 1 1691692394.83
45 1 1691692395.38
46 1 1691692395.93
47 0 1691692397.33
47 0 1691692399.49
47 1 1691692400.82
48 1 1691692401.09
49 1 1691692401.43
50 1 1691692401.75
51 1 1691692402.05
52 1 1691692402.36
53 1 1691692402.67
54 1 1691692403.0
55 1 1691692403.3
56 1 1691692403.65
57 1 1691692403.98
58 1 1691692404.31
59 1 1691692404.65
60 1 1691692404.93
61 1 1691692405.25
62 1 1691692405.61
63 1 1691692405.93
64 1 1691692406.28
65 1 1691692406.63
66 1 1691692406.99
67 1 1691692407.51
68 1 1691692408.0
69 1 1691692408.56
70 1 1691692409.15
71 1 1691692409.65
72 1 1691692410.21
73 1 1691692410.76
74 1 1691692411.32
75 1 1691692411.87
76 1 1691692412.42
77 1 1691692412.96
78 1 1691692413.55
79 0 1691692414.91
79 1 1691692415.67
80 1 1691692416.02
81 1 1691692416.29
82 1 1691692416.62
83 1 1691692416.88
84 1 1691692417.18
85 1 1691692417.5
86 1 1691692417.91
87 1 1691692418.44
88 1 1691692418.99
89 1 1691692419.56
90 1 1691692420.1
91 1 1691692420.65
92 1 1691692421.19
93 1 1691692421.73
94 1 1691692422.31
95 1 1691692422.83
96 1 1691692423.45
97 1 1691692423.96
98 1 1691692424.48
99 1 1691692425.02
100 1 1691692425.6
101 1 1691692426.15
102 1 1691692426.67
103 1 1691692427.24
104 1 1691692427.8
105 1 1691692428.31
106 1 1691692428.87
107 1 1691692429.41
108 1 1691692429.99
109 1 1691692430.54
110 1 1691692431.08
111 1 1691692431.65
112 1 1691692432.17
113 1 1691692432.73
114 1 1691692433.26
115 1 1691692433.82
116 1 1691692434.38
117 1 1691692434.94
118 1 1691692435.48
119 1 1691692436.04
120 1 1691692436.59
121 1 1691692437.12
122 1 1691692437.68
123 1 1691692438.23
124 1 1691692438.78
125 1 1691692439.35
126 1 1691692439.87
127 1 1691692440.39
128 1 1691692440.96
129 1 1691692441.52
130 1 1691692442.07
131 1 1691692442.62
132 1 1691692443.16
133 1 1691692443.74
134 1 1691692444.24
135 1 1691692444.86
136 0 1691692446.18
136 1 1691692447.02
137 0 1691692448.09
137 1 1691692448.88
138 1 1691692449.21
139 1 1691692449.5
140 1 1691692449.83
141 1 1691692450.16
142 1 1691692450.46
143 1 1691692450.79
144 1 1691692451.12
145 1 1691692451.44
146 1 1691692451.76
147 1 1691692452.1
148 1 1691692452.43
149 1 1691692452.77
150 1 1691692453.08
151 1 1691692453.59
152 1 1691692454.15
153 1 1691692454.68
154 1 1691692455.24
155 1 1691692455.78
156 1 1691692456.33
157 1 1691692456.89
158 1 1691692457.43
159 1 1691692457.98
160 1 1691692458.55
161 1 1691692459.07
162 1 1691692459.63
163 1 1691692460.19
164 1 1691692460.72
165 1 1691692461.29
166 1 1691692461.82
167 1 1691692462.39
168 1 1691692462.92
169 1 1691692463.45
170 1 1691692464.02
171 1 1691692464.59
172 1 1691692465.11
173 1 1691692465.67
174 1 1691692466.23
175 1 1691692466.77
176 1 1691692467.28
177 1 1691692467.86
178 1 1691692468.43
179 1 1691692468.96
180 1 1691692469.5
181 1 1691692470.06
182 1 1691692470.61
183 1 1691692471.16
184 0 1691692472.53
184 1 1691692473.57
185 1 1691692473.99
186 1 1691692474.3
187 1 1691692474.6
188 0 1691692475.77
188 1 1691692477.08
189 1 1691692477.39
190 1 1691692477.69
191 1 1691692477.95
192 1 1691692478.3
193 1 1691692478.64
194 1 1691692478.96
195 1 1691692479.31
196 1 1691692479.62
197 1 1691692479.99
198 1 1691692480.34
199 1 1691692480.64
200 1 1691692480.98
201 1 1691692481.33
202 1 1691692481.69
203 1 1691692482.2
204 1 1691692482.7
205 1 1691692483.23
206 1 1691692483.77
207 1 1691692484.31
208 1 1691692484.88
209 1 1691692485.43
210 1 1691692485.98
211 1 1691692486.54
212 1 1691692487.08
213 1 1691692487.63
214 1 1691692488.16
215 1 1691692488.74
216 1 1691692489.44
