0 1 1691695544.73
1 1 1691695545.07
2 1 1691695545.38
3 0 1691695546.5
3 1 1691695547.3
4 1 1691695547.63
5 1 1691695547.99
6 1 1691695548.3
7 1 1691695548.6
8 1 1691695548.91
9 1 1691695549.23
10 0 1691695550.34
10 1 1691695551.16
11 0 1691695552.27
11 1 1691695553.31
12 1 1691695553.65
13 1 1691695553.98
14 1 1691695554.28
15 1 1691695554.6
16 1 1691695554.94
17 1 1691695555.26
18 1 1691695555.68
19 1 1691695556.19
20 1 1691695556.77
21 1 1691695557.13
22 1 1691695557.52
23 1 1691695557.91
24 1 1691695558.29
25 0 1691695559.42
25 0 1691695561.53
25 1 1691695562.32
26 1 1691695562.64
27 1 1691695562.95
28 1 1691695563.27
29 1 1691695563.59
30 1 1691695563.89
31 1 1691695564.25
32 1 1691695564.62
33 0 1691695565.73
33 1 1691695567.05
34 1 1691695567.36
35 1 1691695567.69
36 1 1691695568.0
37 1 1691695568.32
38 1 1691695568.63
39 1 1691695568.97
40 1 1691695569.35
41 0 1691695570.45
41 0 1691695572.08
41 1 1691695573.35
42 1 1691695573.72
43 1 1691695574.18
44 0 1691695575.27
44 1 1691695576.65
45 0 1691695577.74
45 0 1691695579.88
45 1 1691695581.17
46 0 1691695582.31
46 0 1691695584.4
46 1 1691695585.44
47 1 1691695585.99
48 0 1691695587.1
48 1 1691695588.43
49 1 1691695588.75
50 1 1691695589.05
51 1 1691695589.36
52 1 1691695589.69
53 1 1691695589.99
54 1 1691695590.35
55 1 1691695590.68
56 0 1691695591.78
56 1 1691695593.07
57 1 1691695593.38
58 1 1691695593.74
59 1 1691695594.17
60 0 1691695595.26
60 0 1691695596.86
60 0 1691695598.45
60 0 1691695600.08
60 1 1691695601.35
61 0 1691695602.46
61 1 1691695604.0
62 0 1691695605.1
62 1 1691695606.4
63 0 1691695607.5
63 0 1691695609.61
63 1 1691695610.63
64 1 1691695610.97
65 1 1691695611.28
66 1 1691695611.59
67 1 1691695611.89
68 1 1691695612.18
69 1 1691695612.48
70 0 1691695613.63
70 0 1691695615.34
70 0 1691695616.98
70 1 1691695618.27
71 1 1691695618.56
72 0 1691695619.72
72 0 1691695621.9
72 1 1691695623.2
73 1 1691695623.49
74 0 1691695624.6
74 1 1691695625.93
75 1 1691695626.2
76 1 1691695626.51
77 1 1691695626.89
78 0 1691695627.99
78 1 1691695629.34
79 1 1691695629.67
80 1 1691695629.96
81 1 1691695630.28
82 1 1691695630.57
83 1 1691695630.91
84 1 1691695631.24
85 1 1691695631.59
86 0 1691695632.7
86 1 1691695633.51
87 1 1691695633.83
88 1 1691695634.14
89 1 1691695634.45
90 1 1691695634.78
91 1 1691695635.23
92 1 1691695635.74
93 0 1691695636.86
93 1 1691695637.63
94 1 1691695637.95
95 1 1691695638.23
96 1 1691695638.54
97 1 1691695638.85
98 1 1691695639.16
99 1 1691695639.51
100 0 1691695640.61
100 1 1691695641.58
101 0 1691695642.71
101 1 1691695644.22
102 1 1691695644.74
103 0 1691695645.84
103 0 1691695647.44
103 0 1691695649.06
103 1 1691695650.1
104 1 1691695650.61
105 1 1691695651.12
106 1 1691695651.44
107 1 1691695651.77
108 1 1691695652.14
109 1 1691695652.5
110 1 1691695652.88
111 1 1691695653.22
112 1 1691695653.55
113 0 1691695654.68
113 0 1691695656.81
113 1 1691695658.1
114 1 1691695658.43
115 1 1691695658.77
116 1 1691695659.07
117 1 1691695659.38
118 0 1691695660.51
118 1 1691695661.81
119 1 1691695662.1
120 1 1691695662.39
