0 0 1691691886.97
0 1 1691691887.81
1 1 1691691888.11
2 1 1691691888.42
3 0 1691691889.52
3 1 1691691890.34
4 0 1691691891.51
4 0 1691691893.16
4 1 1691691894.46
5 1 1691691894.81
6 1 1691691895.11
7 1 1691691895.43
8 1 1691691895.7
9 1 1691691896.06
10 1 1691691896.38
11 1 1691691896.69
12 1 1691691897.03
13 1 1691691897.32
14 1 1691691897.66
15 0 1691691898.77
15 1 1691691899.55
16 1 1691691899.86
17 1 1691691900.17
18 1 1691691900.47
19 1 1691691900.76
20 1 1691691901.04
21 0 1691691902.15
21 1 1691691903.1
22 1 1691691903.4
23 0 1691691904.5
23 1 1691691905.34
24 1 1691691905.63
25 1 1691691905.95
26 1 1691691906.24
27 0 1691691907.36
27 1 1691691908.19
28 1 1691691908.47
29 1 1691691908.8
30 1 1691691909.12
31 1 1691691909.41
32 1 1691691909.75
33 1 1691691910.07
34 1 1691691910.42
35 1 1691691910.77
36 1 1691691911.11
37 1 1691691911.43
38 0 1691691912.54
38 0 1691691914.66
38 1 1691691915.93
39 1 1691691916.33
40 1 1691691916.81
41 1 1691691917.11
42 1 1691691917.42
43 0 1691691918.55
43 1 1691691919.57
44 1 1691691919.86
45 1 1691691920.2
46 1 1691691920.47
47 1 1691691920.79
48 1 1691691921.08
49 1 1691691921.4
50 1 1691691921.74
51 1 1691691922.07
52 0 1691691923.19
52 1 1691691924.65
53 1 1691691924.93
54 1 1691691925.22
55 0 1691691926.32
55 1 1691691927.12
56 0 1691691928.32
56 1 1691691929.62
57 1 1691691929.94
58 1 1691691930.22
59 1 1691691930.53
60 1 1691691930.85
61 0 1691691931.96
61 0 1691691933.56
61 1 1691691934.38
62 1 1691691934.64
63 1 1691691934.99
64 1 1691691935.33
65 0 1691691936.47
65 0 1691691938.12
65 1 1691691939.43
66 1 1691691939.75
67 1 1691691940.05
68 1 1691691940.32
69 1 1691691940.67
70 1 1691691941.0
71 1 1691691941.33
72 0 1691691942.5
72 1 1691691943.31
73 1 1691691943.56
74 1 1691691943.87
75 1 1691691944.21
76 1 1691691944.49
77 0 1691691945.6
77 1 1691691946.88
78 1 1691691947.19
79 1 1691691947.51
80 1 1691691947.83
81 1 1691691948.15
82 1 1691691948.47
83 1 1691691948.81
84 1 1691691949.1
85 1 1691691949.44
86 1 1691691949.77
87 1 1691691950.06
88 1 1691691950.37
89 1 1691691950.69
90 1 1691691951.06
91 1 1691691951.39
92 1 1691691951.7
93 1 1691691952.03
94 1 1691691952.34
95 1 1691691952.69
96 1 1691691953.03
97 1 1691691953.39
98 1 1691691953.7
99 1 1691691954.02
100 0 1691691955.19
100 1 1691691956.5
101 1 1691691956.76
102 1 1691691957.06
103 0 1691691958.15
103 1 1691691959.47
104 1 1691691959.78
105 1 1691691960.06
106 1 1691691960.37
107 1 1691691960.69
108 1 1691691960.98
109 0 1691691962.08
109 1 1691691963.03
110 1 1691691963.3
111 1 1691691963.64
112 0 1691691964.75
112 1 1691691966.05
113 1 1691691966.36
114 1 1691691966.65
115 1 1691691966.99
116 1 1691691967.3
117 1 1691691967.61
118 1 1691691967.94
119 1 1691691968.25
120 1 1691691968.61
121 1 1691691968.97
122 1 1691691969.31
123 0 1691691970.46
123 1 1691691971.76
124 1 1691691972.07
125 1 1691691972.46
126 1 1691691972.81
127 1 1691691973.15
128 1 1691691973.51
129 1 1691691973.89
130 1 1691691974.22
131 0 1691691975.34
131 1 1691691976.65
132 1 1691691976.93
133 1 1691691977.25
134 1 1691691977.54
135 1 1691691977.85
136 1 1691691978.26
137 0 1691691979.39
137 1 1691691980.2
138 1 1691691980.54
139 1 1691691980.81
140 0 1691691981.93
140 1 1691691983.24
141 1 1691691983.52
142 0 1691691984.64
142 0 1691691986.77
142 1 1691691987.54
143 1 1691691987.9
144 1 1691691988.23
145 1 1691691988.56
146 1 1691691988.88
147 1 1691691989.18
148 1 1691691989.49
149 1 1691691989.84
150 1 1691691990.15
151 1 1691691990.5
152 1 1691691990.98
153 1 1691691991.47
154 1 1691691991.83
155 1 1691691992.19
156 1 1691691992.56
157 1 1691691992.92
158 1 1691691993.3
159 1 1691691993.7
160 1 1691691994.06
161 0 1691691995.16
161 1 1691691995.99
162 0 1691691997.12
162 1 1691691997.91
163 0 1691691999.02
163 1 1691691999.84
164 1 1691692000.12
165 1 1691692000.43
166 0 1691692001.55
166 0 1691692003.67
