0 1 1691693957.21
1 1 1691693957.49
2 1 1691693957.82
3 0 1691693958.93
3 1 1691693960.23
4 1 1691693960.54
5 1 1691693960.84
6 1 1691693961.15
7 1 1691693961.49
8 1 1691693961.84
9 1 1691693962.27
10 0 1691693963.38
10 1 1691693964.18
11 1 1691693964.5
12 1 1691693964.82
13 1 1691693965.21
14 0 1691693966.35
14 1 1691693967.16
15 1 1691693967.45
16 1 1691693967.74
17 0 1691693968.84
17 1 1691693970.12
18 1 1691693970.45
19 1 1691693970.74
20 1 1691693971.05
21 1 1691693971.39
22 1 1691693971.7
23 1 1691693972.01
24 1 1691693972.32
25 1 1691693972.67
26 1 1691693972.98
27 1 1691693973.32
28 1 1691693973.66
29 1 1691693973.97
30 1 1691693974.31
31 1 1691693974.61
32 1 1691693974.96
33 1 1691693975.3
34 1 1691693975.63
35 1 1691693976.0
36 1 1691693976.36
37 1 1691693976.71
38 0 1691693977.81
38 1 1691693979.11
39 1 1691693979.41
40 1 1691693979.72
41 1 1691693980.0
42 1 1691693980.33
43 1 1691693980.63
44 1 1691693980.94
45 1 1691693981.26
46 1 1691693981.59
47 1 1691693981.92
48 1 1691693982.38
49 0 1691693983.49
49 0 1691693985.66
49 1 1691693986.96
50 1 1691693987.24
51 1 1691693987.56
52 1 1691693987.89
53 1 1691693988.19
54 1 1691693988.51
55 1 1691693988.83
56 1 1691693989.14
57 1 1691693989.5
58 1 1691693989.85
59 1 1691693990.19
60 1 1691693990.5
61 1 1691693990.84
62 1 1691693991.2
63 1 1691693991.54
64 1 1691693991.89
65 0 1691693992.99
65 1 1691693993.78
66 1 1691693994.1
67 1 1691693994.36
68 1 1691693994.65
69 1 1691693994.94
70 1 1691693995.32
71 1 1691693995.78
72 1 1691693996.34
73 1 1691693996.93
74 0 1691693998.07
74 1 1691693999.45
75 1 1691693999.73
76 1 1691694000.05
77 1 1691694000.35
78 1 1691694000.64
79 1 1691694000.92
80 1 1691694001.25
81 1 1691694001.53
82 1 1691694001.86
83 1 1691694002.19
84 1 1691694002.47
85 1 1691694002.8
86 1 1691694003.1
87 1 1691694003.4
88 1 1691694003.72
89 0 1691694004.9
89 1 1691694006.23
90 1 1691694006.53
91 1 1691694006.82
92 1 1691694007.11
93 1 1691694007.4
94 1 1691694007.7
95 1 1691694007.99
96 1 1691694008.4
97 0 1691694009.51
97 0 1691694011.61
97 1 1691694012.43
98 1 1691694012.74
99 1 1691694013.0
100 1 1691694013.33
101 1 1691694013.66
102 1 1691694013.94
103 1 1691694014.27
104 1 1691694014.6
105 1 1691694014.89
106 1 1691694015.16
107 1 1691694015.45
108 1 1691694015.75
109 0 1691694016.89
109 1 1691694018.21
110 0 1691694019.33
110 0 1691694021.44
110 0 1691694023.04
110 1 1691694024.36
111 1 1691694024.69
112 1 1691694025.02
113 1 1691694025.34
114 1 1691694025.66
115 1 1691694026.01
116 1 1691694026.34
117 1 1691694026.68
118 1 1691694027.04
119 1 1691694027.35
120 1 1691694027.72
121 1 1691694028.08
122 1 1691694028.4
123 1 1691694028.76
124 0 1691694029.87
124 1 1691694031.16
125 1 1691694031.47
126 1 1691694031.8
127 1 1691694032.1
128 1 1691694032.39
129 1 1691694032.71
130 1 1691694033.06
131 0 1691694034.16
131 1 1691694034.94
132 1 1691694035.23
133 1 1691694035.51
134 1 1691694035.81
135 1 1691694036.12
136 1 1691694036.45
137 1 1691694036.75
138 1 1691694037.03
139 1 1691694037.36
140 1 1691694037.66
141 1 1691694038.0
142 1 1691694038.29
143 1 1691694038.59
144 1 1691694038.86
145 0 1691694040.03
145 1 1691694040.84
146 1 1691694041.15
147 1 1691694041.45
148 1 1691694041.77
149 1 1691694042.05
150 1 1691694042.36
151 1 1691694042.67
152 1 1691694042.98
153 1 1691694043.34
154 1 1691694043.63
155 1 1691694043.99
156 0 1691694045.06
156 1 1691694045.82
157 1 1691694046.12
158 1 1691694046.41
159 1 1691694046.74
160 1 1691694047.02
161 1 1691694047.32
162 1 1691694047.63
163 1 1691694047.96
164 1 1691694048.28
165 1 1691694048.59
166 1 1691694048.93
167 1 1691694049.23
168 1 1691694049.55
169 1 1691694049.86
170 1 1691694050.2
171 1 1691694050.55
172 1 1691694050.86
173 1 1691694051.19
174 1 1691694051.51
175 1 1691694051.86
176 0 1691694052.97
176 1 1691694053.8
177 1 1691694054.07
178 1 1691694054.38
179 1 1691694054.7
180 1 1691694055.0
181 1 1691694055.29
182 1 1691694055.61
183 1 1691694055.91
184 0 1691694057.07
184 0 1691694059.22
184 0 1691694060.92
184 1 1691694062.39
185 1 1691694062.71
186 1 1691694063.01
187 1 1691694063.3
188 1 1691694063.58
189 1 1691694063.88
190 1 1691694064.16
191 1 1691694064.47
192 1 1691694064.77
193 1 1691694065.07
194 1 1691694065.37
195 1 1691694065.66
196 1 1691694065.96
197 1 1691694066.27
198 1 1691694066.58
199 1 1691694066.88
200 1 1691694067.2
201 1 1691694067.52
202 1 1691694067.83
203 1 1691694068.17
204 1 1691694068.5
205 1 1691694068.86
206 1 1691694069.24
207 1 1691694069.56
208 1 1691694069.9
209 1 1691694070.25
210 1 1691694070.59
211 1 1691694071.09
212 1 1691694071.63
213 1 1691694072.17
214 1 1691694072.7
215 1 1691694073.34
