0 1 1691688291.22
1 1 1691688291.49
2 1 1691688291.79
3 1 1691688292.1
4 1 1691688292.39
5 1 1691688292.71
6 1 1691688293.05
7 1 1691688293.38
8 1 1691688293.69
9 1 1691688294.17
10 1 1691688294.7
11 1 1691688295.23
12 1 1691688295.77
13 1 1691688296.34
14 1 1691688296.89
15 1 1691688297.42
16 1 1691688298.01
17 1 1691688298.52
18 1 1691688299.06
19 1 1691688299.62
20 1 1691688300.18
21 1 1691688300.7
22 0 1691688302.11
22 1 1691688303.42
23 1 1691688303.67
24 1 1691688303.94
25 1 1691688304.23
26 1 1691688304.52
27 1 1691688304.84
28 1 1691688305.12
29 1 1691688305.43
30 1 1691688305.71
31 1 1691688306.21
32 1 1691688306.77
33 1 1691688307.32
34 1 1691688307.84
35 1 1691688308.42
36 1 1691688308.96
37 1 1691688309.49
38 1 1691688310.04
39 1 1691688310.61
40 1 1691688311.15
41 1 1691688311.71
42 1 1691688312.23
43 1 1691688312.78
44 1 1691688313.35
45 1 1691688313.89
46 1 1691688314.43
47 1 1691688314.98
48 0 1691688316.39
48 1 1691688317.67
49 1 1691688317.96
50 1 1691688318.28
51 1 1691688318.59
52 1 1691688318.91
53 1 1691688319.22
54 1 1691688319.52
55 1 1691688319.82
56 1 1691688320.13
57 1 1691688320.49
58 1 1691688321.01
59 1 1691688321.59
60 1 1691688322.17
61 1 1691688322.7
62 1 1691688323.23
63 1 1691688323.78
64 1 1691688324.34
65 1 1691688324.87
66 1 1691688325.43
67 1 1691688325.98
68 1 1691688326.52
69 1 1691688327.07
70 1 1691688327.62
71 1 1691688328.19
72 1 1691688328.73
73 1 1691688329.31
74 1 1691688329.81
75 1 1691688330.36
76 1 1691688330.93
77 1 1691688331.45
78 1 1691688332.01
79 1 1691688332.56
80 1 1691688333.09
81 1 1691688333.69
82 1 1691688334.21
83 1 1691688334.77
84 1 1691688335.31
85 1 1691688335.88
86 1 1691688336.43
87 1 1691688336.97
88 1 1691688337.53
89 1 1691688338.07
90 1 1691688338.62
91 1 1691688339.15
92 1 1691688339.7
93 1 1691688340.25
94 1 1691688340.82
95 1 1691688341.33
96 1 1691688341.92
97 1 1691688342.48
98 1 1691688343.03
99 1 1691688343.57
100 1 1691688344.11
101 0 1691688345.49
101 1 1691688346.8
102 1 1691688347.12
103 1 1691688347.41
104 1 1691688347.72
105 1 1691688348.05
106 1 1691688348.34
107 1 1691688348.64
108 1 1691688348.93
109 1 1691688349.2
110 1 1691688349.6
111 1 1691688350.13
112 1 1691688350.69
113 1 1691688351.24
114 1 1691688351.79
115 1 1691688352.36
116 1 1691688352.87
117 1 1691688353.43
118 1 1691688353.99
119 1 1691688354.54
120 1 1691688355.09
121 1 1691688355.63
122 1 1691688356.17
123 1 1691688356.75
124 1 1691688357.28
125 1 1691688357.87
126 1 1691688358.38
127 1 1691688358.94
128 1 1691688359.48
129 1 1691688360.03
130 1 1691688360.57
131 1 1691688361.13
132 1 1691688361.69
133 1 1691688362.23
134 1 1691688362.78
135 1 1691688363.31
136 1 1691688363.9
137 1 1691688364.42
138 1 1691688364.99
139 1 1691688365.54
140 1 1691688366.07
141 1 1691688366.61
142 1 1691688367.17
143 1 1691688367.74
144 1 1691688368.29
145 1 1691688368.84
146 1 1691688369.4
147 1 1691688369.92
148 1 1691688370.5
149 1 1691688371.02
150 1 1691688371.56
151 1 1691688372.11
152 1 1691688372.68
153 1 1691688373.23
154 1 1691688373.77
155 1 1691688374.31
156 1 1691688374.87
157 1 1691688375.41
158 1 1691688375.97
159 1 1691688376.54
160 1 1691688377.06
161 1 1691688377.61
162 1 1691688378.16
163 1 1691688378.71
164 1 1691688379.27
165 1 1691688379.84
166 1 1691688380.36
167 1 1691688380.92
168 1 1691688381.49
169 1 1691688382.01
170 1 1691688382.56
171 1 1691688383.12
172 1 1691688383.64
173 1 1691688384.19
174 1 1691688384.77
175 1 1691688385.32
176 1 1691688385.87
177 0 1691688387.26
177 1 1691688388.6
178 1 1691688388.92
179 1 1691688389.22
180 1 1691688389.53
181 1 1691688389.81
182 1 1691688390.11
183 1 1691688390.4
184 1 1691688390.73
185 1 1691688390.99
186 1 1691688391.34
187 1 1691688391.88
188 1 1691688392.46
189 1 1691688392.98
190 1 1691688393.54
191 1 1691688394.07
192 1 1691688394.66
193 1 1691688395.18
194 1 1691688395.77
195 1 1691688396.27
196 1 1691688396.84
197 1 1691688397.39
198 1 1691688397.96
199 1 1691688398.47
200 1 1691688399.01
201 1 1691688399.56
202 1 1691688400.12
203 1 1691688400.67
204 1 1691688401.23
205 1 1691688401.77
206 1 1691688402.31
207 1 1691688402.84
208 1 1691688403.4
209 1 1691688403.95
210 1 1691688404.51
211 1 1691688405.06
212 1 1691688405.6
213 1 1691688406.16
214 1 1691688406.71
215 1 1691688407.27
