0 1 1691698678.6
1 1 1691698678.9
2 0 1691698680.09
2 1 1691698681.41
3 1 1691698681.65
4 1 1691698681.98
5 1 1691698682.32
6 1 1691698682.64
7 1 1691698682.95
8 1 1691698683.28
9 1 1691698683.57
10 1 1691698683.85
11 1 1691698684.19
12 1 1691698684.56
13 1 1691698684.89
14 1 1691698685.25
15 0 1691698686.36
15 1 1691698687.65
16 1 1691698687.92
17 0 1691698689.03
17 1 1691698689.76
18 1 1691698690.06
19 1 1691698690.33
20 1 1691698690.64
21 1 1691698690.93
22 1 1691698691.25
23 1 1691698691.57
24 1 1691698691.89
25 1 1691698692.26
26 1 1691698692.61
27 1 1691698692.94
28 1 1691698693.3
29 1 1691698693.63
30 1 1691698693.99
31 1 1691698694.32
32 1 1691698694.71
33 1 1691698695.07
34 1 1691698695.43
35 1 1691698695.83
36 1 1691698696.34
37 1 1691698696.88
38 1 1691698697.42
39 1 1691698697.95
40 1 1691698698.51
41 1 1691698699.08
42 1 1691698699.61
43 1 1691698700.15
44 1 1691698700.72
45 1 1691698701.27
46 1 1691698701.79
47 1 1691698702.36
48 1 1691698702.92
49 1 1691698703.49
50 1 1691698704.0
51 1 1691698704.55
52 1 1691698705.1
53 1 1691698705.66
54 1 1691698706.19
55 1 1691698706.75
56 0 1691698708.12
56 0 1691698709.76
56 1 1691698710.85
57 1 1691698711.4
58 1 1691698711.89
59 1 1691698712.37
60 0 1691698713.45
60 1 1691698714.48
61 1 1691698715.02
62 1 1691698715.52
63 1 1691698716.06
64 0 1691698717.19
64 1 1691698718.03
65 1 1691698718.3
66 1 1691698718.62
67 0 1691698719.73
67 1 1691698720.47
68 1 1691698720.75
69 1 1691698721.02
70 1 1691698721.35
71 1 1691698721.65
72 1 1691698721.96
73 1 1691698722.27
74 1 1691698722.61
75 1 1691698722.99
76 1 1691698723.32
77 1 1691698723.68
78 1 1691698723.99
79 1 1691698724.35
80 1 1691698724.73
81 1 1691698725.06
82 1 1691698725.43
83 1 1691698725.81
84 1 1691698726.15
85 1 1691698726.53
86 1 1691698726.89
87 1 1691698727.26
88 1 1691698727.62
89 1 1691698728.02
90 1 1691698728.38
91 1 1691698728.77
92 1 1691698729.15
93 1 1691698729.53
94 1 1691698729.89
95 1 1691698730.31
96 1 1691698730.68
97 1 1691698731.04
98 1 1691698731.4
99 0 1691698732.51
99 1 1691698733.27
100 1 1691698733.57
101 1 1691698733.83
102 1 1691698734.15
103 1 1691698734.44
104 1 1691698734.78
105 1 1691698735.14
106 1 1691698735.48
107 1 1691698735.82
108 1 1691698736.18
109 1 1691698736.52
110 1 1691698737.0
111 1 1691698737.49
112 1 1691698738.08
113 1 1691698738.6
114 1 1691698739.15
115 1 1691698739.7
116 1 1691698740.25
117 0 1691698741.62
117 1 1691698742.44
118 1 1691698742.74
119 1 1691698743.03
120 1 1691698743.32
121 1 1691698743.6
122 1 1691698743.93
123 1 1691698744.24
124 1 1691698744.68
125 1 1691698745.19
126 1 1691698745.75
127 1 1691698746.27
128 1 1691698746.83
129 1 1691698747.41
130 1 1691698747.9
131 1 1691698748.47
132 1 1691698749.03
133 1 1691698749.56
134 1 1691698750.12
135 1 1691698750.69
136 1 1691698751.26
137 1 1691698751.79
138 1 1691698752.35
139 1 1691698752.89
140 1 1691698753.43
141 1 1691698754.0
142 1 1691698754.53
143 1 1691698755.1
144 1 1691698755.63
145 1 1691698756.15
146 1 1691698756.72
147 1 1691698757.27
148 1 1691698757.81
149 1 1691698758.35
150 1 1691698758.88
151 1 1691698759.45
152 1 1691698760.02
153 1 1691698760.58
154 1 1691698761.11
155 1 1691698761.66
156 0 1691698763.03
156 1 1691698764.37
157 1 1691698764.64
158 1 1691698765.0
159 1 1691698765.35
160 1 1691698765.63
161 1 1691698765.95
162 1 1691698766.24
163 1 1691698766.58
164 1 1691698766.93
165 1 1691698767.28
166 1 1691698767.73
167 1 1691698768.27
168 1 1691698768.81
169 1 1691698769.39
170 0 1691698770.75
170 1 1691698771.54
171 1 1691698771.86
172 1 1691698772.19
173 0 1691698773.31
173 1 1691698774.12
174 1 1691698774.42
175 1 1691698774.76
176 0 1691698775.87
176 1 1691698776.65
177 1 1691698776.94
178 1 1691698777.23
179 1 1691698777.56
180 1 1691698777.89
181 0 1691698779.02
181 0 1691698781.18
181 1 1691698781.97
182 1 1691698782.29
183 1 1691698782.59
184 1 1691698782.91
185 1 1691698783.23
186 1 1691698783.57
187 1 1691698783.92
188 1 1691698784.27
189 1 1691698784.58
190 1 1691698784.93
191 1 1691698785.3
192 1 1691698785.67
193 1 1691698786.03
194 1 1691698786.42
195 1 1691698786.81
196 1 1691698787.21
197 1 1691698787.58
198 1 1691698787.97
199 0 1691698789.08
199 1 1691698790.34
200 1 1691698790.62
201 0 1691698791.75
201 1 1691698793.02
202 1 1691698793.35
203 1 1691698793.62
204 1 1691698793.92
205 1 1691698794.22
206 1 1691698794.55
207 1 1691698794.85
208 0 1691698796.08
