0 0 1683001792.2
0 0 1683001792.98
0 0 1683001793.58
0 0 1683001794.67
0 0 1683001795.28
0 0 1683001796.38
0 0 1683001796.99
0 0 1683001798.09
0 0 1683001798.68
0 0 1683001799.27
0 0 1683001800.37
0 0 1683001801.48
0 0 1683001802.08
0 0 1683001802.7
0 0 1683001803.29
0 0 1683001804.38
0 0 1683001804.97
0 0 1683001806.07
0 0 1683001807.18
0 0 1683001808.29
0 0 1683001809.38
0 0 1683001810.49
0 1 1683001811.09
1 0 1683001811.28
1 0 1683001811.87
1 0 1683001812.48
1 0 1683001813.08
1 0 1683001813.69
1 0 1683001814.3
1 0 1683001815.44
1 0 1683001816.55
1 0 1683001817.68
1 0 1683001818.78
1 0 1683001819.9
1 0 1683001820.49
1 0 1683001821.09
1 0 1683001821.68
1 0 1683001822.28
1 0 1683001823.38
1 0 1683001824.48
1 0 1683001825.59
1 0 1683001826.18
1 0 1683001827.27
1 0 1683001828.38
1 0 1683001829.0
1 1 1683001829.61
2 1 1683001829.83
3 1 1683001830.15
4 1 1683001830.47
5 1 1683001830.77
6 1 1683001831.07
7 1 1683001831.36
8 0 1683001831.7
8 0 1683001832.81
8 1 1683001833.91
9 1 1683001834.11
10 1 1683001834.4
11 1 1683001834.73
12 1 1683001835.06
13 1 1683001835.39
14 1 1683001835.73
15 0 1683001836.06
15 0 1683001837.16
15 0 1683001838.28
15 1 1683001839.36
16 1 1683001839.57
17 1 1683001839.89
18 1 1683001840.19
19 1 1683001840.48
20 1 1683001840.81
21 1 1683001841.13
22 1 1683001841.43
23 1 1683001841.73
24 0 1683001842.07
24 0 1683001842.71
24 1 1683001843.8
25 0 1683001844.01
25 0 1683001844.61
25 0 1683001845.72
25 1 1683001846.83
26 1 1683001847.03
27 1 1683001847.33
28 1 1683001847.61
29 1 1683001847.89
30 1 1683001848.18
31 1 1683001848.46
32 1 1683001848.75
33 1 1683001849.08
34 0 1683001849.38
34 0 1683001850.51
34 0 1683001851.63
34 0 1683001852.23
34 0 1683001852.87
34 0 1683001853.49
34 1 1683001854.59
35 1 1683001854.81
36 1 1683001855.11
37 1 1683001855.4
38 1 1683001855.72
39 1 1683001856.01
40 1 1683001856.29
41 1 1683001856.59
42 1 1683001856.9
43 1 1683001857.2
44 1 1683001857.51
45 1 1683001857.8
46 1 1683001858.13
47 1 1683001858.46
48 1 1683001858.8
49 1 1683001859.13
50 1 1683001859.47
51 1 1683001859.8
52 0 1683001860.91
52 1 1683001862.21
53 1 1683001862.52
54 1 1683001862.81
55 0 1683001863.13
55 0 1683001864.24
55 0 1683001864.82
55 1 1683001865.92
56 1 1683001866.11
57 1 1683001866.41
58 0 1683001866.74
58 0 1683001867.33
58 1 1683001868.43
59 1 1683001868.7
60 1 1683001868.99
61 1 1683001869.27
62 1 1683001869.55
63 1 1683001869.86
64 1 1683001870.19
65 1 1683001870.54
66 1 1683001870.86
67 1 1683001871.18
68 1 1683001871.51
69 1 1683001871.82
70 1 1683001872.19
71 1 1683001872.55
72 1 1683001872.9
73 1 1683001873.26
74 1 1683001873.61
75 1 1683001873.95
76 1 1683001874.31
77 1 1683001874.67
78 1 1683001875.05
79 1 1683001875.41
80 0 1683001876.53
80 1 1683001877.83
81 0 1683001878.15
81 0 1683001878.77
81 1 1683001879.4
82 1 1683001879.66
83 1 1683001879.95
84 0 1683001881.06
84 1 1683001881.88
85 1 1683001882.17
86 1 1683001882.47
87 0 1683001882.79
87 0 1683001883.39
87 0 1683001884.48
87 0 1683001885.08
87 0 1683001885.72
87 0 1683001886.83
87 0 1683001887.93
87 0 1683001889.03
87 1 1683001889.63
88 1 1683001889.85
89 1 1683001890.14
90 1 1683001890.46
91 1 1683001890.86
92 0 1683001891.96
92 1 1683001893.28
93 1 1683001893.63
94 0 1683001894.76
94 0 1683001896.89
94 1 1683001898.21
95 1 1683001898.49
96 1 1683001898.82
97 1 1683001899.11
98 1 1683001899.41
99 1 1683001899.72
100 1 1683001900.05
101 1 1683001900.37
102 1 1683001900.69
103 1 1683001901.03
104 0 1683001901.36
104 0 1683001902.45
104 1 1683001903.05
105 1 1683001903.26
106 1 1683001903.57
107 1 1683001903.87
108 1 1683001904.19
109 1 1683001904.51
110 1 1683001904.82
111 0 1683001905.12
111 0 1683001906.23
111 1 1683001907.34
112 0 1683001907.64
112 0 1683001908.24
112 0 1683001909.34
112 1 1683001909.96
113 1 1683001910.15
114 1 1683001910.46
115 1 1683001910.76
116 0 1683001911.06
116 0 1683001911.64
116 1 1683001912.73
117 1 1683001912.97
118 0 1683001913.26
118 0 1683001913.87
118 1 1683001915.0
119 1 1683001915.2
120 1 1683001915.51
121 1 1683001915.83
122 0 1683001916.14
122 0 1683001916.74
122 1 1683001917.32
123 1 1683001917.54
124 1 1683001917.84
125 1 1683001918.14
126 1 1683001918.43
127 0 1683001919.54
127 1 1683001920.39
128 1 1683001920.67
129 1 1683001920.96
130 1 1683001921.27
131 1 1683001921.62
132 1 1683001921.96
133 1 1683001922.26
134 1 1683001922.59
135 1 1683001922.93
136 1 1683001923.26
137 1 1683001923.61
138 0 1683001924.7
138 1 1683001925.5
139 1 1683001925.8
140 1 1683001926.11
141 1 1683001926.4
142 1 1683001926.74
143 1 1683001927.05
144 1 1683001927.4
145 1 1683001927.78
146 1 1683001928.12
147 1 1683001928.48
148 1 1683001928.83
149 1 1683001929.22
150 1 1683001929.6
151 1 1683001930.0
152 1 1683001930.38
153 1 1683001930.78
154 1 1683001931.18
155 1 1683001931.57
156 1 1683001931.93
157 1 1683001932.3
158 1 1683001932.69
159 1 1683001933.07
160 1 1683001933.48
161 1 1683001933.87
162 1 1683001934.28
163 1 1683001934.64
164 0 1683001935.74
164 1 1683001936.68
165 1 1683001936.96
166 1 1683001937.27
167 1 1683001937.59
168 1 1683001937.92
169 1 1683001938.23
170 0 1683001939.34
170 1 1683001940.67
171 1 1683001940.96
172 1 1683001941.23
173 1 1683001941.53
174 1 1683001941.83
175 0 1683001942.95
175 1 1683001943.76
176 1 1683001944.08
177 1 1683001944.38
178 1 1683001944.67
179 1 1683001945.0
180 1 1683001945.31
181 1 1683001945.62
182 1 1683001945.95
183 1 1683001946.26
184 1 1683001946.58
185 1 1683001946.9
186 1 1683001947.25
187 1 1683001947.57
188 0 1683001947.91
188 0 1683001949.0
188 0 1683001950.09
188 0 1683001950.68
188 1 1683001951.27
189 1 1683001951.49
190 1 1683001951.77
191 1 1683001952.11
192 1 1683001952.44
193 1 1683001952.73
194 0 1683001953.03
194 0 1683001953.65
194 1 1683001954.24
195 1 1683001954.45
196 1 1683001954.76
197 1 1683001955.09
198 1 1683001955.39
199 1 1683001955.69
200 1 1683001956.02
201 1 1683001956.35
202 0 1683001957.45
202 1 1683001958.42
203 1 1683001958.75
204 1 1683001959.04
205 1 1683001959.34
206 1 1683001959.7
207 0 1683001960.85
207 1 1683001962.16
208 1 1683001962.45
209 1 1683001962.73
210 1 1683001963.04
211 1 1683001963.33
212 1 1683001963.64
213 1 1683001963.95
214 1 1683001964.27
215 1 1683001964.59
216 1 1683001964.92
217 1 1683001965.23
218 1 1683001965.58
219 1 1683001965.94
220 1 1683001966.29
221 1 1683001966.65
222 1 1683001967.02
223 1 1683001967.38
224 1 1683001967.71
225 1 1683001968.1
226 1 1683001968.46
227 1 1683001968.77
