0 1 1683002123.84
1 1 1683002124.12
2 1 1683002124.44
3 1 1683002124.72
4 1 1683002125.03
5 1 1683002125.39
6 1 1683002125.72
7 1 1683002126.07
8 1 1683002126.41
9 1 1683002126.79
10 1 1683002127.31
11 1 1683002127.84
12 1 1683002128.38
13 1 1683002128.92
14 1 1683002129.47
15 1 1683002130.03
16 1 1683002130.59
17 1 1683002131.14
18 1 1683002131.72
19 0 1683002133.07
19 1 1683002133.87
20 1 1683002134.17
21 1 1683002134.49
22 1 1683002134.79
23 0 1683002135.89
23 1 1683002136.68
24 1 1683002136.97
25 1 1683002137.25
26 1 1683002137.57
27 1 1683002137.86
28 1 1683002138.16
29 1 1683002138.44
30 1 1683002138.77
31 1 1683002139.11
32 1 1683002139.42
33 1 1683002139.94
34 1 1683002140.46
35 1 1683002141.0
36 1 1683002141.56
37 1 1683002142.09
38 1 1683002142.65
39 1 1683002143.23
40 1 1683002143.75
41 1 1683002144.3
42 1 1683002144.85
43 1 1683002145.42
44 1 1683002145.97
45 1 1683002146.51
46 1 1683002147.07
47 0 1683002148.43
47 1 1683002149.93
48 1 1683002150.36
49 1 1683002150.87
50 1 1683002151.29
51 1 1683002151.63
52 1 1683002152.02
53 1 1683002152.4
54 1 1683002152.73
55 1 1683002153.09
56 1 1683002153.44
57 1 1683002153.79
58 1 1683002154.16
59 1 1683002154.52
60 1 1683002154.91
61 1 1683002155.39
62 1 1683002155.89
63 1 1683002156.39
64 1 1683002156.94
65 1 1683002157.48
66 1 1683002158.02
67 1 1683002158.6
68 0 1683002159.98
68 1 1683002160.78
69 1 1683002161.08
70 1 1683002161.38
71 1 1683002161.68
72 1 1683002161.99
73 1 1683002162.3
74 1 1683002162.63
75 1 1683002163.0
76 1 1683002163.53
77 1 1683002164.09
78 1 1683002164.61
79 0 1683002166.01
79 1 1683002166.83
80 1 1683002167.15
81 1 1683002167.44
82 1 1683002167.75
83 1 1683002168.05
84 1 1683002168.36
85 1 1683002168.65
86 1 1683002169.04
87 1 1683002169.6
88 1 1683002170.11
89 1 1683002170.64
90 1 1683002171.23
91 1 1683002171.78
92 1 1683002172.32
93 1 1683002172.86
94 1 1683002173.42
95 1 1683002173.94
96 1 1683002174.51
97 1 1683002175.05
98 1 1683002175.62
99 1 1683002176.17
100 1 1683002176.75
101 1 1683002177.36
102 1 1683002177.95
103 1 1683002178.37
104 1 1683002178.91
105 1 1683002179.45
106 1 1683002180.01
107 1 1683002180.53
108 1 1683002181.1
109 1 1683002181.69
110 1 1683002182.2
111 0 1683002183.59
111 1 1683002184.39
112 1 1683002184.68
113 1 1683002184.98
114 1 1683002185.27
115 1 1683002185.58
116 1 1683002185.9
117 1 1683002186.23
118 1 1683002186.61
119 1 1683002187.15
120 1 1683002187.69
121 1 1683002188.23
122 1 1683002188.75
123 1 1683002189.34
124 1 1683002189.86
125 1 1683002190.44
126 1 1683002190.99
127 1 1683002191.52
128 1 1683002192.08
129 1 1683002192.62
130 1 1683002193.17
131 1 1683002193.73
132 1 1683002194.26
133 1 1683002194.84
134 1 1683002195.38
135 0 1683002196.76
135 1 1683002197.57
136 1 1683002197.91
137 1 1683002198.21
138 1 1683002198.53
139 1 1683002198.81
140 1 1683002199.12
141 1 1683002199.43
142 1 1683002199.8
143 1 1683002200.38
144 0 1683002201.69
144 1 1683002202.5
145 1 1683002202.79
146 1 1683002203.1
147 1 1683002203.41
148 1 1683002203.68
149 1 1683002204.01
150 1 1683002204.3
151 1 1683002204.72
152 1 1683002205.24
153 1 1683002205.79
154 1 1683002206.31
155 1 1683002206.88
156 1 1683002207.47
157 1 1683002207.99
158 1 1683002208.55
159 1 1683002209.08
160 1 1683002209.63
161 0 1683002211.03
161 0 1683002212.66
161 1 1683002213.97
162 1 1683002214.29
163 1 1683002214.58
164 1 1683002214.87
165 1 1683002215.19
166 1 1683002215.54
167 1 1683002215.85
168 1 1683002216.17
169 1 1683002216.52
170 1 1683002216.86
171 1 1683002217.21
172 1 1683002217.52
173 1 1683002217.89
174 1 1683002218.23
175 1 1683002218.56
176 1 1683002218.92
177 1 1683002219.25
178 1 1683002219.58
179 1 1683002220.11
180 1 1683002220.64
181 1 1683002221.18
182 1 1683002221.71
183 1 1683002222.31
184 1 1683002222.85
185 1 1683002223.48
186 0 1683002224.76
186 1 1683002225.56
187 1 1683002225.86
188 1 1683002226.21
189 1 1683002226.59
190 1 1683002227.0
191 1 1683002227.43
192 1 1683002227.95
193 0 1683002229.13
193 1 1683002230.45
194 1 1683002230.77
195 1 1683002231.08
196 1 1683002231.4
197 1 1683002231.71
198 1 1683002232.05
199 1 1683002232.36
200 1 1683002232.72
201 1 1683002233.06
202 1 1683002233.4
203 1 1683002233.72
204 1 1683002234.03
205 1 1683002234.42
206 1 1683002234.97
207 1 1683002235.49
208 1 1683002236.01
209 1 1683002236.55
210 1 1683002237.1
211 1 1683002237.64
212 1 1683002238.2
213 1 1683002238.77
214 1 1683002239.3
215 1 1683002239.86
216 1 1683002240.4
217 1 1683002240.96
218 1 1683002241.51
219 1 1683002242.07
220 1 1683002242.62
221 1 1683002243.19
222 1 1683002243.69
223 1 1683002244.25
224 1 1683002244.79
225 1 1683002245.37
226 1 1683002245.88
227 1 1683002246.43
228 1 1683002247.0
229 1 1683002247.55
230 1 1683002248.11
231 1 1683002248.62
232 1 1683002249.19
233 1 1683002249.73
234 1 1683002250.29
235 1 1683002250.84
236 1 1683002251.39
237 1 1683002251.97
238 1 1683002252.49
239 1 1683002253.05
240 1 1683002253.59
241 1 1683002254.13
242 1 1683002254.69
243 1 1683002255.24
244 1 1683002255.78
245 1 1683002256.41
246 1 1683002256.99
247 1 1683002257.41
248 1 1683002258.01
249 1 1683002258.53
250 1 1683002259.11
251 1 1683002259.63
252 1 1683002260.18
253 1 1683002260.72
254 1 1683002261.28
255 1 1683002261.85
256 1 1683002262.39
257 1 1683002262.92
258 1 1683002263.48
259 1 1683002264.02
260 1 1683002264.58
261 1 1683002265.11
262 1 1683002265.69
263 1 1683002266.22
264 1 1683002266.77
265 1 1683002267.33
266 1 1683002267.85
267 0 1683002269.27
267 1 1683002270.06
268 1 1683002270.37
269 1 1683002270.65
270 1 1683002271.0
271 1 1683002271.36
272 1 1683002271.75
273 0 1683002272.84
273 1 1683002274.12
274 1 1683002274.44
275 1 1683002274.73
276 1 1683002275.02
277 1 1683002275.33
278 1 1683002275.63
279 1 1683002275.99
280 1 1683002276.29
281 1 1683002276.62
282 1 1683002276.97
283 1 1683002277.26
284 1 1683002277.79
285 1 1683002278.31
286 1 1683002278.86
287 1 1683002279.42
288 1 1683002279.94
289 1 1683002280.5
290 1 1683002281.06
291 1 1683002281.61
292 1 1683002282.16
293 1 1683002282.68
294 0 1683002284.07
294 1 1683002285.38
295 1 1683002285.66
296 1 1683002285.95
297 1 1683002286.22
298 1 1683002286.55
299 1 1683002286.86
300 1 1683002287.15
301 1 1683002287.47
302 1 1683002287.77
303 1 1683002288.17
304 1 1683002288.71
305 1 1683002289.27
306 1 1683002289.83
307 0 1683002291.21
307 1 1683002292.0
308 0 1683002293.1
308 1 1683002294.49
309 1 1683002294.78
310 1 1683002295.1
311 1 1683002295.39
312 1 1683002295.72
313 1 1683002296.01
314 1 1683002296.32
315 1 1683002296.61
316 1 1683002296.93
317 1 1683002297.28
318 1 1683002297.63
319 1 1683002297.98
320 1 1683002298.28
321 1 1683002298.62
322 1 1683002298.97
323 1 1683002299.34
324 1 1683002299.75
325 1 1683002300.26
