WithPD,0,1691688931237693696,0,0,0,1,1,1691688933.97
WithPD,1,1691688931883240192,0,0,0,1,1,1691688934.26
WithPD,2,1691688932433674496,0,0,0,1,1,1691688934.56
WithPD,3,1691688932983089408,0,0,0,1,1,1691688934.88
WithPD,4,1691688933529964544,0,0,0,1,1,1691688935.17
WithPD,5,1691688934079605248,0,0,0,1,1,1691688935.49
WithPD,6,1691688934629001216,0,0,0,1,1,1691688935.82
WithPD,7,1691688935175687936,0,0,0,1,1,1691688936.14
WithPD,8,1691688935725669632,0,0,0,1,1,1691688936.45
WithPD,9,1691688936275060992,22.0,51.0,1691688936275060992,0,0,1691688936.88
WithPD,10,1691688936822210560,22.0,51.0,1691688936275060992,1,0,1691688937.42
WithPD,11,1691688937371733760,22.0,51.0,1691688936275060992,1,0,1691688937.97
WithPD,12,1691688937921252864,22.0,51.0,1691688936275060992,1,0,1691688938.54
WithPD,13,1691688938474544128,22.0,51.0,1691688936275060992,1,0,1691688939.08
WithPD,14,1691688939026448896,22.0,51.0,1691688936275060992,1,0,1691688939.64
WithPD,15,1691688939575723264,22.0,51.0,1691688939575723264,0,0,1691688940.17
WithPD,16,1691688940122843136,22.0,51.0,1691688939575723264,1,0,1691688940.72
WithPD,17,1691688940672219392,22.0,51.0,1691688939575723264,1,0,1691688941.27
WithPD,18,1691688941221734912,22.0,51.0,1691688939575723264,1,0,1691688941.82
WithPD,19,1691688941775104256,22.0,51.0,1691688939575723264,1,0,1691688942.36
WithPD,20,1691688942324603136,22.0,51.0,1691688939575723264,1,0,1691688942.91
WithPD,21,1691688942874025728,22.0,51.0,1691688939575723264,1,0,1691688943.47
WithPD,22,1691688943421031936,22.0,51.0,1691688939575723264,1,0,1691688944.01
WithPD,23,1691688943970311424,22.0,51.0,1691688939575723264,1,0,1691688944.57
WoutPD,0,This_is_noise_node0,1691688945.03
WoutPD,1,This_is_noise_node1,1691688945.06
WoutPD,2,This_is_noise_node2,1691688945.07
WoutPD,3,This_is_noise_node3,1691688945.11
WoutPD,4,This_is_noise_node4,1691688945.13
WithPD,24,1691688944519611392,22.0,51.0,1691688939575723264,1,0,1691688945.17
WoutPD,7,This_is_noise_node7,1691688945.19
WoutPD,8,This_is_noise_node8,1691688945.22
WoutPD,9,This_is_noise_node9,1691688945.26
WoutPD,10,This_is_noise_node10,1691688945.29
WoutPD,11,This_is_noise_node11,1691688945.32
WoutPD,12,This_is_noise_node12,1691688945.35
WoutPD,13,This_is_noise_node13,1691688945.38
WoutPD,14,This_is_noise_node14,1691688945.39
WoutPD,15,This_is_noise_node15,1691688945.42
WoutPD,16,This_is_noise_node16,1691688945.45
WoutPD,17,This_is_noise_node17,1691688945.48
WoutPD,18,This_is_noise_node18,1691688945.5
WoutPD,19,This_is_noise_node19,1691688945.54
WoutPD,20,This_is_noise_node20,1691688945.57
WoutPD,21,This_is_noise_node21,1691688945.58
WoutPD,22,This_is_noise_node22,1691688945.62
WoutPD,23,This_is_noise_node23,1691688945.64
WoutPD,24,This_is_noise_node24,1691688945.67
WoutPD,25,This_is_noise_node25,1691688945.72
WoutPD,27,This_is_noise_node27,1691688945.74
WoutPD,28,This_is_noise_node28,1691688945.77
WoutPD,29,This_is_noise_node29,1691688945.79
WoutPD,32,This_is_noise_node32,1691688945.84
WoutPD,33,This_is_noise_node33,1691688945.87
WoutPD,34,This_is_noise_node34,1691688945.89
WoutPD,35,This_is_noise_node35,1691688945.93
WoutPD,37,This_is_noise_node37,1691688945.96
WoutPD,38,This_is_noise_node38,1691688945.99
WoutPD,39,This_is_noise_node39,1691688946.02
WoutPD,41,This_is_noise_node41,1691688946.05
WoutPD,42,This_is_noise_node42,1691688946.09
WoutPD,43,This_is_noise_node43,1691688946.09
WithPD,25,1691688945067622400,22.0,51.0,1691688939575723264,1,0,1691688947.06
WithPD,26,1691688945617237504,22.0,51.0,1691688939575723264,1,0,1691688947.38
WithPD,27,1691688946166319872,22.0,51.0,1691688946166319872,0,0,1691688947.65
WithPD,28,1691688946713292032,22.0,51.0,1691688946166319872,1,0,1691688947.99
WithPD,29,1691688947262722048,22.0,51.0,1691688946166319872,1,0,1691688948.28
WithPD,30,1691688947812086016,22.0,51.0,1691688946166319872,1,0,1691688948.56
WithPD,31,1691688948365555712,22.0,51.0,1691688946166319872,1,0,1691688948.97
WithPD,32,1691688948914855936,22.0,51.0,1691688946166319872,1,0,1691688949.53
WithPD,33,1691688949464353024,22.0,51.0,1691688949464353024,0,0,1691688950.06
WithPD,34,1691688950011493888,22.0,51.0,1691688949464353024,1,0,1691688950.6
WithPD,35,1691688950561352960,22.0,51.0,1691688949464353024,1,0,1691688951.18
WithPD,36,1691688951110717952,22.0,51.0,1691688951110717952,0,0,1691688951.71
WithPD,37,1691688951658343168,22.0,51.0,1691688951110717952,1,0,1691688952.26
WithPD,38,1691688952207575296,22.0,51.0,1691688951110717952,1,0,1691688952.8
WithPD,39,1691688952757233152,22.0,51.0,1691688952757233152,0,0,1691688953.36
WithPD,40,1691688953304687104,22.0,51.0,1691688952757233152,1,0,1691688953.91
WithPD,41,1691688953854096640,22.0,51.0,1691688952757233152,1,0,1691688954.44
WithPD,42,1691688954403573760,22.0,51.0,1691688952757233152,1,0,1691688955.01
WithPD,43,1691688954957272064,22.0,51.0,1691688952757233152,1,0,1691688955.56
WithPD,44,1691688955506316288,22.0,51.0,1691688952757233152,1,0,1691688956.1
WithPD,45,1691688956055584256,22.0,51.0,1691688956055584256,0,0,1691688956.65
WithPD,46,1691688956602668800,22.0,51.0,1691688956055584256,1,0,1691688957.22
WithPD,47,1691688957152012032,22.0,51.0,1691688956055584256,1,0,1691688957.74
WoutPD,44,This_is_noise_node44,1691688957.93
WithPD,47,1691688957152012032,22.0,51.0,1691688956055584256,1,0,1691688959.41
WithPD,48,1691688957701846272,22.0,51.0,1691688956055584256,1,0,1691688959.68
WithPD,49,1691688958248776704,22.0,51.0,1691688956055584256,1,0,1691688960.0
WithPD,50,1691688958798014208,22.0,51.0,1691688956055584256,1,0,1691688960.28
WithPD,51,1691688959347836416,22.0,51.0,1691688956055584256,1,0,1691688960.58
WithPD,52,1691688959895048960,22.0,51.0,1691688956055584256,1,0,1691688960.9
WithPD,53,1691688960444282880,22.0,51.0,1691688956055584256,1,0,1691688961.22
WithPD,54,1691688960993595904,22.0,51.0,1691688956055584256,1,0,1691688961.59
WithPD,55,1691688961540396032,22.0,51.0,1691688956055584256,1,0,1691688962.14
WithPD,56,1691688962089793024,22.0,51.0,1691688956055584256,1,0,1691688962.69
WithPD,58,1691688963186198784,22.0,51.0,1691688962639093760,1,0,1691688963.78
WithPD,59,1691688963735468288,22.0,51.0,1691688962639093760,1,0,1691688964.35
WithPD,60,1691688964286705408,22.0,51.0,1691688962639093760,1,0,1691688964.89
WithPD,61,1691688964839873280,22.0,51.0,1691688962639093760,1,0,1691688965.45
WithPD,62,1691688965389737472,22.0,51.0,1691688962639093760,1,0,1691688965.99
WithPD,63,1691688965939243520,22.0,51.0,1691688965939243520,0,0,1691688966.52
WithPD,64,1691688966486394880,22.0,51.0,1691688965939243520,1,0,1691688967.08
WithPD,65,1691688967035910656,22.0,51.0,1691688965939243520,1,0,1691688967.64
WithPD,66,1691688967585768704,22.0,51.0,1691688965939243520,1,0,1691688968.18
WithPD,67,1691688968132540160,22.0,51.0,1691688965939243520,1,0,1691688968.73
WithPD,68,1691688968681921280,22.0,51.0,1691688965939243520,1,0,1691688969.28
WithPD,69,1691688969231267072,22.0,51.0,1691688965939243520,1,0,1691688969.83
WithPD,70,1691688969778103040,22.0,51.0,1691688965939243520,1,0,1691688970.38
WithPD,71,1691688970327463936,22.0,51.0,1691688965939243520,1,0,1691688970.92
WithPD,72,1691688970877291520,22.0,51.0,1691688970877291520,0,0,1691688971.48
WoutPD,45,This_is_noise_node45,1691688971.94
WoutPD,46,This_is_noise_node46,1691688971.98
WoutPD,47,This_is_noise_node47,1691688972.01
WoutPD,48,This_is_noise_node48,1691688972.04
WoutPD,50,This_is_noise_node50,1691688972.08
WoutPD,51,This_is_noise_node51,1691688972.1
WoutPD,52,This_is_noise_node52,1691688972.14
WoutPD,53,This_is_noise_node53,1691688972.16
WoutPD,54,This_is_noise_node54,1691688972.19
WoutPD,55,This_is_noise_node55,1691688972.22
WoutPD,56,This_is_noise_node56,1691688972.25
WoutPD,57,This_is_noise_node57,1691688972.26
WoutPD,58,This_is_noise_node58,1691688972.3
WoutPD,59,This_is_noise_node59,1691688972.32
WoutPD,60,This_is_noise_node60,1691688972.35
WoutPD,61,This_is_noise_node61,1691688972.38
WoutPD,62,This_is_noise_node62,1691688972.41
WoutPD,63,This_is_noise_node63,1691688972.44
WoutPD,64,This_is_noise_node64,1691688972.47
WoutPD,65,This_is_noise_node65,1691688972.5
WoutPD,66,This_is_noise_node66,1691688972.53
WoutPD,67,This_is_noise_node67,1691688972.55
WoutPD,68,This_is_noise_node68,1691688972.58
WoutPD,69,This_is_noise_node69,1691688972.61
WithPD,73,1691688971424599040,22.0,51.0,1691688970877291520,1,0,1691688973.67
WithPD,74,1691688971973984000,22.0,51.0,1691688970877291520,1,0,1691688973.96
WithPD,75,1691688972523316224,22.0,51.0,1691688970877291520,1,0,1691688974.25
WithPD,76,1691688973070214144,22.0,51.0,1691688970877291520,1,0,1691688974.55
WithPD,77,1691688973619759104,22.0,51.0,1691688970877291520,1,0,1691688974.93
WithPD,78,1691688974169466368,22.0,51.0,1691688970877291520,1,0,1691688975.2
WithPD,79,1691688974722850816,22.0,51.0,1691688970877291520,1,0,1691688975.52
WithPD,80,1691688975272020224,22.0,51.0,1691688970877291520,1,0,1691688975.87
WithPD,81,1691688975821954816,22.0,51.0,1691688970877291520,1,0,1691688976.41
WithPD,82,1691688976368778240,22.0,51.0,1691688970877291520,1,0,1691688976.99
WithPD,84,1691688977467787776,22.0,51.0,1691688970877291520,1,0,1691688978.09
WithPD,85,1691688978021959680,22.0,51.0,1691688970877291520,1,0,1691688978.63
WithPD,85,1691688978021959680,22.0,51.0,1691688970877291520,1,0,1691688980.76
WithPD,86,1691688978571494144,22.0,51.0,1691688970877291520,1,0,1691688981.08
WithPD,87,1691688979120719104,22.0,51.0,1691688979120719104,0,0,1691688981.43
WithPD,88,1691688979668220672,22.0,51.0,1691688979120719104,1,0,1691688981.74
WithPD,89,1691688980217743360,22.0,51.0,1691688979120719104,1,0,1691688982.03
WithPD,90,1691688980766861312,22.0,51.0,1691688979120719104,1,0,1691688982.32
WithPD,91,1691688981313562368,22.0,51.0,1691688979120719104,1,0,1691688982.63
WithPD,92,1691688981862896896,22.0,51.0,1691688979120719104,1,0,1691688982.94
WithPD,93,1691688982412304640,22.0,51.0,1691688979120719104,1,0,1691688983.26
WithPD,93,1691688982412304640,22.0,51.0,1691688979120719104,1,0,1691688985.4
WithPD,94,1691688982959130368,22.0,51.0,1691688979120719104,1,0,1691688985.69
WithPD,95,1691688983508433920,22.0,51.0,1691688979120719104,1,0,1691688985.99
WithPD,96,1691688984060385280,22.0,51.0,1691688984060385280,0,0,1691688986.3
WithPD,96,1691688984060385280,22.0,51.0,1691688984060385280,0,0,1691688987.95
WithPD,97,1691688984607372288,22.0,51.0,1691688984060385280,1,0,1691688988.24
WithPD,98,1691688985156913920,22.0,51.0,1691688984060385280,1,0,1691688988.55
WithPD,99,1691688985706537472,22.0,51.0,1691688985706537472,0,0,1691688988.84
WithPD,100,1691688986254501376,22.0,51.0,1691688985706537472,1,0,1691688989.14
WithPD,101,1691688986803893248,22.0,51.0,1691688985706537472,1,0,1691688989.43
WithPD,102,1691688987353670656,22.0,51.0,1691688987353670656,0,0,1691688989.74
WithPD,103,1691688987901610240,22.0,51.0,1691688987353670656,1,0,1691688990.04
WithPD,104,1691688988450671104,22.0,51.0,1691688987353670656,1,0,1691688990.36
WithPD,105,1691688988999964160,22.0,51.0,1691688987353670656,1,0,1691688990.64
WithPD,105,1691688988999964160,22.0,51.0,1691688987353670656,1,0,1691688992.82
WithPD,106,1691688989546972672,22.0,51.0,1691688987353670656,1,0,1691688993.13
WithPD,107,1691688990096028672,22.0,51.0,1691688987353670656,1,0,1691688993.48
WithPD,108,1691688990645572096,22.0,51.0,1691688987353670656,1,0,1691688993.77
WithPD,109,1691688991192484352,22.0,51.0,1691688987353670656,1,0,1691688994.11
WithPD,110,1691688991741723392,22.0,51.0,1691688987353670656,1,0,1691688994.4
WithPD,111,1691688992290989568,22.0,51.0,1691688992290989568,0,0,1691688994.7
WithPD,112,1691688992838535680,22.0,51.0,1691688992290989568,1,0,1691688995.0
WithPD,113,1691688993387695104,22.0,51.0,1691688992290989568,1,0,1691688995.33
WithPD,114,1691688993937609728,22.0,51.0,1691688993937609728,0,0,1691688995.69
WithPD,115,1691688994484391680,22.0,51.0,1691688993937609728,1,0,1691688995.99
WithPD,116,1691688995033926400,22.0,51.0,1691688993937609728,1,0,1691688996.33
WithPD,117,1691688995583214080,22.0,51.0,1691688995583214080,0,0,1691688996.61
WithPD,118,1691688996130654720,22.0,51.0,1691688995583214080,1,0,1691688996.95
WithPD,119,1691688996679967488,22.0,51.0,1691688995583214080,1,0,1691688997.3
WithPD,120,1691688997229551104,22.0,51.0,1691688995583214080,1,0,1691688997.82
WithPD,121,1691688997776432384,22.0,51.0,1691688995583214080,1,0,1691688998.37
WithPD,122,1691688998325796352,22.0,51.0,1691688995583214080,1,0,1691688998.93
WithPD,123,1691688998875206400,22.0,51.0,1691688998875206400,0,0,1691688999.47
WithPD,124,1691688999421980928,22.0,51.0,1691688998875206400,1,0,1691689000.01
WithPD,125,1691688999971277056,22.0,51.0,1691688998875206400,1,0,1691689000.58
WithPD,126,1691689000520581888,22.0,51.0,1691688998875206400,1,0,1691689001.11
WoutPD,70,This_is_noise_node70,1691689001.47
WoutPD,71,This_is_noise_node71,1691689001.51
WoutPD,72,This_is_noise_node72,1691689001.54
WoutPD,73,This_is_noise_node73,1691689001.57
WoutPD,74,This_is_noise_node74,1691689001.58
WoutPD,75,This_is_noise_node75,1691689001.62
WoutPD,76,This_is_noise_node76,1691689001.65
WoutPD,77,This_is_noise_node77,1691689001.68
WoutPD,78,This_is_noise_node78,1691689001.71
WoutPD,79,This_is_noise_node79,1691689001.74
WoutPD,90,This_is_noise_node90,1691689001.9
WoutPD,91,This_is_noise_node91,1691689001.93
WoutPD,92,This_is_noise_node92,1691689001.95
WoutPD,93,This_is_noise_node93,1691689001.98
WoutPD,94,This_is_noise_node94,1691689002.01
WoutPD,95,This_is_noise_node95,1691689002.04
WoutPD,96,This_is_noise_node96,1691689002.07
WoutPD,97,This_is_noise_node97,1691689002.1
WoutPD,98,This_is_noise_node98,1691689002.11
WoutPD,99,This_is_noise_node99,1691689002.15
WoutPD,100,This_is_noise_node100,1691689002.18
WoutPD,101,This_is_noise_node101,1691689002.21
WoutPD,102,This_is_noise_node102,1691689002.24
WoutPD,103,This_is_noise_node103,1691689002.26
WoutPD,104,This_is_noise_node104,1691689002.3
WoutPD,105,This_is_noise_node105,1691689002.32
WithPD,127,1691689001073934080,22.0,51.0,1691688998875206400,1,0,1691689003.81
WithPD,128,1691689001623207168,22.0,51.0,1691688998875206400,1,0,1691689004.1
WithPD,129,1691689002172741376,22.0,51.0,1691688998875206400,1,0,1691689004.41
WithPD,130,1691689002720036352,22.0,51.0,1691688998875206400,1,0,1691689004.69
WithPD,131,1691689003269748992,22.0,51.0,1691688998875206400,1,0,1691689005.02
WithPD,132,1691689003819036928,22.0,51.0,1691689003819036928,0,0,1691689005.32
WithPD,133,1691689004366771200,22.0,51.0,1691689003819036928,1,0,1691689005.64
WithPD,134,1691689004916061696,22.0,51.0,1691689003819036928,1,0,1691689005.92
WithPD,135,1691689005465827328,22.0,51.0,1691689003819036928,1,0,1691689006.23
WithPD,136,1691689006012798720,22.0,51.0,1691689003819036928,1,0,1691689006.62
WithPD,137,1691689006562242816,22.0,51.0,1691689003819036928,1,0,1691689007.15
WithPD,138,1691689007111849984,22.0,51.0,1691689003819036928,1,0,1691689007.71
WithPD,139,1691689007659171072,22.0,51.0,1691689003819036928,1,0,1691689008.25
WithPD,140,1691689008208501760,22.0,51.0,1691689003819036928,1,0,1691689008.82
WithPD,141,1691689008757806592,22.0,51.0,1691689003819036928,1,0,1691689009.34
WithPD,142,1691689009304755968,22.0,51.0,1691689003819036928,1,0,1691689009.9
WithPD,143,1691689009854189568,22.0,51.0,1691689003819036928,1,0,1691689010.45
WithPD,144,1691689010403383040,22.0,54.0,1691689010403383040,0,0,1691689011.0
WithPD,145,1691689010951127296,22.0,54.0,1691689010403383040,1,0,1691689011.54
WithPD,146,1691689011500652032,22.0,54.0,1691689010403383040,1,0,1691689012.11
WithPD,147,1691689012050041344,22.0,54.0,1691689010403383040,1,0,1691689012.64
WithPD,148,1691689012597292032,22.0,54.0,1691689010403383040,1,0,1691689013.2
WithPD,149,1691689013146345984,22.0,54.0,1691689010403383040,1,0,1691689013.75
WithPD,150,1691689013695695616,22.0,54.0,1691689010403383040,1,0,1691689014.29
WithPD,151,1691689014249402112,22.0,54.0,1691689010403383040,1,0,1691689014.84
WithPD,152,1691689014798849792,22.0,54.0,1691689010403383040,1,0,1691689015.39
WithPD,153,1691689015348547840,22.0,54.0,1691689010403383040,1,0,1691689015.94
WithPD,154,1691689015901978112,22.0,54.0,1691689010403383040,1,0,1691689016.5
WithPD,155,1691689016451453696,22.0,54.0,1691689010403383040,1,0,1691689017.05
WithPD,156,1691689017000872960,22.0,52.0,1691689017000872960,0,0,1691689017.6
WithPD,159,1691689018646384128,22.0,52.0,1691689017000872960,1,0,1691689019.24
WithPD,160,1691689019193411328,22.0,52.0,1691689017000872960,1,0,1691689019.79
WithPD,161,1691689019742792704,22.0,52.0,1691689017000872960,1,0,1691689020.33
WithPD,162,1691689020292202496,22.0,52.0,1691689017000872960,1,0,1691689020.9
WithPD,163,1691689020839484928,22.0,52.0,1691689017000872960,1,0,1691689021.44
WithPD,164,1691689021389452032,22.0,52.0,1691689017000872960,1,0,1691689022.0
WithPD,165,1691689021938803712,22.0,52.0,1691689017000872960,1,0,1691689022.53
WithPD,166,1691689022486265344,22.0,52.0,1691689017000872960,1,0,1691689023.09
WithPD,168,1691689023585533696,22.0,52.0,1691689017000872960,1,0,1691689024.19
WithPD,169,1691689024138701824,22.0,52.0,1691689017000872960,1,0,1691689024.73
WithPD,170,1691689024688057344,22.0,52.0,1691689017000872960,1,0,1691689025.28
WithPD,171,1691689025237666816,22.0,52.0,1691689017000872960,1,0,1691689025.83
WithPD,172,1691689025790777344,22.0,52.0,1691689017000872960,1,0,1691689026.39
WithPD,173,1691689026340056064,22.0,52.0,1691689017000872960,1,0,1691689026.95
WoutPD,106,This_is_noise_node106,1691689027.23
WithPD,174,1691689026889857536,22.0,51.0,1691689026889857536,0,0,1691689027.49
WithPD,175,1691689027436813568,22.0,51.0,1691689026889857536,1,0,1691689028.03
WoutPD,107,This_is_noise_node107,1691689028.25
WoutPD,108,This_is_noise_node108,1691689028.28
WoutPD,109,This_is_noise_node109,1691689028.3
WoutPD,110,This_is_noise_node110,1691689028.34
WoutPD,111,This_is_noise_node111,1691689028.37
WithPD,176,1691689027986381824,22.0,51.0,1691689026889857536,1,0,1691689028.6
WithPD,177,1691689028535648768,22.0,51.0,1691689026889857536,1,0,1691689029.14
WithPD,178,1691689029086209024,22.0,51.0,1691689026889857536,1,0,1691689029.68
WithPD,179,1691689029635411456,22.0,51.0,1691689026889857536,1,0,1691689030.23
WithPD,180,1691689030184761856,22.0,51.0,1691689030184761856,0,0,1691689030.79
WithPD,181,1691689030732063744,22.0,51.0,1691689030184761856,1,0,1691689031.32
WithPD,182,1691689031281663744,22.0,51.0,1691689030184761856,1,0,1691689031.89
WithPD,183,1691689031830965760,22.0,51.0,1691689030184761856,1,0,1691689032.42
WithPD,184,1691689032377926400,22.0,51.0,1691689030184761856,1,0,1691689032.98
WithPD,185,1691689032927399168,22.0,51.0,1691689030184761856,1,0,1691689033.54
WithPD,186,1691689033476757248,22.0,51.0,1691689030184761856,1,0,1691689034.08
WithPD,187,1691689034030343168,22.0,51.0,1691689030184761856,1,0,1691689034.64
WithPD,188,1691689034579488000,22.0,51.0,1691689030184761856,1,0,1691689035.18
WithPD,189,1691689035128852480,22.0,51.0,1691689030184761856,1,0,1691689035.73
WithPD,190,1691689035675659008,22.0,51.0,1691689030184761856,1,0,1691689036.27
WithPD,191,1691689036225243904,22.0,51.0,1691689030184761856,1,0,1691689036.83
WithPD,192,1691689036774615040,22.0,51.0,1691689036774615040,0,0,1691689037.37
WithPD,193,1691689037322227456,22.0,51.0,1691689036774615040,1,0,1691689037.92
WithPD,194,1691689037871502336,22.0,51.0,1691689036774615040,1,0,1691689038.48
WithPD,195,1691689038420861440,22.0,51.0,1691689036774615040,1,0,1691689039.01
WithPD,196,1691689038974247424,22.0,51.0,1691689036774615040,1,0,1691689039.58
WithPD,197,1691689039524878080,22.0,51.0,1691689036774615040,1,0,1691689040.13
WithPD,198,1691689040074342400,22.0,51.0,1691689036774615040,1,0,1691689040.69
WithPD,199,1691689040627404800,22.0,51.0,1691689036774615040,1,0,1691689041.22
WithPD,200,1691689041176780544,22.0,51.0,1691689036774615040,1,0,1691689041.78
WithPD,201,1691689041726370048,22.0,51.0,1691689036774615040,1,0,1691689042.33
WithPD,202,1691689042273243904,22.0,51.0,1691689036774615040,1,0,1691689042.89
WithPD,203,1691689042822331648,22.0,51.0,1691689036774615040,1,0,1691689043.42
WithPD,204,1691689043371968512,22.0,51.0,1691689043371968512,0,0,1691689043.97
WithPD,205,1691689043919219456,22.0,51.0,1691689043371968512,1,0,1691689044.52
WithPD,206,1691689044468498176,22.0,51.0,1691689043371968512,1,0,1691689045.06
WithPD,207,1691689045017906688,22.0,51.0,1691689045017906688,0,0,1691689045.62
WithPD,208,1691689045565398784,22.0,51.0,1691689045017906688,1,0,1691689046.16
WithPD,209,1691689046114732800,22.0,51.0,1691689045017906688,1,0,1691689046.71
WithPD,210,1691689046664179200,22.0,51.0,1691689045017906688,1,0,1691689047.26
WithPD,211,1691689047217790720,22.0,51.0,1691689045017906688,1,0,1691689047.82
WithPD,212,1691689047767726080,22.0,51.0,1691689045017906688,1,0,1691689048.36
WithPD,213,1691689048317404672,22.0,51.0,1691689045017906688,1,0,1691689048.93
WithPD,213,1691689048317404672,22.0,51.0,1691689045017906688,1,0,1691689051.08
WithPD,214,1691689048870628096,22.0,51.0,1691689045017906688,1,0,1691689051.37
