WithPD,0,1691698448745486848,23.0,49.0,1691698448745486848,0,0,1691698451.53
WithPD,1,1691698449382081024,23.0,49.0,1691698448745486848,1,0,1691698451.83
WithPD,2,1691698449932290048,23.0,49.0,1691698448745486848,1,0,1691698452.2
WithPD,3,1691698450481756416,23.0,49.0,1691698448745486848,1,0,1691698452.49
WithPD,4,1691698451046916352,23.0,49.0,1691698448745486848,1,0,1691698452.79
WithPD,5,1691698451596303104,23.0,49.0,1691698448745486848,1,0,1691698453.1
WithPD,6,1691698452145903616,23.0,49.0,1691698448745486848,1,0,1691698453.42
WithPD,7,1691698452694416896,23.0,49.0,1691698448745486848,1,0,1691698453.75
WithPD,8,1691698453243721984,23.0,49.0,1691698448745486848,1,0,1691698454.08
WithPD,9,1691698453793319168,23.0,49.0,1691698448745486848,1,0,1691698454.42
WithPD,10,1691698454339920128,23.0,49.0,1691698448745486848,1,0,1691698454.95
WithPD,11,1691698454889469184,23.0,49.0,1691698448745486848,1,0,1691698455.49
WithPD,12,1691698455438728960,23.0,49.0,1691698448745486848,1,0,1691698456.04
WithPD,13,1691698455985630976,23.0,49.0,1691698448745486848,1,0,1691698456.6
WithPD,14,1691698456534800128,23.0,49.0,1691698448745486848,1,0,1691698457.14
WithPD,15,1691698457084328192,23.0,49.0,1691698448745486848,1,0,1691698457.69
WithPD,16,1691698457631134976,23.0,49.0,1691698448745486848,1,0,1691698458.24
WithPD,17,1691698458180610560,23.0,49.0,1691698448745486848,1,0,1691698458.79
WithPD,18,1691698458730108160,23.0,49.0,1691698448745486848,1,0,1691698459.34
WithPD,19,1691698459283145216,23.0,49.0,1691698448745486848,1,0,1691698459.9
WithPD,20,1691698459832476928,23.0,49.0,1691698448745486848,1,0,1691698460.43
WithPD,21,1691698460382024960,23.0,49.0,1691698460382024960,0,0,1691698460.98
WithPD,22,1691698460929325824,23.0,49.0,1691698460382024960,1,0,1691698461.53
WithPD,23,1691698461478993408,23.0,49.0,1691698460382024960,1,0,1691698462.1
WithPD,24,1691698462028408320,23.0,49.0,1691698462028408320,0,0,1691698462.64
WithPD,25,1691698462575680256,23.0,49.0,1691698462028408320,1,0,1691698463.2
WithPD,26,1691698463125418240,23.0,49.0,1691698462028408320,1,0,1691698463.74
WithPD,27,1691698463674672384,23.0,49.0,1691698462028408320,1,0,1691698464.3
WithPD,29,1691698464777625600,23.0,49.0,1691698462028408320,1,0,1691698465.38
WithPD,30,1691698465326971392,23.0,49.0,1691698462028408320,1,0,1691698465.94
WithPD,31,1691698465873772800,23.0,49.0,1691698462028408320,1,0,1691698466.49
WithPD,32,1691698466423141632,23.0,49.0,1691698462028408320,1,0,1691698467.03
WithPD,33,1691698466972436480,23.0,49.0,1691698462028408320,1,0,1691698467.59
WithPD,34,1691698467525568000,23.0,49.0,1691698462028408320,1,0,1691698468.14
WithPD,35,1691698468075061504,23.0,49.0,1691698462028408320,1,0,1691698468.69
WithPD,36,1691698468624749824,23.0,49.0,1691698462028408320,1,0,1691698469.22
WithPD,37,1691698469171673088,23.0,49.0,1691698462028408320,1,0,1691698469.78
WithPD,38,1691698469721545216,23.0,49.0,1691698462028408320,1,0,1691698470.33
WithPD,39,1691698470271244032,23.0,49.0,1691698470271244032,0,0,1691698470.86
WithPD,40,1691698470818258944,23.0,49.0,1691698470271244032,1,0,1691698471.43
WithPD,41,1691698471367800576,23.0,49.0,1691698470271244032,1,0,1691698471.97
WithPD,42,1691698471917768192,23.0,49.0,1691698470271244032,1,0,1691698472.54
WithPD,43,1691698472470908672,23.0,49.0,1691698470271244032,1,0,1691698473.08
WithPD,44,1691698473020460800,23.0,49.0,1691698470271244032,1,0,1691698473.62
WithPD,45,1691698473569899264,23.0,49.0,1691698470271244032,1,0,1691698474.18
WithPD,46,1691698474123196160,23.0,49.0,1691698470271244032,1,0,1691698474.73
WithPD,47,1691698474672513024,23.0,49.0,1691698470271244032,1,0,1691698475.28
WithPD,48,1691698475222107904,23.0,49.0,1691698470271244032,1,0,1691698475.83
WithPD,49,1691698475775405056,23.0,49.0,1691698470271244032,1,0,1691698476.4
WithPD,50,1691698476324743936,23.0,49.0,1691698470271244032,1,0,1691698476.93
WithPD,51,1691698476874139392,23.0,52.0,1691698476874139392,0,0,1691698477.48
WithPD,52,1691698477421709568,23.0,52.0,1691698476874139392,1,0,1691698478.03
WithPD,53,1691698477971082496,23.0,52.0,1691698476874139392,1,0,1691698478.58
WithPD,54,1691698478520574976,23.0,52.0,1691698478520574976,0,0,1691698479.13
WithPD,55,1691698479067883520,23.0,52.0,1691698478520574976,1,0,1691698479.68
WithPD,56,1691698479617629952,23.0,52.0,1691698478520574976,1,0,1691698480.22
WithPD,57,1691698480166854400,23.0,52.0,1691698478520574976,1,0,1691698480.78
WithPD,58,1691698480720067584,23.0,52.0,1691698478520574976,1,0,1691698481.32
WithPD,59,1691698481269868032,23.0,52.0,1691698478520574976,1,0,1691698481.89
WithPD,60,1691698481819405824,23.0,50.0,1691698481819405824,0,0,1691698482.42
WithPD,61,1691698482366173440,23.0,50.0,1691698481819405824,1,0,1691698482.99
WithPD,62,1691698482915407360,23.0,50.0,1691698481819405824,1,0,1691698483.52
WithPD,64,1691698484011698944,23.0,50.0,1691698481819405824,1,0,1691698484.62
WithPD,65,1691698484561508608,23.0,50.0,1691698481819405824,1,0,1691698485.18
WithPD,67,1691698485664386304,23.0,50.0,1691698481819405824,1,0,1691698486.29
WithPD,68,1691698486213889536,23.0,50.0,1691698481819405824,1,0,1691698486.83
WithPD,69,1691698486763544064,23.0,50.0,1691698481819405824,1,0,1691698487.36
WithPD,70,1691698487317242624,23.0,50.0,1691698481819405824,1,0,1691698487.93
WithPD,71,1691698487867171840,23.0,50.0,1691698481819405824,1,0,1691698488.49
WithPD,72,1691698488416459264,23.0,49.0,1691698488416459264,0,0,1691698489.02
WithPD,73,1691698488963508224,23.0,49.0,1691698488416459264,1,0,1691698489.58
WithPD,74,1691698489513009408,23.0,49.0,1691698488416459264,1,0,1691698490.12
WithPD,75,1691698490062266368,23.0,49.0,1691698488416459264,1,0,1691698490.67
WithPD,76,1691698490615281408,23.0,49.0,1691698488416459264,1,0,1691698491.23
WithPD,77,1691698491164615936,23.0,49.0,1691698488416459264,1,0,1691698491.78
WithPD,78,1691698491714167040,23.0,49.0,1691698488416459264,1,0,1691698492.3
WithPD,79,1691698492261258240,23.0,49.0,1691698488416459264,1,0,1691698492.85
WithPD,80,1691698492810297856,23.0,49.0,1691698488416459264,1,0,1691698493.41
WithPD,81,1691698493359790336,23.0,49.0,1691698493359790336,0,0,1691698493.97
WithPD,82,1691698493907385600,23.0,49.0,1691698493359790336,1,0,1691698494.51
WithPD,83,1691698494457264384,23.0,49.0,1691698493359790336,1,0,1691698495.09
WithPD,84,1691698495007269888,23.0,49.0,1691698495007269888,0,0,1691698495.6
WithPD,85,1691698495554493952,23.0,49.0,1691698495007269888,1,0,1691698496.16
WithPD,86,1691698496104157696,23.0,49.0,1691698495007269888,1,0,1691698496.71
WithPD,87,1691698496653778688,23.0,49.0,1691698495007269888,1,0,1691698497.27
WithPD,88,1691698497207002880,23.0,49.0,1691698495007269888,1,0,1691698497.82
WithPD,89,1691698497756166144,23.0,49.0,1691698495007269888,1,0,1691698498.37
WithPD,90,1691698498305638912,23.0,49.0,1691698495007269888,1,0,1691698498.93
WithPD,91,1691698498858733568,23.0,49.0,1691698495007269888,1,0,1691698499.45
WithPD,92,1691698499408555264,23.0,49.0,1691698495007269888,1,0,1691698500.03
WithPD,93,1691698499957872640,23.0,49.0,1691698495007269888,1,0,1691698500.56
WithPD,94,1691698500504604672,23.0,49.0,1691698495007269888,1,0,1691698501.11
WithPD,95,1691698501054112256,23.0,49.0,1691698495007269888,1,0,1691698501.66
WithPD,96,1691698501603531264,23.0,49.0,1691698495007269888,1,0,1691698502.21
WithPD,97,1691698502150364160,23.0,49.0,1691698495007269888,1,0,1691698502.75
WithPD,98,1691698502699712512,23.0,49.0,1691698495007269888,1,0,1691698503.31
WithPD,99,1691698503249483264,23.0,49.0,1691698503249483264,0,0,1691698503.85
WithPD,100,1691698503796359424,23.0,49.0,1691698503249483264,1,0,1691698504.39
WithPD,101,1691698504345881088,23.0,49.0,1691698503249483264,1,0,1691698504.95
WithPD,102,1691698504895396096,23.0,49.0,1691698504895396096,0,0,1691698505.51
WithPD,103,1691698505442833664,23.0,49.0,1691698504895396096,1,0,1691698506.05
WithPD,104,1691698505992213504,23.0,49.0,1691698504895396096,1,0,1691698506.58
WithPD,105,1691698506541636608,23.0,49.0,1691698506541636608,0,0,1691698507.15
WithPD,106,1691698507089251072,23.0,49.0,1691698506541636608,1,0,1691698507.71
WithPD,107,1691698507638503936,23.0,49.0,1691698506541636608,1,0,1691698508.25
WithPD,108,1691698508187955712,23.0,49.0,1691698508187955712,0,0,1691698508.79
WithPD,109,1691698508735867392,23.0,49.0,1691698508187955712,1,0,1691698509.35
WithPD,110,1691698509285469696,23.0,49.0,1691698508187955712,1,0,1691698509.92
WithPD,111,1691698509834851840,23.0,49.0,1691698508187955712,1,0,1691698510.44
WithPD,112,1691698510387970048,23.0,49.0,1691698508187955712,1,0,1691698510.99
WithPD,113,1691698510937488128,23.0,49.0,1691698508187955712,1,0,1691698511.55
WithPD,114,1691698511486816256,23.0,49.0,1691698508187955712,1,0,1691698512.1
WithPD,115,1691698512033646080,23.0,49.0,1691698508187955712,1,0,1691698512.64
WithPD,116,1691698512583016704,23.0,49.0,1691698508187955712,1,0,1691698513.19
WithPD,117,1691698513132227328,23.0,49.0,1691698508187955712,1,0,1691698513.74
WithPD,117,1691698513132227328,23.0,49.0,1691698508187955712,1,0,1691698515.88
WithPD,118,1691698513679092736,23.0,49.0,1691698508187955712,1,0,1691698516.19
WithPD,119,1691698514228478720,23.0,49.0,1691698508187955712,1,0,1691698516.47
WithPD,120,1691698514778459648,23.0,49.0,1691698514778459648,0,0,1691698516.79
WithPD,121,1691698515325242624,23.0,49.0,1691698514778459648,1,0,1691698517.13
WithPD,122,1691698515874551040,23.0,49.0,1691698514778459648,1,0,1691698517.43
WithPD,123,1691698516424218624,23.0,49.0,1691698514778459648,1,0,1691698517.78
WithPD,124,1691698516971394048,23.0,49.0,1691698514778459648,1,0,1691698518.13
WithPD,125,1691698517520607232,23.0,49.0,1691698514778459648,1,0,1691698518.45
WithPD,126,1691698518070122496,23.0,49.0,1691698514778459648,1,0,1691698518.78
WithPD,127,1691698518616954880,23.0,49.0,1691698514778459648,1,0,1691698519.24
WithPD,128,1691698519166293760,23.0,49.0,1691698514778459648,1,0,1691698519.76
WithPD,129,1691698519715776256,23.0,49.0,1691698514778459648,1,0,1691698520.34
WithPD,130,1691698520262838528,23.0,49.0,1691698514778459648,1,0,1691698520.87
WithPD,131,1691698520811950592,23.0,49.0,1691698514778459648,1,0,1691698521.41
WithPD,132,1691698521361552384,23.0,49.0,1691698521361552384,0,0,1691698521.96
WithPD,133,1691698521908726016,23.0,49.0,1691698521361552384,1,0,1691698522.51
WithPD,134,1691698522458110208,23.0,49.0,1691698521361552384,1,0,1691698523.07
WithPD,135,1691698523007390720,23.0,49.0,1691698521361552384,1,0,1691698523.62
WithPD,136,1691698523554215424,23.0,49.0,1691698521361552384,1,0,1691698524.15
WithPD,137,1691698524103793408,23.0,49.0,1691698521361552384,1,0,1691698524.71
WithPD,138,1691698524653581056,23.0,49.0,1691698524653581056,0,0,1691698525.25
WithPD,139,1691698525200349440,23.0,49.0,1691698524653581056,1,0,1691698525.81
WithPD,140,1691698525750050304,23.0,49.0,1691698524653581056,1,0,1691698526.36
WithPD,141,1691698526299302656,23.0,49.0,1691698524653581056,1,0,1691698526.93
WithPD,142,1691698526852460544,23.0,49.0,1691698524653581056,1,0,1691698527.47
WithPD,143,1691698527401869056,23.0,49.0,1691698524653581056,1,0,1691698528.0
WithPD,144,1691698527951184384,23.0,49.0,1691698527951184384,0,0,1691698528.56
WithPD,145,1691698528498534656,23.0,49.0,1691698527951184384,1,0,1691698529.11
WithPD,146,1691698529047725312,23.0,49.0,1691698527951184384,1,0,1691698529.67
WithPD,147,1691698529597405184,23.0,49.0,1691698527951184384,1,0,1691698530.2
WithPD,147,1691698529597405184,23.0,49.0,1691698527951184384,1,0,1691698531.85
WithPD,148,1691698530144033280,23.0,49.0,1691698527951184384,1,0,1691698532.12
WithPD,149,1691698530693540864,23.0,49.0,1691698527951184384,1,0,1691698532.43
WithPD,150,1691698531243163136,23.0,49.0,1691698531243163136,0,0,1691698532.73
WithPD,151,1691698531790024448,23.0,49.0,1691698531243163136,1,0,1691698533.05
WithPD,152,1691698532339088640,23.0,49.0,1691698531243163136,1,0,1691698533.34
WithPD,153,1691698532888321792,23.0,49.0,1691698532888321792,0,0,1691698533.64
WithPD,154,1691698533435119872,23.0,49.0,1691698532888321792,1,0,1691698534.04
WithPD,155,1691698533984810496,23.0,49.0,1691698532888321792,1,0,1691698534.59
WithPD,156,1691698534534456576,23.0,49.0,1691698534534456576,0,0,1691698535.16
WithPD,157,1691698535084704000,23.0,49.0,1691698534534456576,1,0,1691698535.69
WithPD,158,1691698535634206208,23.0,49.0,1691698534534456576,1,0,1691698536.24
WithPD,159,1691698536183576320,23.0,49.0,1691698536183576320,0,0,1691698536.78
WithPD,160,1691698536730830080,23.0,49.0,1691698536183576320,1,0,1691698537.33
WithPD,161,1691698537280612864,23.0,49.0,1691698536183576320,1,0,1691698537.89
WithPD,162,1691698537830052096,23.0,49.0,1691698536183576320,1,0,1691698538.45
WithPD,163,1691698538383340288,23.0,49.0,1691698536183576320,1,0,1691698538.99
WithPD,164,1691698538932966656,23.0,49.0,1691698536183576320,1,0,1691698539.55
WithPD,165,1691698539482558976,23.0,49.0,1691698539482558976,0,0,1691698540.08
WithPD,166,1691698540029384960,23.0,49.0,1691698539482558976,1,0,1691698540.64
WithPD,167,1691698540578661120,23.0,49.0,1691698539482558976,1,0,1691698541.18
WithPD,168,1691698541128326400,23.0,49.0,1691698539482558976,1,0,1691698541.76
WithPD,169,1691698541675210496,23.0,49.0,1691698539482558976,1,0,1691698542.28
WithPD,170,1691698542224462336,23.0,49.0,1691698539482558976,1,0,1691698542.83
WithPD,171,1691698542773988864,23.0,49.0,1691698539482558976,1,0,1691698543.4
WithPD,172,1691698543327071488,23.0,49.0,1691698539482558976,1,0,1691698543.94
WithPD,173,1691698543876242432,23.0,49.0,1691698539482558976,1,0,1691698544.49
WithPD,174,1691698544425850112,23.0,49.0,1691698539482558976,1,0,1691698545.04
WithPD,175,1691698544979133952,23.0,49.0,1691698539482558976,1,0,1691698545.58
WithPD,176,1691698545528396032,23.0,49.0,1691698539482558976,1,0,1691698546.14
WithPD,177,1691698546078573056,23.0,49.0,1691698546078573056,0,0,1691698546.69
WithPD,178,1691698546625544704,23.0,49.0,1691698546078573056,1,0,1691698547.25
WithPD,179,1691698547174833408,23.0,49.0,1691698546078573056,1,0,1691698547.78
WithPD,180,1691698547724135936,23.0,49.0,1691698546078573056,1,0,1691698548.34
WithPD,181,1691698548277483520,23.0,49.0,1691698546078573056,1,0,1691698548.9
WithPD,182,1691698548826643200,23.0,49.0,1691698546078573056,1,0,1691698549.44
WithPD,183,1691698549375890432,23.0,49.0,1691698549375890432,0,0,1691698549.99
WithPD,184,1691698549922946048,23.0,49.0,1691698549375890432,1,0,1691698550.54
WithPD,185,1691698550472270848,23.0,49.0,1691698549375890432,1,0,1691698551.08
WithPD,186,1691698551021732864,23.0,49.0,1691698551021732864,0,0,1691698551.63
WithPD,187,1691698551568719104,23.0,49.0,1691698551021732864,1,0,1691698552.18
WithPD,188,1691698552118594304,23.0,49.0,1691698551021732864,1,0,1691698552.71
WithPD,189,1691698552668162816,23.0,49.0,1691698551021732864,1,0,1691698553.27
WithPD,190,1691698553222027520,23.0,49.0,1691698551021732864,1,0,1691698553.84
WithPD,191,1691698553771438592,23.0,49.0,1691698551021732864,1,0,1691698554.38
WithPD,192,1691698554320866816,23.0,49.0,1691698551021732864,1,0,1691698554.94
WithPD,193,1691698554867770112,23.0,49.0,1691698551021732864,1,0,1691698555.49
WithPD,194,1691698555417727744,23.0,49.0,1691698551021732864,1,0,1691698556.02
WithPD,195,1691698555966892032,23.0,49.0,1691698551021732864,1,0,1691698556.59
WithPD,196,1691698556520101632,23.0,49.0,1691698551021732864,1,0,1691698557.12
WithPD,197,1691698557070203136,23.0,49.0,1691698551021732864,1,0,1691698557.69
WithPD,198,1691698557619679232,23.0,49.0,1691698551021732864,1,0,1691698558.23
WithPD,199,1691698558166665216,23.0,49.0,1691698551021732864,1,0,1691698558.77
WithPD,200,1691698558716201984,23.0,49.0,1691698551021732864,1,0,1691698559.32
WithPD,201,1691698559265763072,23.0,49.0,1691698551021732864,1,0,1691698559.88
WithPD,202,1691698559812500224,23.0,49.0,1691698551021732864,1,0,1691698560.41
WithPD,203,1691698560361858304,23.0,49.0,1691698551021732864,1,0,1691698560.98
WithPD,204,1691698560911193600,23.0,49.0,1691698551021732864,1,0,1691698561.53
WithPD,205,1691698561464458752,23.0,49.0,1691698551021732864,1,0,1691698562.07
WithPD,206,1691698562013798400,23.0,49.0,1691698551021732864,1,0,1691698562.62
WithPD,207,1691698562563069696,23.0,49.0,1691698562563069696,0,0,1691698563.18
WithPD,208,1691698563110543104,23.0,49.0,1691698562563069696,1,0,1691698563.73
WithPD,209,1691698563659603200,23.0,49.0,1691698562563069696,1,0,1691698564.28
WithPD,210,1691698564209039104,23.0,49.0,1691698562563069696,1,0,1691698564.81
WithPD,212,1691698565305838848,23.0,49.0,1691698562563069696,1,0,1691698565.93
WithPD,213,1691698565855036416,23.0,49.0,1691698562563069696,1,0,1691698566.46
WithPD,214,1691698566401801984,23.0,49.0,1691698562563069696,1,0,1691698567.03
WithPD,215,1691698566951081472,23.0,49.0,1691698562563069696,1,0,1691698567.56
