WithPD,0,1691699185557741312,0,0,0,1,1,1691699188.27
WithPD,2,1691699186753384192,0,0,0,1,1,1691699188.87
WithPD,4,1691699187853671680,22.0,52.0,1691699187306766848,1,0,1691699189.51
WithPD,8,1691699190055476224,22.0,52.0,1691699187306766848,1,0,1691699190.85
WithPD,10,1691699191151885824,22.0,49.0,1691699190604912640,1,0,1691699191.76
WithPD,12,1691699192251058176,22.0,49.0,1691699190604912640,1,0,1691699192.86
WithPD,13,1691699192804333568,22.0,49.0,1691699190604912640,1,0,1691699193.4
WithPD,14,1691699193354075392,22.0,49.0,1691699190604912640,1,0,1691699193.98
WithPD,16,1691699194456900608,22.0,49.0,1691699190604912640,1,0,1691699196.71
WithPD,17,1691699195006868224,22.0,49.0,1691699190604912640,1,0,1691699197.01
WithPD,19,1691699196109448960,22.0,49.0,1691699190604912640,1,0,1691699197.64
WithPD,20,1691699196658792960,22.0,49.0,1691699190604912640,1,0,1691699199.52
WithPD,21,1691699197208109056,22.0,49.0,1691699190604912640,1,0,1691699199.82
WithPD,23,1691699198310748928,22.0,49.0,1691699190604912640,1,0,1691699200.43
WithPD,24,1691699198859967232,22.0,49.0,1691699198859967232,0,0,1691699200.75
WithPD,26,1691699199956295680,22.0,49.0,1691699198859967232,1,0,1691699201.42
WithPD,27,1691699200506068224,22.0,49.0,1691699200506068224,0,0,1691699201.73
WithPD,28,1691699201053548032,22.0,49.0,1691699200506068224,1,0,1691699202.07
WithPD,29,1691699201602845952,22.0,49.0,1691699200506068224,1,0,1691699202.37
WithPD,30,1691699202152409088,22.0,49.0,1691699200506068224,1,0,1691699202.76
WithPD,31,1691699202705580544,22.0,49.0,1691699200506068224,1,0,1691699203.31
WithPD,33,1691699203804822784,22.0,49.0,1691699200506068224,1,0,1691699204.43
WithPD,34,1691699204358184704,22.0,49.0,1691699200506068224,1,0,1691699204.98
WithPD,35,1691699204907460608,22.0,49.0,1691699200506068224,1,0,1691699205.51
WithPD,39,1691699207103210752,22.0,49.0,1691699207103210752,0,0,1691699207.7
WithPD,40,1691699207650366720,22.0,49.0,1691699207103210752,1,0,1691699208.26
WithPD,41,1691699208199906816,22.0,49.0,1691699207103210752,1,0,1691699208.81
WithPD,42,1691699208749456896,22.0,49.0,1691699207103210752,1,0,1691699211.51
WithPD,43,1691699209296281600,22.0,49.0,1691699207103210752,1,0,1691699211.83
WithPD,45,1691699210395215360,22.0,49.0,1691699207103210752,1,0,1691699212.41
WithPD,46,1691699210942006784,22.0,49.0,1691699207103210752,1,0,1691699212.75
WithPD,47,1691699211491787520,22.0,49.0,1691699207103210752,1,0,1691699213.03
WithPD,48,1691699212041336576,22.0,49.0,1691699207103210752,1,0,1691699213.37
WithPD,49,1691699212594187520,22.0,49.0,1691699207103210752,1,0,1691699213.67
WithPD,50,1691699213143624704,22.0,49.0,1691699207103210752,1,0,1691699214.01
WithPD,52,1691699214239738624,22.0,49.0,1691699207103210752,1,0,1691699214.85
WithPD,54,1691699215338689536,22.0,49.0,1691699215338689536,0,0,1691699215.95
WithPD,55,1691699215885479424,22.0,49.0,1691699215338689536,1,0,1691699216.5
WithPD,57,1691699216983936768,22.0,49.0,1691699215338689536,1,0,1691699217.6
WithPD,60,1691699218636783872,22.0,49.0,1691699218636783872,0,0,1691699219.23
WithPD,61,1691699219184286464,22.0,49.0,1691699218636783872,1,0,1691699219.8
WithPD,62,1691699219733768448,22.0,49.0,1691699218636783872,1,0,1691699221.99
WithPD,62,1691699219733768448,22.0,49.0,1691699218636783872,1,0,1691699223.64
WithPD,63,1691699220283200256,22.0,49.0,1691699220283200256,0,0,1691699223.94
WithPD,64,1691699220830430464,22.0,49.0,1691699220283200256,1,0,1691699224.22
WithPD,65,1691699221379601920,22.0,49.0,1691699220283200256,1,0,1691699224.5
WithPD,66,1691699221929718528,22.0,49.0,1691699220283200256,1,0,1691699226.41
WithPD,67,1691699222476547840,22.0,49.0,1691699220283200256,1,0,1691699226.71
WithPD,69,1691699223575751424,22.0,49.0,1691699220283200256,1,0,1691699227.28
WithPD,70,1691699224122862848,22.0,49.0,1691699220283200256,1,0,1691699227.62
WithPD,71,1691699224672402944,22.0,49.0,1691699220283200256,1,0,1691699227.93
WithPD,73,1691699225768442368,22.0,49.0,1691699220283200256,1,0,1691699228.57
WithPD,74,1691699226317781760,22.0,49.0,1691699220283200256,1,0,1691699228.93
WithPD,76,1691699227413770496,22.0,49.0,1691699220283200256,1,0,1691699229.53
WithPD,80,1691699229609307392,22.0,49.0,1691699220283200256,1,0,1691699233.02
WithPD,82,1691699230705875456,22.0,49.0,1691699220283200256,1,0,1691699233.59
WithPD,83,1691699231255174656,22.0,49.0,1691699220283200256,1,0,1691699233.86
WithPD,87,1691699233450391552,22.0,49.0,1691699220283200256,1,0,1691699235.07
WithPD,88,1691699233997448192,22.0,49.0,1691699220283200256,1,0,1691699235.43
WithPD,89,1691699234546710784,22.0,49.0,1691699220283200256,1,0,1691699235.79
WithPD,90,1691699235095996160,22.0,49.0,1691699220283200256,1,0,1691699236.1
WithPD,91,1691699235642932736,22.0,49.0,1691699220283200256,1,0,1691699236.46
WithPD,92,1691699236192348928,22.0,49.0,1691699220283200256,1,0,1691699236.82
WithPD,93,1691699236741908480,22.0,49.0,1691699220283200256,1,0,1691699237.34
WithPD,94,1691699237288836608,22.0,49.0,1691699220283200256,1,0,1691699237.9
WithPD,97,1691699238941305344,22.0,49.0,1691699220283200256,1,0,1691699239.55
WithPD,98,1691699239490611200,22.0,49.0,1691699220283200256,1,0,1691699240.1
WithPD,98,1691699239490611200,22.0,49.0,1691699220283200256,1,0,1691699242.25
WithPD,99,1691699240040322048,22.0,49.0,1691699240040322048,0,0,1691699242.56
WithPD,99,1691699240040322048,22.0,49.0,1691699240040322048,0,0,1691699244.68
WithPD,101,1691699241136448000,22.0,49.0,1691699240040322048,1,0,1691699245.32
WithPD,102,1691699241686372096,23.0,49.0,1691699241686372096,0,0,1691699245.63
WithPD,103,1691699242233165824,23.0,49.0,1691699241686372096,1,0,1691699245.96
WithPD,104,1691699242782447104,23.0,49.0,1691699241686372096,1,0,1691699246.27
WithPD,105,1691699243331813632,23.0,49.0,1691699241686372096,1,0,1691699246.57
WithPD,106,1691699243878652928,23.0,49.0,1691699241686372096,1,0,1691699246.89
WithPD,107,1691699244427893248,23.0,49.0,1691699241686372096,1,0,1691699247.24
WithPD,109,1691699245524325120,23.0,49.0,1691699241686372096,1,0,1691699249.5
WithPD,110,1691699246073595392,23.0,49.0,1691699241686372096,1,0,1691699249.75
WithPD,113,1691699247719164928,23.0,49.0,1691699246622881024,1,0,1691699250.63
WithPD,115,1691699248821588736,23.0,49.0,1691699246622881024,1,0,1691699251.23
WithPD,118,1691699250467520256,22.0,49.0,1691699249920642048,1,0,1691699254.18
WithPD,118,1691699250467520256,22.0,49.0,1691699249920642048,1,0,1691699257.9
WithPD,118,1691699250467520256,22.0,49.0,1691699249920642048,1,0,1691699259.99
WithPD,119,1691699251017200384,22.0,49.0,1691699249920642048,1,0,1691699260.26
WithPD,120,1691699251566472448,22.0,49.0,1691699249920642048,1,0,1691699260.58
WithPD,121,1691699252113159168,22.0,49.0,1691699249920642048,1,0,1691699260.86
WithPD,123,1691699253211779328,22.0,49.0,1691699249920642048,1,0,1691699261.42
WithPD,124,1691699253764994048,22.0,49.0,1691699249920642048,1,0,1691699261.73
WithPD,125,1691699254314377728,22.0,49.0,1691699249920642048,1,0,1691699263.72
WithPD,126,1691699254863857152,22.0,49.0,1691699249920642048,1,0,1691699265.65
WithPD,131,1691699257606319872,22.0,49.0,1691699249920642048,1,0,1691699267.18
WithPD,132,1691699258155805952,22.0,49.0,1691699258155805952,0,0,1691699267.5
WithPD,132,1691699258155805952,22.0,49.0,1691699258155805952,0,0,1691699269.21
WithPD,139,1691699262000721408,22.0,49.0,1691699259801738496,1,0,1691699272.84
WithPD,142,1691699263652916480,22.0,49.0,1691699259801738496,1,0,1691699273.71
WithPD,144,1691699264751774720,22.0,49.0,1691699259801738496,1,0,1691699274.32
WithPD,145,1691699265298529792,22.0,49.0,1691699259801738496,1,0,1691699274.67
WithPD,146,1691699265847853312,22.0,49.0,1691699259801738496,1,0,1691699275.0
WithPD,148,1691699266944129024,22.0,49.0,1691699259801738496,1,0,1691699275.67
WithPD,149,1691699267493532928,22.0,49.0,1691699259801738496,1,0,1691699276.0
WithPD,151,1691699268589509888,22.0,49.0,1691699259801738496,1,0,1691699276.67
WithPD,155,1691699270785384448,22.0,49.0,1691699259801738496,1,0,1691699278.11
WithPD,156,1691699271334586880,22.0,49.0,1691699259801738496,1,0,1691699278.45
WithPD,158,1691699272430481408,22.0,49.0,1691699259801738496,1,0,1691699279.13
WithPD,159,1691699272979738880,23.0,49.0,1691699272979738880,0,0,1691699279.54
WithPD,160,1691699273527160320,23.0,49.0,1691699272979738880,1,0,1691699279.89
WithPD,161,1691699274076341248,23.0,49.0,1691699272979738880,1,0,1691699280.27
WithPD,162,1691699274625671936,23.0,49.0,1691699274625671936,0,0,1691699280.65
WithPD,163,1691699275172678400,23.0,49.0,1691699274625671936,1,0,1691699281.04
WithPD,172,1691699280116641536,23.0,49.0,1691699279569854976,1,0,1691699286.26
WithPD,174,1691699281215726592,23.0,49.0,1691699279569854976,1,0,1691699288.97
WithPD,176,1691699282312300288,23.0,49.0,1691699279569854976,1,0,1691699289.59
WithPD,177,1691699282861720320,22.0,49.0,1691699282861720320,0,0,1691699289.9
WithPD,179,1691699283958111488,22.0,49.0,1691699282861720320,1,0,1691699290.51
WithPD,180,1691699284507462400,22.0,49.0,1691699282861720320,1,0,1691699292.99
WithPD,182,1691699285610307072,22.0,49.0,1691699282861720320,1,0,1691699293.59
WithPD,183,1691699286159571200,23.0,49.0,1691699286159571200,0,0,1691699293.91
WithPD,184,1691699286706383104,23.0,49.0,1691699286159571200,1,0,1691699294.22
WithPD,189,1691699289450978560,23.0,49.0,1691699286159571200,1,0,1691699295.88
WithPD,193,1691699291650470144,23.0,49.0,1691699286159571200,1,0,1691699297.28
WithPD,194,1691699292200113920,23.0,49.0,1691699286159571200,1,0,1691699297.64
WithPD,195,1691699292749520128,23.0,49.0,1691699286159571200,1,0,1691699298.0
WithPD,196,1691699293302667776,23.0,49.0,1691699286159571200,1,0,1691699298.44
WithPD,197,1691699293851969792,23.0,49.0,1691699286159571200,1,0,1691699298.79
WithPD,198,1691699294401747200,23.0,49.0,1691699286159571200,1,0,1691699299.16
WithPD,199,1691699294948485376,23.0,49.0,1691699286159571200,1,0,1691699299.53
WithPD,200,1691699295498069248,23.0,49.0,1691699286159571200,1,0,1691699299.93
WithPD,203,1691699297143394816,23.0,49.0,1691699286159571200,1,0,1691699301.04
WithPD,204,1691699297692736768,23.0,49.0,1691699297692736768,0,0,1691699301.4
WithPD,205,1691699298239523072,23.0,49.0,1691699297692736768,1,0,1691699303.44
WithPD,205,1691699298239523072,23.0,49.0,1691699297692736768,1,0,1691699305.53
WithPD,206,1691699298788869632,23.0,49.0,1691699297692736768,1,0,1691699305.78
WithPD,207,1691699299338312960,23.0,49.0,1691699299338312960,0,0,1691699306.07
WithPD,208,1691699299884986880,23.0,49.0,1691699299338312960,1,0,1691699306.31
