WithPD,0,1691688091068435712,0,0,0,1,1,1691688093.77
WithPD,1,1691688091703219712,0,0,0,1,1,1691688094.09
WithPD,2,1691688092253554688,0,0,0,1,1,1691688094.38
WithPD,3,1691688092803435520,22.0,53.0,1691688092803435520,0,0,1691688094.71
WithPD,4,1691688093350475520,22.0,53.0,1691688092803435520,1,0,1691688094.97
WithPD,5,1691688093900025600,22.0,53.0,1691688092803435520,1,0,1691688095.3
WithPD,6,1691688094449608704,22.0,53.0,1691688092803435520,1,0,1691688095.59
WithPD,7,1691688095002916608,22.0,53.0,1691688092803435520,1,0,1691688095.94
WithPD,8,1691688095552519168,22.0,53.0,1691688092803435520,1,0,1691688096.3
WithPD,9,1691688096101940480,22.0,51.0,1691688096101940480,0,0,1691688096.7
WithPD,10,1691688096648961024,22.0,51.0,1691688096101940480,1,0,1691688097.27
WithPD,11,1691688097198348800,22.0,51.0,1691688096101940480,1,0,1691688097.81
WithPD,12,1691688097747673088,22.0,51.0,1691688097747673088,0,0,1691688098.36
WithPD,13,1691688098294953728,22.0,51.0,1691688097747673088,1,0,1691688098.9
WithPD,14,1691688098844203776,22.0,51.0,1691688097747673088,1,0,1691688099.44
WithPD,15,1691688099393621248,22.0,51.0,1691688099393621248,0,0,1691688100.0
WithPD,16,1691688099940457472,22.0,51.0,1691688099393621248,1,0,1691688100.54
WithPD,17,1691688100489914624,22.0,51.0,1691688099393621248,1,0,1691688101.09
WithPD,18,1691688101039796224,22.0,51.0,1691688099393621248,1,0,1691688101.65
WithPD,19,1691688101593823744,22.0,51.0,1691688099393621248,1,0,1691688102.21
WithPD,20,1691688102143020544,22.0,51.0,1691688099393621248,1,0,1691688102.75
WithPD,21,1691688102692647680,22.0,51.0,1691688099393621248,1,0,1691688103.29
WithPD,22,1691688103239515904,22.0,51.0,1691688099393621248,1,0,1691688103.84
WithPD,23,1691688103789133824,22.0,51.0,1691688099393621248,1,0,1691688104.38
WithPD,24,1691688104338331648,22.0,51.0,1691688099393621248,1,0,1691688104.92
WithPD,25,1691688104886178304,22.0,51.0,1691688099393621248,1,0,1691688105.5
WithPD,26,1691688105435606272,22.0,51.0,1691688099393621248,1,0,1691688106.04
WithPD,27,1691688105985212416,22.0,51.0,1691688099393621248,1,0,1691688106.59
WithPD,28,1691688106538573312,22.0,51.0,1691688099393621248,1,0,1691688107.15
WithPD,29,1691688107088218112,22.0,51.0,1691688099393621248,1,0,1691688107.7
WithPD,30,1691688107637827328,22.0,51.0,1691688099393621248,1,0,1691688108.24
WithPD,31,1691688108184491776,22.0,51.0,1691688099393621248,1,0,1691688108.79
WithPD,32,1691688108734040576,22.0,51.0,1691688099393621248,1,0,1691688109.32
WithPD,33,1691688109283444480,22.0,51.0,1691688099393621248,1,0,1691688109.89
WithPD,34,1691688109830861312,22.0,51.0,1691688099393621248,1,0,1691688110.43
WithPD,35,1691688110380250112,22.0,51.0,1691688099393621248,1,0,1691688110.98
WithPD,36,1691688110929759744,22.0,51.0,1691688099393621248,1,0,1691688111.54
WithPD,37,1691688111476520448,22.0,51.0,1691688099393621248,1,0,1691688112.09
WithPD,38,1691688112025917440,22.0,51.0,1691688099393621248,1,0,1691688112.62
WithPD,40,1691688113122165248,22.0,51.0,1691688099393621248,1,0,1691688113.72
WithPD,41,1691688113674063360,22.0,51.0,1691688099393621248,1,0,1691688114.28
WithPD,42,1691688114223814912,22.0,51.0,1691688099393621248,1,0,1691688114.83
WithPD,43,1691688114777428480,22.0,51.0,1691688099393621248,1,0,1691688115.39
WithPD,44,1691688115326614784,22.0,51.0,1691688099393621248,1,0,1691688115.94
WithPD,45,1691688115876344832,22.0,51.0,1691688099393621248,1,0,1691688116.48
WithPD,46,1691688116423331584,22.0,51.0,1691688099393621248,1,0,1691688117.03
WithPD,47,1691688116972917760,22.0,51.0,1691688099393621248,1,0,1691688117.6
WithPD,47,1691688116972917760,22.0,51.0,1691688099393621248,1,0,1691688119.23
WithPD,48,1691688117522172928,22.0,51.0,1691688099393621248,1,0,1691688119.52
WithPD,49,1691688118075565056,22.0,51.0,1691688099393621248,1,0,1691688119.83
WithPD,50,1691688118624983552,22.0,51.0,1691688099393621248,1,0,1691688120.14
WithPD,51,1691688119176407552,22.0,51.0,1691688099393621248,1,0,1691688120.46
WithPD,52,1691688119723942912,22.0,51.0,1691688099393621248,1,0,1691688120.76
WithPD,53,1691688120273601792,22.0,51.0,1691688099393621248,1,0,1691688121.09
WithPD,54,1691688120822817536,22.0,51.0,1691688099393621248,1,0,1691688121.45
WithPD,55,1691688121369890048,22.0,51.0,1691688099393621248,1,0,1691688121.99
WithPD,56,1691688121919432704,22.0,51.0,1691688099393621248,1,0,1691688122.53
WithPD,57,1691688122469022208,22.0,51.0,1691688099393621248,1,0,1691688123.06
WithPD,58,1691688123015841280,22.0,51.0,1691688099393621248,1,0,1691688123.6
WithPD,59,1691688123565038848,22.0,51.0,1691688099393621248,1,0,1691688124.17
WithPD,60,1691688124114401792,23.0,51.0,1691688124114401792,0,0,1691688124.7
WithPD,61,1691688124661661184,23.0,51.0,1691688124114401792,1,0,1691688125.28
WithPD,62,1691688125212994304,23.0,51.0,1691688124114401792,1,0,1691688125.81
WithPD,63,1691688125762381568,23.0,51.0,1691688124114401792,1,0,1691688126.35
WithPD,64,1691688126309547776,23.0,51.0,1691688124114401792,1,0,1691688126.91
WithPD,65,1691688126858910720,23.0,51.0,1691688124114401792,1,0,1691688127.46
WithPD,66,1691688127408477184,23.0,51.0,1691688124114401792,1,0,1691688128.02
WithPD,67,1691688127961761024,23.0,51.0,1691688124114401792,1,0,1691688128.58
WithPD,68,1691688128511424768,23.0,51.0,1691688124114401792,1,0,1691688129.11
WithPD,69,1691688129060816128,23.0,51.0,1691688124114401792,1,0,1691688129.66
WithPD,70,1691688129607790592,23.0,51.0,1691688124114401792,1,0,1691688130.2
WithPD,71,1691688130157838080,23.0,51.0,1691688124114401792,1,0,1691688130.76
WithPD,72,1691688130707234816,23.0,51.0,1691688124114401792,1,0,1691688131.31
WithPD,73,1691688131260599040,23.0,51.0,1691688124114401792,1,0,1691688131.86
WithPD,74,1691688131810040576,23.0,51.0,1691688124114401792,1,0,1691688132.41
WithPD,75,1691688132359323392,23.0,51.0,1691688124114401792,1,0,1691688132.97
WithPD,76,1691688132906224640,23.0,51.0,1691688124114401792,1,0,1691688133.5
WithPD,77,1691688133455509760,23.0,51.0,1691688124114401792,1,0,1691688134.05
WithPD,78,1691688134004809216,23.0,50.0,1691688134004809216,0,0,1691688134.6
WithPD,79,1691688134551358720,23.0,50.0,1691688134004809216,1,0,1691688135.16
WithPD,80,1691688135100786432,23.0,50.0,1691688134004809216,1,0,1691688135.71
WithPD,81,1691688135650242816,23.0,50.0,1691688134004809216,1,0,1691688136.23
WithPD,82,1691688136196998400,23.0,50.0,1691688134004809216,1,0,1691688136.8
WithPD,84,1691688137295986688,23.0,50.0,1691688137295986688,0,0,1691688137.89
WithPD,85,1691688137843202560,23.0,50.0,1691688137295986688,1,0,1691688138.44
WithPD,86,1691688138392809984,23.0,50.0,1691688137295986688,1,0,1691688138.99
WithPD,87,1691688138942413056,23.0,50.0,1691688138942413056,0,0,1691688139.54
WithPD,88,1691688139489206784,23.0,50.0,1691688138942413056,1,0,1691688140.08
WithPD,89,1691688140038506752,23.0,50.0,1691688138942413056,1,0,1691688140.63
WithPD,90,1691688140587755264,23.0,50.0,1691688140587755264,0,0,1691688141.2
WithPD,91,1691688141135265536,23.0,50.0,1691688140587755264,1,0,1691688141.74
WithPD,92,1691688141685171200,23.0,50.0,1691688140587755264,1,0,1691688142.29
WithPD,93,1691688142234400768,23.0,50.0,1691688142234400768,0,0,1691688142.84
WithPD,94,1691688142781516800,23.0,50.0,1691688142234400768,1,0,1691688143.38
WithPD,95,1691688143331113472,23.0,50.0,1691688142234400768,1,0,1691688143.92
WithPD,96,1691688143880860928,23.0,50.0,1691688143880860928,0,0,1691688144.48
WithPD,97,1691688144428102912,23.0,50.0,1691688143880860928,1,0,1691688145.03
WithPD,98,1691688144977727232,23.0,50.0,1691688143880860928,1,0,1691688145.59
WithPD,99,1691688145527012864,23.0,50.0,1691688143880860928,1,0,1691688146.12
WithPD,100,1691688146073721088,23.0,50.0,1691688143880860928,1,0,1691688146.7
WithPD,101,1691688146623314432,23.0,50.0,1691688143880860928,1,0,1691688147.22
WithPD,103,1691688147719867648,23.0,50.0,1691688143880860928,1,0,1691688148.31
WithPD,104,1691688148269668608,23.0,50.0,1691688143880860928,1,0,1691688148.87
WithPD,105,1691688148819530496,23.0,50.0,1691688143880860928,1,0,1691688149.42
WithPD,106,1691688149366341376,23.0,50.0,1691688143880860928,1,0,1691688149.96
WithPD,107,1691688149915529984,23.0,50.0,1691688143880860928,1,0,1691688150.52
WithPD,108,1691688150465162496,23.0,50.0,1691688143880860928,1,0,1691688151.07
WithPD,109,1691688151011964928,23.0,50.0,1691688143880860928,1,0,1691688151.61
WithPD,110,1691688151562219520,23.0,50.0,1691688143880860928,1,0,1691688152.18
WithPD,111,1691688152111529472,23.0,50.0,1691688143880860928,1,0,1691688152.73
WithPD,112,1691688152664857600,23.0,50.0,1691688143880860928,1,0,1691688153.28
WithPD,113,1691688153214518528,23.0,50.0,1691688143880860928,1,0,1691688153.81
WithPD,114,1691688153763680512,23.0,52.0,1691688153763680512,0,0,1691688154.36
WithPD,115,1691688154311266816,23.0,52.0,1691688153763680512,1,0,1691688154.91
WithPD,116,1691688154860519424,23.0,52.0,1691688153763680512,1,0,1691688155.46
WithPD,117,1691688155409957888,23.0,51.0,1691688155409957888,0,0,1691688156.01
WithPD,118,1691688155956800256,23.0,51.0,1691688155409957888,1,0,1691688156.56
WithPD,119,1691688156506225664,23.0,51.0,1691688155409957888,1,0,1691688157.1
WithPD,120,1691688157055533568,23.0,51.0,1691688155409957888,1,0,1691688157.66
WithPD,121,1691688157602655488,23.0,51.0,1691688155409957888,1,0,1691688158.22
WithPD,122,1691688158152249600,23.0,51.0,1691688155409957888,1,0,1691688158.76
WithPD,123,1691688158704303104,23.0,51.0,1691688155409957888,1,0,1691688159.29
WithPD,124,1691688159251247360,23.0,51.0,1691688155409957888,1,0,1691688159.85
WithPD,125,1691688159800648704,23.0,51.0,1691688155409957888,1,0,1691688160.39
WithPD,126,1691688160349940480,23.0,51.0,1691688155409957888,1,0,1691688160.97
WithPD,127,1691688160903170816,23.0,51.0,1691688155409957888,1,0,1691688161.5
WithPD,128,1691688161452619008,23.0,51.0,1691688155409957888,1,0,1691688162.06
WithPD,129,1691688162002086656,23.0,50.0,1691688162002086656,0,0,1691688162.6
WithPD,130,1691688162548849408,23.0,50.0,1691688162002086656,1,0,1691688163.14
WithPD,131,1691688163098294784,23.0,50.0,1691688162002086656,1,0,1691688163.71
WithPD,132,1691688163647713792,23.0,50.0,1691688162002086656,1,0,1691688164.26
WithPD,133,1691688164201191680,23.0,50.0,1691688162002086656,1,0,1691688164.81
WithPD,134,1691688164750474496,23.0,50.0,1691688162002086656,1,0,1691688165.36
WithPD,135,1691688165299780352,23.0,50.0,1691688162002086656,1,0,1691688165.89
WithPD,136,1691688165847357696,23.0,50.0,1691688162002086656,1,0,1691688166.45
WithPD,137,1691688166397223168,23.0,50.0,1691688162002086656,1,0,1691688167.01
WithPD,138,1691688166946505216,23.0,50.0,1691688162002086656,1,0,1691688167.56
WithPD,139,1691688167493271808,23.0,50.0,1691688162002086656,1,0,1691688168.1
WithPD,140,1691688168042382592,23.0,50.0,1691688162002086656,1,0,1691688168.64
WithPD,141,1691688168591752192,23.0,50.0,1691688162002086656,1,0,1691688169.21
WithPD,142,1691688169145210368,23.0,50.0,1691688162002086656,1,0,1691688169.73
WithPD,143,1691688169694444800,23.0,50.0,1691688162002086656,1,0,1691688170.3
WithPD,144,1691688170244211712,23.0,50.0,1691688162002086656,1,0,1691688170.86
WithPD,145,1691688170797533952,23.0,50.0,1691688162002086656,1,0,1691688171.4
WithPD,146,1691688171346982912,23.0,50.0,1691688162002086656,1,0,1691688171.96
WithPD,147,1691688171896636928,23.0,50.0,1691688162002086656,1,0,1691688172.49
WithPD,148,1691688172443546368,23.0,50.0,1691688162002086656,1,0,1691688173.05
WithPD,149,1691688172993237504,23.0,50.0,1691688162002086656,1,0,1691688173.59
WithPD,150,1691688173542951936,23.0,50.0,1691688162002086656,1,0,1691688174.14
WithPD,151,1691688174089931776,23.0,50.0,1691688162002086656,1,0,1691688174.7
WithPD,152,1691688174639224832,23.0,50.0,1691688162002086656,1,0,1691688175.25
WithPD,153,1691688175188528384,23.0,50.0,1691688175188528384,0,0,1691688175.79
WithPD,154,1691688175735688192,23.0,50.0,1691688175188528384,1,0,1691688176.33
WithPD,155,1691688176285247488,23.0,50.0,1691688175188528384,1,0,1691688176.88
WithPD,156,1691688176834472192,23.0,50.0,1691688175188528384,1,0,1691688177.45
WithPD,157,1691688177381307136,23.0,50.0,1691688175188528384,1,0,1691688177.99
WithPD,158,1691688177930764288,23.0,50.0,1691688175188528384,1,0,1691688178.54
WithPD,159,1691688178480053248,23.0,50.0,1691688178480053248,0,0,1691688179.07
WithPD,160,1691688179027239936,23.0,50.0,1691688178480053248,1,0,1691688179.65
WithPD,161,1691688179576563200,23.0,50.0,1691688178480053248,1,0,1691688180.17
WithPD,162,1691688180126322688,23.0,50.0,1691688178480053248,1,0,1691688180.73
WithPD,163,1691688180679466496,23.0,50.0,1691688178480053248,1,0,1691688181.29
WithPD,164,1691688181229390592,23.0,50.0,1691688178480053248,1,0,1691688181.84
WithPD,165,1691688181778670080,23.0,50.0,1691688181778670080,0,0,1691688182.39
WithPD,165,1691688181778670080,23.0,50.0,1691688181778670080,0,0,1691688184.02
WithPD,166,1691688182325540352,23.0,50.0,1691688181778670080,1,0,1691688184.3
WithPD,167,1691688182874842368,23.0,50.0,1691688181778670080,1,0,1691688184.59
WithPD,168,1691688183424414464,23.0,50.0,1691688181778670080,1,0,1691688184.86
WithPD,169,1691688183977662976,23.0,50.0,1691688181778670080,1,0,1691688185.22
WithPD,170,1691688184527425536,23.0,50.0,1691688181778670080,1,0,1691688185.49
WithPD,171,1691688185077526528,23.0,50.0,1691688181778670080,1,0,1691688185.8
WithPD,172,1691688185630708480,23.0,50.0,1691688181778670080,1,0,1691688186.24
WithPD,173,1691688186180102400,23.0,50.0,1691688181778670080,1,0,1691688186.76
WithPD,174,1691688186730230016,23.0,50.0,1691688186730230016,0,0,1691688187.33
WithPD,175,1691688187277634816,23.0,50.0,1691688186730230016,1,0,1691688187.88
WithPD,176,1691688187826721024,23.0,50.0,1691688186730230016,1,0,1691688188.43
WithPD,177,1691688188375895808,23.0,50.0,1691688186730230016,1,0,1691688188.97
WithPD,178,1691688188923363072,23.0,50.0,1691688186730230016,1,0,1691688189.52
WithPD,179,1691688189473221120,23.0,50.0,1691688186730230016,1,0,1691688190.08
WithPD,180,1691688190022498304,23.0,50.0,1691688186730230016,1,0,1691688190.63
WithPD,181,1691688190569244928,23.0,50.0,1691688186730230016,1,0,1691688191.17
WithPD,182,1691688191118853632,23.0,50.0,1691688186730230016,1,0,1691688191.72
WithPD,183,1691688191668214272,23.0,50.0,1691688186730230016,1,0,1691688192.26
WithPD,184,1691688192215126528,23.0,50.0,1691688186730230016,1,0,1691688192.82
WithPD,185,1691688192764390400,23.0,50.0,1691688186730230016,1,0,1691688193.37
WithPD,186,1691688193313815808,23.0,50.0,1691688186730230016,1,0,1691688193.91
WithPD,187,1691688193860510976,23.0,50.0,1691688186730230016,1,0,1691688194.47
WithPD,188,1691688194409991424,23.0,50.0,1691688186730230016,1,0,1691688195.02
WithPD,189,1691688194959474688,23.0,50.0,1691688186730230016,1,0,1691688195.56
WithPD,190,1691688195513257472,23.0,50.0,1691688186730230016,1,0,1691688196.11
WithPD,191,1691688196062466048,23.0,50.0,1691688186730230016,1,0,1691688196.65
WithPD,192,1691688196611834368,23.0,49.0,1691688196611834368,0,0,1691688197.21
WithPD,193,1691688197159084544,23.0,49.0,1691688196611834368,1,0,1691688197.77
WithPD,194,1691688197708708864,23.0,49.0,1691688196611834368,1,0,1691688198.32
WithPD,195,1691688198258183680,23.0,49.0,1691688196611834368,1,0,1691688198.86
WithPD,196,1691688198811287296,23.0,49.0,1691688196611834368,1,0,1691688199.41
WithPD,197,1691688199360541952,23.0,49.0,1691688196611834368,1,0,1691688199.96
WithPD,198,1691688199909892608,23.0,49.0,1691688196611834368,1,0,1691688200.51
WithPD,199,1691688200463476224,23.0,49.0,1691688196611834368,1,0,1691688201.08
WithPD,200,1691688201013942784,23.0,49.0,1691688196611834368,1,0,1691688201.63
WithPD,201,1691688201563194880,23.0,49.0,1691688196611834368,1,0,1691688202.18
WithPD,202,1691688202116869888,23.0,49.0,1691688196611834368,1,0,1691688202.71
WithPD,203,1691688202666633728,23.0,49.0,1691688196611834368,1,0,1691688203.28
WithPD,204,1691688203215971328,23.0,49.0,1691688196611834368,1,0,1691688203.84
WithPD,205,1691688203769539072,23.0,49.0,1691688196611834368,1,0,1691688204.37
WithPD,206,1691688204318958080,23.0,49.0,1691688196611834368,1,0,1691688204.92
WithPD,207,1691688204868499200,23.0,49.0,1691688196611834368,1,0,1691688205.46
WithPD,208,1691688205415261184,23.0,49.0,1691688196611834368,1,0,1691688206.01
WithPD,209,1691688205964664064,23.0,49.0,1691688196611834368,1,0,1691688206.58
WithPD,210,1691688206514274560,23.0,50.0,1691688206514274560,0,0,1691688207.11
WithPD,211,1691688207061005056,23.0,50.0,1691688206514274560,1,0,1691688207.69
