WithPD,0,1691698053281745664,0,0,0,1,1,1691698056.43
WithPD,1,1691698053935603456,0,0,0,1,1,1691698056.79
WithPD,1,1691698053935603456,0,0,0,1,1,1691698058.41
WithPD,2,1691698054485965824,0,0,0,1,1,1691698058.7
WithPD,3,1691698055036092160,22.0,52.0,1691698055036092160,0,0,1691698059.01
WithPD,4,1691698055583284736,22.0,52.0,1691698055036092160,1,0,1691698059.31
WithPD,5,1691698056275287552,22.0,52.0,1691698055036092160,1,0,1691698059.62
WithPD,6,1691698056914819072,22.0,52.0,1691698055036092160,1,0,1691698059.93
WithPD,7,1691698057464095744,22.0,52.0,1691698055036092160,1,0,1691698060.3
WithPD,8,1691698058013428224,22.0,52.0,1691698055036092160,1,0,1691698060.65
WithPD,9,1691698058560015872,22.0,52.0,1691698055036092160,1,0,1691698060.98
WithPD,10,1691698059109767680,22.0,52.0,1691698055036092160,1,0,1691698061.31
WithPD,11,1691698059659015168,22.0,50.0,1691698059659015168,0,0,1691698061.69
WithPD,12,1691698060205756416,22.0,50.0,1691698059659015168,1,0,1691698062.05
WithPD,13,1691698060754985984,22.0,50.0,1691698059659015168,1,0,1691698062.47
WithPD,14,1691698061304712704,22.0,50.0,1691698059659015168,1,0,1691698062.86
WithPD,15,1691698061857920256,22.0,50.0,1691698059659015168,1,0,1691698063.23
WithPD,16,1691698062407286784,22.0,50.0,1691698059659015168,1,0,1691698063.59
WithPD,17,1691698062956913920,22.0,50.0,1691698059659015168,1,0,1691698063.97
WithPD,18,1691698063510100992,22.0,50.0,1691698059659015168,1,0,1691698064.41
WithPD,19,1691698064059437056,22.0,50.0,1691698059659015168,1,0,1691698064.81
WithPD,20,1691698064608842752,22.0,50.0,1691698059659015168,1,0,1691698065.24
WithPD,21,1691698065162293504,22.0,50.0,1691698059659015168,1,0,1691698065.78
WithPD,22,1691698065711587584,22.0,50.0,1691698059659015168,1,0,1691698066.32
WithPD,23,1691698066261156096,22.0,50.0,1691698059659015168,1,0,1691698066.87
WithPD,24,1691698066808044288,22.0,50.0,1691698059659015168,1,0,1691698067.41
WithPD,25,1691698067357783552,22.0,50.0,1691698059659015168,1,0,1691698067.97
WithPD,26,1691698067906920960,22.0,50.0,1691698059659015168,1,0,1691698068.52
WithPD,27,1691698068453633280,22.0,50.0,1691698059659015168,1,0,1691698069.07
WithPD,28,1691698069002981632,22.0,50.0,1691698059659015168,1,0,1691698069.63
WithPD,29,1691698069552122880,22.0,49.0,1691698069552122880,0,0,1691698070.16
WithPD,30,1691698070099459840,22.0,49.0,1691698069552122880,1,0,1691698070.72
WithPD,31,1691698070648838144,22.0,49.0,1691698069552122880,1,0,1691698071.27
WithPD,32,1691698071198257152,22.0,49.0,1691698069552122880,1,0,1691698071.8
WithPD,33,1691698071745021184,22.0,49.0,1691698069552122880,1,0,1691698072.35
WithPD,34,1691698072294508288,22.0,49.0,1691698069552122880,1,0,1691698072.89
WithPD,35,1691698072843823360,22.0,49.0,1691698069552122880,1,0,1691698073.45
WithPD,36,1691698073390857728,22.0,49.0,1691698069552122880,1,0,1691698074.01
WithPD,37,1691698073940561408,22.0,49.0,1691698069552122880,1,0,1691698074.55
WithPD,38,1691698074490053376,22.0,49.0,1691698069552122880,1,0,1691698075.11
WithPD,39,1691698075036935680,22.0,49.0,1691698069552122880,1,0,1691698075.65
WithPD,40,1691698075586223360,22.0,49.0,1691698069552122880,1,0,1691698076.18
WithPD,41,1691698076135459584,22.0,49.0,1691698076135459584,0,0,1691698076.74
WithPD,42,1691698076682380288,22.0,49.0,1691698076135459584,1,0,1691698077.3
WithPD,43,1691698077231696128,22.0,49.0,1691698076135459584,1,0,1691698077.84
WithPD,44,1691698077781296896,22.0,49.0,1691698076135459584,1,0,1691698078.4
WithPD,45,1691698078334291968,22.0,49.0,1691698076135459584,1,0,1691698078.93
WithPD,46,1691698078883670016,22.0,49.0,1691698076135459584,1,0,1691698079.49
WithPD,47,1691698079433189376,22.0,49.0,1691698076135459584,1,0,1691698080.04
WithPD,48,1691698079986209280,22.0,49.0,1691698076135459584,1,0,1691698080.61
WithPD,49,1691698080535545600,22.0,49.0,1691698076135459584,1,0,1691698081.15
WithPD,50,1691698081085176064,22.0,49.0,1691698076135459584,1,0,1691698081.69
WithPD,51,1691698081631836672,22.0,49.0,1691698076135459584,1,0,1691698082.24
WithPD,52,1691698082181357056,22.0,49.0,1691698076135459584,1,0,1691698082.78
WithPD,53,1691698082730912000,22.0,49.0,1691698082730912000,0,0,1691698083.34
WithPD,54,1691698083278159616,22.0,49.0,1691698082730912000,1,0,1691698083.9
WithPD,55,1691698083827397120,22.0,49.0,1691698082730912000,1,0,1691698084.44
WithPD,56,1691698084377022720,22.0,49.0,1691698084377022720,0,0,1691698084.99
WithPD,57,1691698084924279040,22.0,49.0,1691698084377022720,1,0,1691698085.53
WithPD,58,1691698085473753088,22.0,49.0,1691698084377022720,1,0,1691698086.08
WithPD,59,1691698086022976512,22.0,49.0,1691698084377022720,1,0,1691698086.65
WithPD,60,1691698086576157952,22.0,49.0,1691698084377022720,1,0,1691698087.18
WithPD,61,1691698087125791488,22.0,49.0,1691698084377022720,1,0,1691698087.75
WithPD,62,1691698087674999552,22.0,49.0,1691698084377022720,1,0,1691698088.29
WithPD,63,1691698088221783808,22.0,49.0,1691698084377022720,1,0,1691698088.85
WithPD,66,1691698089867172352,22.0,49.0,1691698084377022720,1,0,1691698090.47
WithPD,67,1691698090416433408,22.0,49.0,1691698084377022720,1,0,1691698091.03
WithPD,68,1691698090966627584,22.0,49.0,1691698084377022720,1,0,1691698091.57
WithPD,69,1691698091519732480,22.0,49.0,1691698084377022720,1,0,1691698092.13
WithPD,70,1691698092069334016,22.0,49.0,1691698084377022720,1,0,1691698092.69
WithPD,71,1691698092618538496,22.0,49.0,1691698084377022720,1,0,1691698093.22
WithPD,72,1691698093165251328,22.0,49.0,1691698084377022720,1,0,1691698093.78
WithPD,73,1691698093714287360,22.0,49.0,1691698084377022720,1,0,1691698094.32
WithPD,74,1691698094263644928,22.0,49.0,1691698094263644928,0,0,1691698094.88
WithPD,75,1691698094810760704,22.0,49.0,1691698094263644928,1,0,1691698095.42
WithPD,76,1691698095360157440,22.0,49.0,1691698094263644928,1,0,1691698095.98
WithPD,78,1691698096456787968,22.0,49.0,1691698094263644928,1,0,1691698097.07
WithPD,79,1691698097006243072,22.0,49.0,1691698094263644928,1,0,1691698097.62
WithPD,80,1691698097555498496,22.0,49.0,1691698097555498496,0,0,1691698098.17
WithPD,81,1691698098102919680,22.0,49.0,1691698097555498496,1,0,1691698098.7
WithPD,82,1691698098652236288,22.0,49.0,1691698097555498496,1,0,1691698099.26
WithPD,83,1691698099201902592,22.0,49.0,1691698097555498496,1,0,1691698099.8
WithPD,84,1691698099748517120,22.0,49.0,1691698097555498496,1,0,1691698100.35
WithPD,85,1691698100297829376,22.0,49.0,1691698097555498496,1,0,1691698100.91
WithPD,86,1691698100847026688,22.0,49.0,1691698100847026688,0,0,1691698101.46
WithPD,87,1691698101393822976,22.0,49.0,1691698100847026688,1,0,1691698101.99
WithPD,88,1691698101943515648,22.0,49.0,1691698100847026688,1,0,1691698102.56
WithPD,89,1691698102492888832,22.0,49.0,1691698100847026688,1,0,1691698103.1
WithPD,90,1691698103046107904,22.0,49.0,1691698100847026688,1,0,1691698103.65
WithPD,91,1691698103595151360,22.0,49.0,1691698100847026688,1,0,1691698104.21
WithPD,92,1691698104144386816,22.0,49.0,1691698100847026688,1,0,1691698104.75
WithPD,93,1691698104691104256,22.0,49.0,1691698100847026688,1,0,1691698105.32
WithPD,94,1691698105240390912,22.0,49.0,1691698100847026688,1,0,1691698105.85
WithPD,95,1691698105789677824,22.0,49.0,1691698105789677824,0,0,1691698106.4
WithPD,96,1691698106336360448,22.0,49.0,1691698105789677824,1,0,1691698106.95
WithPD,97,1691698106885884928,22.0,49.0,1691698105789677824,1,0,1691698107.5
WithPD,98,1691698107435352832,22.0,49.0,1691698105789677824,1,0,1691698108.06
WithPD,99,1691698107988697088,22.0,49.0,1691698105789677824,1,0,1691698108.6
WithPD,100,1691698108538221312,22.0,49.0,1691698105789677824,1,0,1691698109.16
WithPD,101,1691698109087502592,22.0,49.0,1691698109087502592,0,0,1691698109.68
WithPD,102,1691698109634939904,22.0,49.0,1691698109087502592,1,0,1691698110.23
WithPD,103,1691698110184176640,22.0,49.0,1691698109087502592,1,0,1691698110.78
WithPD,104,1691698110733687552,22.0,49.0,1691698110733687552,0,0,1691698111.35
WithPD,105,1691698111280895744,22.0,49.0,1691698110733687552,1,0,1691698111.89
WithPD,106,1691698111830189568,22.0,49.0,1691698110733687552,1,0,1691698112.43
WithPD,107,1691698112379408384,23.0,49.0,1691698112379408384,0,0,1691698112.99
WithPD,108,1691698112926573312,23.0,49.0,1691698112379408384,1,0,1691698113.52
WithPD,109,1691698113476278528,23.0,49.0,1691698112379408384,1,0,1691698114.09
WithPD,110,1691698114025713664,23.0,49.0,1691698112379408384,1,0,1691698114.63
WithPD,111,1691698114578920192,23.0,49.0,1691698112379408384,1,0,1691698115.19
WithPD,112,1691698115128139008,23.0,49.0,1691698112379408384,1,0,1691698115.72
WithPD,113,1691698115677794560,23.0,49.0,1691698112379408384,1,0,1691698116.3
WithPD,114,1691698116230929152,23.0,49.0,1691698112379408384,1,0,1691698116.83
WithPD,115,1691698116780266752,23.0,49.0,1691698112379408384,1,0,1691698117.4
WithPD,116,1691698117329853184,23.0,49.0,1691698112379408384,1,0,1691698117.93
WithPD,117,1691698117882894080,23.0,49.0,1691698112379408384,1,0,1691698118.49
WithPD,118,1691698118432392448,23.0,49.0,1691698112379408384,1,0,1691698119.05
WithPD,119,1691698118981989632,22.0,49.0,1691698118981989632,0,0,1691698119.59
WithPD,120,1691698119528812544,22.0,49.0,1691698118981989632,1,0,1691698120.14
WithPD,121,1691698120078255872,22.0,49.0,1691698118981989632,1,0,1691698120.7
WithPD,122,1691698120627521792,22.0,49.0,1691698118981989632,1,0,1691698121.23
WithPD,123,1691698121180955136,22.0,49.0,1691698118981989632,1,0,1691698121.79
WithPD,124,1691698121730230272,22.0,49.0,1691698118981989632,1,0,1691698122.34
WithPD,125,1691698122279634176,22.0,49.0,1691698118981989632,1,0,1691698122.89
WithPD,126,1691698122832890624,22.0,49.0,1691698118981989632,1,0,1691698123.44
WithPD,127,1691698123382228992,22.0,49.0,1691698118981989632,1,0,1691698123.99
WithPD,128,1691698123931777536,22.0,49.0,1691698118981989632,1,0,1691698124.55
WithPD,129,1691698124486141184,22.0,49.0,1691698118981989632,1,0,1691698125.1
WithPD,130,1691698125035320064,22.0,49.0,1691698118981989632,1,0,1691698125.65
WithPD,131,1691698125584545280,22.0,49.0,1691698118981989632,1,0,1691698126.2
WithPD,132,1691698126131388672,22.0,49.0,1691698118981989632,1,0,1691698126.75
WithPD,133,1691698126680697856,22.0,49.0,1691698118981989632,1,0,1691698127.29
WithPD,134,1691698127230013184,22.0,49.0,1691698118981989632,1,0,1691698127.85
WithPD,135,1691698127782966784,22.0,49.0,1691698118981989632,1,0,1691698128.4
WithPD,136,1691698128332248064,22.0,49.0,1691698118981989632,1,0,1691698128.93
WithPD,138,1691698129428919296,22.0,49.0,1691698128881860864,1,0,1691698130.05
WithPD,139,1691698129978203392,22.0,49.0,1691698128881860864,1,0,1691698130.59
WithPD,140,1691698130527571200,22.0,49.0,1691698130527571200,0,0,1691698131.13
WithPD,141,1691698131074891520,22.0,49.0,1691698130527571200,1,0,1691698131.68
WithPD,142,1691698131624201728,22.0,49.0,1691698130527571200,1,0,1691698132.23
WithPD,143,1691698132173822208,23.0,49.0,1691698132173822208,0,0,1691698132.79
WithPD,144,1691698132720624896,23.0,49.0,1691698132173822208,1,0,1691698133.33
WithPD,145,1691698133270140672,23.0,49.0,1691698132173822208,1,0,1691698133.88
WithPD,146,1691698133819370496,23.0,49.0,1691698132173822208,1,0,1691698134.42
WithPD,147,1691698134366069760,23.0,49.0,1691698132173822208,1,0,1691698134.97
WithPD,148,1691698134915462144,23.0,49.0,1691698132173822208,1,0,1691698135.52
WithPD,149,1691698135465149440,23.0,49.0,1691698132173822208,1,0,1691698136.08
WithPD,150,1691698136011884544,23.0,49.0,1691698132173822208,1,0,1691698136.63
WithPD,151,1691698136561416448,23.0,49.0,1691698132173822208,1,0,1691698137.18
WithPD,152,1691698137111109632,23.0,52.0,1691698137111109632,0,0,1691698137.73
WithPD,153,1691698137657910272,23.0,52.0,1691698137111109632,1,0,1691698138.25
WithPD,154,1691698138207275520,23.0,52.0,1691698137111109632,1,0,1691698138.83
WithPD,155,1691698138756519680,23.0,52.0,1691698137111109632,1,0,1691698139.37
WithPD,155,1691698138756519680,23.0,52.0,1691698137111109632,1,0,1691698141.47
WithPD,156,1691698139303608064,23.0,52.0,1691698137111109632,1,0,1691698141.78
WithPD,157,1691698139852994816,23.0,52.0,1691698137111109632,1,0,1691698142.06
WithPD,158,1691698140402387712,23.0,51.0,1691698140402387712,0,0,1691698142.35
WithPD,159,1691698140949807360,23.0,51.0,1691698140402387712,1,0,1691698142.69
WithPD,160,1691698141499326208,23.0,51.0,1691698140402387712,1,0,1691698143.0
WithPD,161,1691698142048771072,23.0,51.0,1691698140402387712,1,0,1691698143.33
WithPD,161,1691698142048771072,23.0,51.0,1691698140402387712,1,0,1691698144.93
WithPD,162,1691698142595540480,23.0,51.0,1691698140402387712,1,0,1691698145.23
WithPD,163,1691698143146743040,23.0,51.0,1691698140402387712,1,0,1691698145.54
WithPD,164,1691698143696037120,23.0,51.0,1691698140402387712,1,0,1691698145.81
WithPD,165,1691698144243016960,23.0,51.0,1691698140402387712,1,0,1691698146.15
WithPD,166,1691698144792048128,23.0,51.0,1691698140402387712,1,0,1691698146.42
WithPD,167,1691698145341466368,23.0,51.0,1691698140402387712,1,0,1691698146.76
WithPD,168,1691698145888705280,23.0,51.0,1691698140402387712,1,0,1691698147.11
WithPD,169,1691698146437925888,23.0,51.0,1691698140402387712,1,0,1691698147.44
WithPD,170,1691698146987197440,23.0,51.0,1691698140402387712,1,0,1691698147.82
WithPD,171,1691698147540285696,23.0,51.0,1691698140402387712,1,0,1691698148.2
WithPD,172,1691698148089822464,23.0,51.0,1691698140402387712,1,0,1691698148.69
WithPD,173,1691698148639203072,23.0,51.0,1691698140402387712,1,0,1691698149.25
WithPD,174,1691698149185730304,23.0,51.0,1691698140402387712,1,0,1691698149.79
WithPD,175,1691698149734988288,23.0,51.0,1691698140402387712,1,0,1691698150.35
WithPD,176,1691698150284467456,23.0,51.0,1691698140402387712,1,0,1691698150.91
WithPD,177,1691698150831059456,23.0,51.0,1691698140402387712,1,0,1691698151.43
WithPD,179,1691698151930149376,23.0,51.0,1691698140402387712,1,0,1691698152.55
WithPD,180,1691698152483247104,23.0,51.0,1691698140402387712,1,0,1691698153.1
WithPD,181,1691698153032614656,23.0,51.0,1691698140402387712,1,0,1691698153.63
WithPD,182,1691698153581985792,23.0,51.0,1691698140402387712,1,0,1691698154.19
WithPD,183,1691698154128632576,23.0,51.0,1691698140402387712,1,0,1691698154.73
WithPD,184,1691698154678315520,23.0,51.0,1691698140402387712,1,0,1691698155.3
WithPD,185,1691698155227917824,23.0,51.0,1691698140402387712,1,0,1691698155.84
WithPD,186,1691698155781468928,23.0,51.0,1691698140402387712,1,0,1691698156.38
WithPD,187,1691698156330714624,23.0,51.0,1691698140402387712,1,0,1691698156.93
WithPD,187,1691698156330714624,23.0,51.0,1691698140402387712,1,0,1691698158.58
WithPD,188,1691698156880108032,23.0,51.0,1691698156880108032,0,0,1691698158.89
WithPD,189,1691698157427112448,23.0,51.0,1691698156880108032,1,0,1691698159.21
WithPD,190,1691698157976788992,23.0,51.0,1691698156880108032,1,0,1691698159.48
WithPD,191,1691698158526189824,23.0,51.0,1691698158526189824,0,0,1691698159.79
WithPD,192,1691698159072861696,23.0,51.0,1691698158526189824,1,0,1691698160.1
WithPD,193,1691698159622383872,23.0,51.0,1691698158526189824,1,0,1691698160.42
WithPD,194,1691698160171574016,23.0,51.0,1691698158526189824,1,0,1691698160.8
WithPD,195,1691698160718715392,23.0,51.0,1691698158526189824,1,0,1691698161.33
WithPD,196,1691698161268230912,23.0,51.0,1691698158526189824,1,0,1691698161.88
WithPD,197,1691698161817633024,23.0,51.0,1691698158526189824,1,0,1691698162.43
WithPD,198,1691698162364245504,23.0,51.0,1691698158526189824,1,0,1691698162.97
WithPD,199,1691698162913897472,23.0,51.0,1691698158526189824,1,0,1691698163.51
WithPD,200,1691698163463068160,23.0,51.0,1691698158526189824,1,0,1691698164.08
WithPD,201,1691698164009942784,23.0,51.0,1691698158526189824,1,0,1691698164.64
WithPD,202,1691698164559375360,23.0,51.0,1691698158526189824,1,0,1691698165.17
WithPD,203,1691698165110326016,23.0,51.0,1691698158526189824,1,0,1691698165.73
WithPD,204,1691698165657032704,23.0,51.0,1691698158526189824,1,0,1691698166.26
WithPD,206,1691698166756260352,23.0,51.0,1691698158526189824,1,0,1691698167.38
WithPD,207,1691698167309560832,23.0,51.0,1691698158526189824,1,0,1691698167.92
WithPD,208,1691698167858859264,23.0,51.0,1691698158526189824,1,0,1691698168.48
WithPD,209,1691698168407949056,23.0,51.0,1691698158526189824,1,0,1691698169.02
WithPD,210,1691698168954856192,23.0,51.0,1691698158526189824,1,0,1691698169.57
WithPD,211,1691698169504164608,23.0,51.0,1691698158526189824,1,0,1691698170.11
WithPD,212,1691698170053635840,23.0,50.0,1691698170053635840,0,0,1691698170.67
WithPD,213,1691698170600586752,23.0,50.0,1691698170053635840,1,0,1691698171.21
WithPD,214,1691698171150076160,23.0,50.0,1691698170053635840,1,0,1691698171.76
WithPD,215,1691698171699416576,23.0,50.0,1691698171699416576,0,0,1691698172.31
