WithPD,0,1691688782297787392,22.0,51.0,1691688782297787392,0,0,1691688785.0
WithPD,1,1691688782934763520,22.0,51.0,1691688782297787392,1,0,1691688785.31
WithPD,2,1691688783484948992,22.0,51.0,1691688782297787392,1,0,1691688785.63
WithPD,3,1691688784035177728,22.0,54.0,1691688784035177728,0,0,1691688785.93
WithPD,4,1691688784582298624,22.0,54.0,1691688784035177728,1,0,1691688786.3
WithPD,5,1691688785131772928,22.0,54.0,1691688784035177728,1,0,1691688786.65
WithPD,6,1691688785681280512,18.0,52.0,1691688785681280512,0,0,1691688787.02
WithPD,7,1691688786228120320,18.0,52.0,1691688785681280512,1,0,1691688787.39
WithPD,8,1691688786777714176,18.0,52.0,1691688785681280512,1,0,1691688787.73
WithPD,9,1691688787326893824,18.0,52.0,1691688785681280512,1,0,1691688788.09
WithPD,11,1691688788423026176,18.0,52.0,1691688785681280512,1,0,1691688789.03
WithPD,12,1691688788974977536,18.0,52.0,1691688785681280512,1,0,1691688789.57
WithPD,13,1691688789522068992,18.0,52.0,1691688785681280512,1,0,1691688790.12
WithPD,14,1691688790071319040,18.0,52.0,1691688785681280512,1,0,1691688790.68
WithPD,15,1691688790620887040,18.0,52.0,1691688785681280512,1,0,1691688791.23
WithPD,16,1691688791174078208,18.0,52.0,1691688785681280512,1,0,1691688791.78
WithPD,17,1691688791723805440,18.0,52.0,1691688785681280512,1,0,1691688792.34
WithPD,18,1691688792273680128,18.0,52.0,1691688785681280512,1,0,1691688792.88
WithPD,19,1691688792826727168,18.0,52.0,1691688785681280512,1,0,1691688793.42
WithPD,20,1691688793376006400,18.0,52.0,1691688785681280512,1,0,1691688793.98
WithPD,21,1691688793925541632,22.0,52.0,1691688793925541632,0,0,1691688794.52
WithPD,22,1691688794472459520,22.0,52.0,1691688793925541632,1,0,1691688795.06
WithPD,23,1691688795021742848,22.0,52.0,1691688793925541632,1,0,1691688795.63
WoutPD,0,This_is_noise_node0,1691688796.11
WoutPD,1,This_is_noise_node1,1691688796.15
WoutPD,2,This_is_noise_node2,1691688796.17
WoutPD,3,This_is_noise_node3,1691688796.2
WoutPD,12,This_is_noise_node12,1691688796.35
WoutPD,13,This_is_noise_node13,1691688796.39
WoutPD,14,This_is_noise_node14,1691688796.4
WoutPD,15,This_is_noise_node15,1691688796.44
WoutPD,16,This_is_noise_node16,1691688796.47
WoutPD,17,This_is_noise_node17,1691688796.48
WoutPD,18,This_is_noise_node18,1691688796.51
WoutPD,19,This_is_noise_node19,1691688796.54
WoutPD,20,This_is_noise_node20,1691688796.58
WoutPD,21,This_is_noise_node21,1691688796.6
WoutPD,22,This_is_noise_node22,1691688796.64
WoutPD,23,This_is_noise_node23,1691688796.66
WoutPD,24,This_is_noise_node24,1691688796.7
WoutPD,25,This_is_noise_node25,1691688796.72
WoutPD,26,This_is_noise_node26,1691688796.76
WoutPD,27,This_is_noise_node27,1691688796.78
WoutPD,28,This_is_noise_node28,1691688796.79
WoutPD,29,This_is_noise_node29,1691688796.82
WoutPD,30,This_is_noise_node30,1691688796.85
WoutPD,32,This_is_noise_node32,1691688796.9
WoutPD,33,This_is_noise_node33,1691688796.92
WoutPD,34,This_is_noise_node34,1691688796.95
WoutPD,35,This_is_noise_node35,1691688796.98
WoutPD,36,This_is_noise_node36,1691688797.02
WoutPD,38,This_is_noise_node38,1691688797.05
WoutPD,39,This_is_noise_node39,1691688797.09
WoutPD,41,This_is_noise_node41,1691688797.09
WoutPD,42,This_is_noise_node42,1691688797.14
WoutPD,43,This_is_noise_node43,1691688797.15
WithPD,25,1691688796118501632,22.0,52.0,1691688795571317760,1,0,1691688798.36
WithPD,26,1691688796667746304,22.0,52.0,1691688795571317760,1,0,1691688798.65
WithPD,27,1691688797217410304,22.0,52.0,1691688795571317760,1,0,1691688798.97
WithPD,28,1691688797764062976,22.0,52.0,1691688795571317760,1,0,1691688799.24
WithPD,29,1691688798313728512,22.0,52.0,1691688795571317760,1,0,1691688799.54
WithPD,30,1691688798862952192,22.0,51.0,1691688798862952192,0,0,1691688799.83
WithPD,31,1691688799410497280,22.0,51.0,1691688798862952192,1,0,1691688800.13
WithPD,32,1691688799959676160,22.0,51.0,1691688798862952192,1,0,1691688800.57
WithPD,34,1691688801056571136,22.0,51.0,1691688800509026560,1,0,1691688801.67
WithPD,35,1691688801605901824,22.0,51.0,1691688800509026560,1,0,1691688802.21
WithPD,36,1691688802155109888,22.0,51.0,1691688802155109888,0,0,1691688802.75
WithPD,37,1691688802702462720,22.0,51.0,1691688802155109888,1,0,1691688803.3
WithPD,38,1691688803251614976,22.0,51.0,1691688802155109888,1,0,1691688803.84
WithPD,39,1691688803801013248,22.0,51.0,1691688802155109888,1,0,1691688804.4
WithPD,40,1691688804348000512,22.0,51.0,1691688802155109888,1,0,1691688804.96
WithPD,41,1691688804897971200,22.0,51.0,1691688802155109888,1,0,1691688805.5
WithPD,42,1691688805447379712,22.0,51.0,1691688805447379712,0,0,1691688806.04
WithPD,43,1691688805995102976,22.0,51.0,1691688805447379712,1,0,1691688806.58
WithPD,44,1691688806544880640,22.0,51.0,1691688805447379712,1,0,1691688807.14
WithPD,45,1691688807094254336,22.0,51.0,1691688805447379712,1,0,1691688807.7
WithPD,46,1691688807641486592,22.0,51.0,1691688805447379712,1,0,1691688808.23
WithPD,47,1691688808190949120,22.0,51.0,1691688805447379712,1,0,1691688808.79
WoutPD,44,This_is_noise_node44,1691688809.0
WithPD,48,1691688808740203264,22.0,51.0,1691688805447379712,1,0,1691688809.34
WithPD,49,1691688809287225856,22.0,51.0,1691688805447379712,1,0,1691688809.89
WithPD,50,1691688809836467200,22.0,51.0,1691688805447379712,1,0,1691688810.43
WithPD,51,1691688810385777152,22.0,51.0,1691688805447379712,1,0,1691688810.97
WithPD,52,1691688810932620288,22.0,51.0,1691688805447379712,1,0,1691688811.53
WithPD,53,1691688811482430720,22.0,51.0,1691688805447379712,1,0,1691688812.08
WithPD,54,1691688812031555584,22.0,51.0,1691688812031555584,0,0,1691688812.63
WithPD,55,1691688812579130624,22.0,51.0,1691688812031555584,1,0,1691688813.17
WithPD,56,1691688813128450816,22.0,51.0,1691688812031555584,1,0,1691688813.74
WithPD,57,1691688813677901568,22.0,51.0,1691688813677901568,0,0,1691688814.27
WithPD,58,1691688814225184000,22.0,51.0,1691688813677901568,1,0,1691688814.82
WithPD,59,1691688814774401280,22.0,51.0,1691688813677901568,1,0,1691688815.38
WithPD,60,1691688815323897856,22.0,51.0,1691688815323897856,0,0,1691688815.93
WithPD,61,1691688815870862336,22.0,51.0,1691688815323897856,1,0,1691688816.47
WithPD,62,1691688816420239360,22.0,51.0,1691688815323897856,1,0,1691688817.04
WithPD,63,1691688816970511360,22.0,51.0,1691688815323897856,1,0,1691688817.58
WithPD,64,1691688817523685888,22.0,51.0,1691688815323897856,1,0,1691688818.13
WithPD,65,1691688818073744896,22.0,51.0,1691688815323897856,1,0,1691688818.68
WithPD,66,1691688818622956800,22.0,51.0,1691688815323897856,1,0,1691688819.22
WithPD,67,1691688819169856768,22.0,51.0,1691688815323897856,1,0,1691688819.77
WithPD,68,1691688819719125248,22.0,51.0,1691688815323897856,1,0,1691688820.32
WithPD,69,1691688820268531968,22.0,51.0,1691688815323897856,1,0,1691688820.85
WithPD,70,1691688820815505408,22.0,51.0,1691688815323897856,1,0,1691688821.42
WithPD,71,1691688821365329920,22.0,51.0,1691688815323897856,1,0,1691688821.98
WithPD,72,1691688821914399232,22.0,51.0,1691688821914399232,0,0,1691688822.51
WoutPD,45,This_is_noise_node45,1691688823.03
WithPD,73,1691688822461411328,22.0,51.0,1691688821914399232,1,0,1691688823.06
WoutPD,54,This_is_noise_node54,1691688823.22
WoutPD,55,This_is_noise_node55,1691688823.25
WoutPD,56,This_is_noise_node56,1691688823.28
WoutPD,57,This_is_noise_node57,1691688823.31
WoutPD,58,This_is_noise_node58,1691688823.35
WoutPD,59,This_is_noise_node59,1691688823.37
WoutPD,60,This_is_noise_node60,1691688823.38
WoutPD,61,This_is_noise_node61,1691688823.42
WoutPD,62,This_is_noise_node62,1691688823.45
WoutPD,63,This_is_noise_node63,1691688823.47
WoutPD,64,This_is_noise_node64,1691688823.51
WoutPD,65,This_is_noise_node65,1691688823.54
WoutPD,66,This_is_noise_node66,1691688823.57
WoutPD,67,This_is_noise_node67,1691688823.6
WoutPD,68,This_is_noise_node68,1691688823.61
WoutPD,69,This_is_noise_node69,1691688823.64
WithPD,74,1691688823010842112,22.0,51.0,1691688821914399232,1,0,1691688823.73
WithPD,75,1691688823560252416,22.0,51.0,1691688821914399232,1,0,1691688824.16
WithPD,76,1691688824113523456,22.0,51.0,1691688821914399232,1,0,1691688824.71
WithPD,77,1691688824662777088,22.0,51.0,1691688821914399232,1,0,1691688825.26
WithPD,78,1691688825212070400,22.0,51.0,1691688825212070400,0,0,1691688825.81
WithPD,79,1691688825759360512,22.0,51.0,1691688825212070400,1,0,1691688826.36
WithPD,80,1691688826309239552,22.0,51.0,1691688825212070400,1,0,1691688826.9
WithPD,81,1691688826858598912,22.0,51.0,1691688825212070400,1,0,1691688827.47
WithPD,82,1691688827411850752,22.0,51.0,1691688825212070400,1,0,1691688828.01
WithPD,83,1691688827961442560,22.0,51.0,1691688825212070400,1,0,1691688828.56
WithPD,85,1691688829063783680,22.0,51.0,1691688825212070400,1,0,1691688829.67
WithPD,86,1691688829613707520,22.0,51.0,1691688825212070400,1,0,1691688830.22
WithPD,87,1691688830163007232,22.0,51.0,1691688825212070400,1,0,1691688830.78
WithPD,88,1691688830716638208,22.0,51.0,1691688825212070400,1,0,1691688831.32
WithPD,89,1691688831266231808,22.0,51.0,1691688825212070400,1,0,1691688831.87
WithPD,90,1691688831815452416,22.0,51.0,1691688825212070400,1,0,1691688832.41
WithPD,91,1691688832362338816,22.0,51.0,1691688825212070400,1,0,1691688832.98
WithPD,92,1691688832911514112,22.0,51.0,1691688825212070400,1,0,1691688833.51
WithPD,93,1691688833461042176,22.0,51.0,1691688833461042176,0,0,1691688834.06
WithPD,94,1691688834007930624,22.0,51.0,1691688833461042176,1,0,1691688834.61
WithPD,95,1691688834557562112,22.0,51.0,1691688833461042176,1,0,1691688835.18
WithPD,96,1691688835107118080,22.0,51.0,1691688833461042176,1,0,1691688835.71
WithPD,97,1691688835660337408,22.0,51.0,1691688833461042176,1,0,1691688836.25
WithPD,98,1691688836210356480,22.0,51.0,1691688833461042176,1,0,1691688836.8
WithPD,99,1691688836759616000,22.0,51.0,1691688833461042176,1,0,1691688837.35
WithPD,100,1691688837306714624,22.0,51.0,1691688833461042176,1,0,1691688837.92
WithPD,101,1691688837855958016,22.0,51.0,1691688833461042176,1,0,1691688838.46
WithPD,102,1691688838405608960,22.0,51.0,1691688838405608960,0,0,1691688839.02
WithPD,103,1691688838952836608,22.0,51.0,1691688838405608960,1,0,1691688839.56
WithPD,104,1691688839502128128,22.0,51.0,1691688838405608960,1,0,1691688840.09
WithPD,105,1691688840051395584,22.0,51.0,1691688838405608960,1,0,1691688840.65
WithPD,106,1691688840598781184,22.0,51.0,1691688838405608960,1,0,1691688841.19
WithPD,107,1691688841147908096,22.0,51.0,1691688838405608960,1,0,1691688841.76
WithPD,108,1691688841697585408,22.0,51.0,1691688838405608960,1,0,1691688842.31
WithPD,109,1691688842244318720,22.0,51.0,1691688838405608960,1,0,1691688842.85
WithPD,110,1691688842794053376,22.0,51.0,1691688838405608960,1,0,1691688843.38
WithPD,111,1691688843343258624,22.0,51.0,1691688838405608960,1,0,1691688843.94
WithPD,112,1691688843890336000,22.0,51.0,1691688838405608960,1,0,1691688844.5
WithPD,112,1691688843890336000,22.0,51.0,1691688838405608960,1,0,1691688846.61
WithPD,113,1691688844439525120,22.0,51.0,1691688838405608960,1,0,1691688846.94
WithPD,114,1691688844988935168,22.0,51.0,1691688838405608960,1,0,1691688847.25
WithPD,115,1691688845542593536,22.0,51.0,1691688838405608960,1,0,1691688847.54
WithPD,116,1691688846092378624,22.0,51.0,1691688838405608960,1,0,1691688847.88
WithPD,117,1691688846641891840,22.0,51.0,1691688838405608960,1,0,1691688848.19
WithPD,118,1691688847195147264,22.0,51.0,1691688838405608960,1,0,1691688848.52
WithPD,119,1691688847745410048,22.0,51.0,1691688838405608960,1,0,1691688848.83
WithPD,120,1691688848294608128,22.0,51.0,1691688848294608128,0,0,1691688849.16
WithPD,121,1691688848842130944,22.0,51.0,1691688848294608128,1,0,1691688849.5
WithPD,122,1691688849391325952,22.0,51.0,1691688848294608128,1,0,1691688850.0
WithPD,123,1691688849940666368,22.0,51.0,1691688849940666368,0,0,1691688850.54
WithPD,124,1691688850488105216,22.0,51.0,1691688849940666368,1,0,1691688851.09
WithPD,125,1691688851037524992,22.0,51.0,1691688849940666368,1,0,1691688851.65
WithPD,126,1691688851587104512,22.0,51.0,1691688849940666368,1,0,1691688852.18
WoutPD,70,This_is_noise_node70,1691688852.57
WoutPD,71,This_is_noise_node71,1691688852.59
WoutPD,72,This_is_noise_node72,1691688852.63
WoutPD,73,This_is_noise_node73,1691688852.65
WoutPD,74,This_is_noise_node74,1691688852.68
WoutPD,75,This_is_noise_node75,1691688852.72
WoutPD,76,This_is_noise_node76,1691688852.75
WoutPD,77,This_is_noise_node77,1691688852.76
WoutPD,78,This_is_noise_node78,1691688852.8
WoutPD,80,This_is_noise_node80,1691688852.84
WoutPD,81,This_is_noise_node81,1691688852.86
WoutPD,82,This_is_noise_node82,1691688852.89
WoutPD,83,This_is_noise_node83,1691688852.92
WoutPD,84,This_is_noise_node84,1691688852.96
WoutPD,85,This_is_noise_node85,1691688852.97
WoutPD,86,This_is_noise_node86,1691688853.0
WoutPD,87,This_is_noise_node87,1691688853.03
WoutPD,88,This_is_noise_node88,1691688853.06
WoutPD,89,This_is_noise_node89,1691688853.08
WoutPD,90,This_is_noise_node90,1691688853.12
WoutPD,91,This_is_noise_node91,1691688853.15
WoutPD,92,This_is_noise_node92,1691688853.19
WoutPD,93,This_is_noise_node93,1691688853.22
WoutPD,94,This_is_noise_node94,1691688853.22
WoutPD,95,This_is_noise_node95,1691688853.27
WoutPD,96,This_is_noise_node96,1691688853.29
WoutPD,97,This_is_noise_node97,1691688853.32
WoutPD,98,This_is_noise_node98,1691688853.35
WoutPD,100,This_is_noise_node100,1691688853.37
WoutPD,101,This_is_noise_node101,1691688853.4
WoutPD,102,This_is_noise_node102,1691688853.44
WoutPD,103,This_is_noise_node103,1691688853.47
WoutPD,105,This_is_noise_node105,1691688853.48
WithPD,127,1691688852133811200,22.0,51.0,1691688849940666368,1,0,1691688854.39
WithPD,128,1691688852683272960,22.0,51.0,1691688849940666368,1,0,1691688854.65
WithPD,129,1691688853232591104,22.0,51.0,1691688849940666368,1,0,1691688854.98
WithPD,130,1691688853786401024,22.0,51.0,1691688849940666368,1,0,1691688855.3
WithPD,131,1691688854335719936,22.0,51.0,1691688849940666368,1,0,1691688855.61
WithPD,132,1691688854885119488,22.0,51.0,1691688849940666368,1,0,1691688855.91
WithPD,133,1691688855431885568,22.0,51.0,1691688849940666368,1,0,1691688856.21
WithPD,134,1691688855981445632,22.0,51.0,1691688849940666368,1,0,1691688856.58
WithPD,135,1691688856530608896,22.0,51.0,1691688849940666368,1,0,1691688857.13
WithPD,136,1691688857077589760,22.0,51.0,1691688849940666368,1,0,1691688857.68
WithPD,137,1691688857626953728,22.0,51.0,1691688849940666368,1,0,1691688858.22
WithPD,138,1691688858176425472,22.0,51.0,1691688849940666368,1,0,1691688858.76
WithPD,139,1691688858723223040,22.0,51.0,1691688849940666368,1,0,1691688859.32
WithPD,140,1691688859272708352,22.0,51.0,1691688849940666368,1,0,1691688859.87
WithPD,141,1691688859822074880,22.0,51.0,1691688859822074880,0,0,1691688860.42
WithPD,142,1691688860369647616,22.0,51.0,1691688859822074880,1,0,1691688860.98
WithPD,143,1691688860919018752,22.0,51.0,1691688859822074880,1,0,1691688861.53
WithPD,144,1691688861468458496,22.0,51.0,1691688859822074880,1,0,1691688862.2
WithPD,144,1691688861468458496,22.0,51.0,1691688859822074880,1,0,1691688863.89
WithPD,144,1691688861468458496,22.0,51.0,1691688859822074880,1,0,1691688865.57
WithPD,144,1691688861468458496,22.0,51.0,1691688859822074880,1,0,1691688867.77
WithPD,145,1691688862021723904,22.0,51.0,1691688859822074880,1,0,1691688868.48
WithPD,146,1691688862571268608,22.0,51.0,1691688859822074880,1,0,1691688868.88
WithPD,147,1691688863122327296,22.0,51.0,1691688863122327296,0,0,1691688869.26
WithPD,148,1691688863671129600,22.0,51.0,1691688863122327296,1,0,1691688869.6
WithPD,148,1691688863671129600,22.0,51.0,1691688863122327296,1,0,1691688871.76
WithPD,149,1691688864220322816,22.0,51.0,1691688863122327296,1,0,1691688872.06
WithPD,150,1691688864769921792,22.0,51.0,1691688864769921792,0,0,1691688872.32
WithPD,151,1691688865316801536,22.0,51.0,1691688864769921792,1,0,1691688872.63
WithPD,152,1691688865866342144,22.0,51.0,1691688864769921792,1,0,1691688872.91
WithPD,153,1691688866415686912,22.0,51.0,1691688864769921792,1,0,1691688873.23
WithPD,154,1691688866962863616,22.0,51.0,1691688864769921792,1,0,1691688873.55
WithPD,155,1691688867512189696,22.0,51.0,1691688864769921792,1,0,1691688873.85
WithPD,156,1691688868062038272,22.0,51.0,1691688864769921792,1,0,1691688874.2
WithPD,157,1691688868608939008,22.0,51.0,1691688864769921792,1,0,1691688874.5
WithPD,158,1691688869158305024,22.0,51.0,1691688864769921792,1,0,1691688874.88
WithPD,159,1691688869707655936,22.0,51.0,1691688864769921792,1,0,1691688875.23
WithPD,160,1691688870261225984,22.0,51.0,1691688864769921792,1,0,1691688875.54
WithPD,161,1691688870810531328,22.0,51.0,1691688864769921792,1,0,1691688875.92
WithPD,162,1691688871359745792,22.0,51.0,1691688871359745792,0,0,1691688876.23
WithPD,163,1691688871907126528,22.0,51.0,1691688871359745792,1,0,1691688876.6
WithPD,164,1691688872456418304,22.0,51.0,1691688871359745792,1,0,1691688876.94
WithPD,165,1691688873005871616,22.0,51.0,1691688873005871616,0,0,1691688877.25
WithPD,166,1691688873553195520,22.0,51.0,1691688873005871616,1,0,1691688877.63
WithPD,167,1691688874102975488,22.0,51.0,1691688873005871616,1,0,1691688878.01
WoutPD,106,This_is_noise_node106,1691688878.32
WithPD,168,1691688874652448512,22.0,51.0,1691688873005871616,1,0,1691688878.36
WithPD,169,1691688875199210496,22.0,51.0,1691688873005871616,1,0,1691688878.72
WithPD,170,1691688875748554240,22.0,51.0,1691688873005871616,1,0,1691688879.09
WoutPD,107,This_is_noise_node107,1691688879.36
WoutPD,108,This_is_noise_node108,1691688879.37
WoutPD,109,This_is_noise_node109,1691688879.4
WoutPD,110,This_is_noise_node110,1691688879.43
WoutPD,111,This_is_noise_node111,1691688879.46
WithPD,171,1691688876297878528,22.0,51.0,1691688873005871616,1,0,1691688879.5
WithPD,172,1691688876844531456,22.0,51.0,1691688873005871616,1,0,1691688879.86
WithPD,173,1691688877394032128,22.0,51.0,1691688873005871616,1,0,1691688880.22
WithPD,174,1691688877943799040,22.0,51.0,1691688873005871616,1,0,1691688880.59
WithPD,175,1691688878497380096,22.0,51.0,1691688873005871616,1,0,1691688880.95
WithPD,176,1691688879047175168,22.0,51.0,1691688873005871616,1,0,1691688881.31
WithPD,177,1691688879596724736,22.0,51.0,1691688873005871616,1,0,1691688881.67
WithPD,178,1691688880143569408,22.0,51.0,1691688873005871616,1,0,1691688882.02
WithPD,179,1691688880693005824,22.0,51.0,1691688873005871616,1,0,1691688882.4
WithPD,180,1691688881242416384,22.0,51.0,1691688881242416384,0,0,1691688882.76
WithPD,181,1691688881789702400,22.0,51.0,1691688881242416384,1,0,1691688883.14
WithPD,182,1691688882339025408,22.0,51.0,1691688881242416384,1,0,1691688883.52
WithPD,183,1691688882888203008,22.0,51.0,1691688881242416384,1,0,1691688883.85
WithPD,184,1691688883435134208,22.0,51.0,1691688881242416384,1,0,1691688884.22
WithPD,185,1691688883984406784,22.0,51.0,1691688881242416384,1,0,1691688884.59
WithPD,186,1691688884533826816,22.0,51.0,1691688884533826816,0,0,1691688885.12
WithPD,187,1691688885081303808,22.0,51.0,1691688884533826816,1,0,1691688885.67
WithPD,188,1691688885631072768,22.0,51.0,1691688884533826816,1,0,1691688886.23
WithPD,189,1691688886180455680,22.0,51.0,1691688884533826816,1,0,1691688886.78
WithPD,190,1691688886734219264,22.0,51.0,1691688884533826816,1,0,1691688887.33
WithPD,191,1691688887283463168,22.0,51.0,1691688884533826816,1,0,1691688887.9
WithPD,192,1691688887832824064,22.0,51.0,1691688884533826816,1,0,1691688888.43
WithPD,193,1691688888386154240,22.0,51.0,1691688884533826816,1,0,1691688888.98
WithPD,194,1691688888935506176,22.0,51.0,1691688884533826816,1,0,1691688889.52
WithPD,195,1691688889485274112,22.0,51.0,1691688884533826816,1,0,1691688890.1
WithPD,196,1691688890031881728,22.0,51.0,1691688884533826816,1,0,1691688890.63
WithPD,197,1691688890581408000,22.0,51.0,1691688884533826816,1,0,1691688891.18
WithPD,198,1691688891130577920,22.0,51.0,1691688891130577920,0,0,1691688891.74
WithPD,199,1691688891678200576,22.0,51.0,1691688891130577920,1,0,1691688892.27
WithPD,200,1691688892227539968,22.0,51.0,1691688891130577920,1,0,1691688892.82
WithPD,202,1691688893330183936,22.0,51.0,1691688891130577920,1,0,1691688893.93
WithPD,203,1691688893879556608,22.0,51.0,1691688891130577920,1,0,1691688894.46
WithPD,204,1691688894429039360,22.0,51.0,1691688894429039360,0,0,1691688895.02
WithPD,205,1691688894975766528,22.0,51.0,1691688894429039360,1,0,1691688895.58
WithPD,206,1691688895525214464,22.0,51.0,1691688894429039360,1,0,1691688896.14
WithPD,207,1691688896074517248,22.0,51.0,1691688894429039360,1,0,1691688896.67
WithPD,208,1691688896627635456,22.0,51.0,1691688894429039360,1,0,1691688897.23
WithPD,209,1691688897177270784,22.0,51.0,1691688894429039360,1,0,1691688897.77
WithPD,210,1691688897727976192,22.0,51.0,1691688894429039360,1,0,1691688898.34
WithPD,211,1691688898281497856,22.0,51.0,1691688894429039360,1,0,1691688898.89
WithPD,213,1691688899379830272,22.0,51.0,1691688894429039360,1,0,1691688899.99
WithPD,214,1691688899933544192,22.0,51.0,1691688894429039360,1,0,1691688900.53
WithPD,215,1691688900482753024,22.0,51.0,1691688894429039360,1,0,1691688901.09
