WithPD,1,1691170678110030080,22.0,52.0,1691170677014860800,1,0,1691170680.27
WithPD,2,1691170678658752768,22.0,50.0,1691170678658752768,0,0,1691170680.59
WithPD,3,1691170679205190656,22.0,50.0,1691170678658752768,1,0,1691170680.93
WithPD,4,1691170679753814016,22.0,50.0,1691170678658752768,1,0,1691170681.25
WithPD,5,1691170680302915072,22.0,50.0,1691170678658752768,1,0,1691170681.57
WithPD,6,1691170680855926528,22.0,50.0,1691170678658752768,1,0,1691170681.86
WithPD,7,1691170681405247744,22.0,50.0,1691170678658752768,1,0,1691170682.16
WithPD,8,1691170681954708992,22.0,50.0,1691170678658752768,1,0,1691170682.56
WithPD,9,1691170682501429760,22.0,50.0,1691170678658752768,1,0,1691170683.09
WithPD,10,1691170683050997504,22.0,50.0,1691170678658752768,1,0,1691170683.64
WithPD,11,1691170683600536576,22.0,50.0,1691170678658752768,1,0,1691170684.2
WithPD,12,1691170684147536128,22.0,50.0,1691170678658752768,1,0,1691170684.74
WithPD,13,1691170684696717824,22.0,50.0,1691170678658752768,1,0,1691170685.29
WithPD,14,1691170685246074624,22.0,50.0,1691170678658752768,1,0,1691170685.85
WithPD,15,1691170685799405312,22.0,50.0,1691170678658752768,1,0,1691170686.42
WithPD,16,1691170686349011200,22.0,50.0,1691170678658752768,1,0,1691170686.96
WithPD,17,1691170686898711296,22.0,50.0,1691170678658752768,1,0,1691170687.5
WithPD,18,1691170687445595392,22.0,50.0,1691170678658752768,1,0,1691170688.04
WithPD,19,1691170687995169024,22.0,50.0,1691170678658752768,1,0,1691170688.6
WithPD,20,1691170688544238592,22.0,50.0,1691170678658752768,1,0,1691170689.15
WithPD,21,1691170689090925312,22.0,50.0,1691170678658752768,1,0,1691170689.69
WithPD,22,1691170689640142592,22.0,50.0,1691170678658752768,1,0,1691170690.24
WithPD,23,1691170690189479424,22.0,49.0,1691170690189479424,0,0,1691170690.77
WithPD,24,1691170690736448000,22.0,49.0,1691170690189479424,1,0,1691170691.34
WithPD,25,1691170691286259968,22.0,49.0,1691170690189479424,1,0,1691170691.89
WithPD,26,1691170691835571200,22.0,49.0,1691170691835571200,0,0,1691170692.44
WithPD,27,1691170692382336512,22.0,49.0,1691170691835571200,1,0,1691170692.98
WithPD,28,1691170692932026112,22.0,49.0,1691170691835571200,1,0,1691170693.53
WithPD,29,1691170693481336832,22.0,49.0,1691170691835571200,1,0,1691170694.07
WithPD,30,1691170694034996736,22.0,49.0,1691170691835571200,1,0,1691170694.64
WithPD,31,1691170694584199168,22.0,49.0,1691170691835571200,1,0,1691170695.19
WithPD,32,1691170695133447936,22.0,49.0,1691170691835571200,1,0,1691170695.75
WithPD,33,1691170695686779392,22.0,49.0,1691170691835571200,1,0,1691170696.29
WithPD,35,1691170696785550080,22.0,49.0,1691170691835571200,1,0,1691170697.39
WithPD,36,1691170697332634112,22.0,49.0,1691170691835571200,1,0,1691170697.93
WithPD,37,1691170697881742336,22.0,49.0,1691170691835571200,1,0,1691170698.47
WithPD,38,1691170698431150336,22.0,49.0,1691170698431150336,0,0,1691170699.03
WithPD,39,1691170698978219008,22.0,49.0,1691170698431150336,1,0,1691170699.58
WithPD,40,1691170699527761920,22.0,49.0,1691170698431150336,1,0,1691170700.13
WithPD,41,1691170700077073152,22.0,49.0,1691170698431150336,1,0,1691170700.68
WithPD,42,1691170700630613504,22.0,49.0,1691170698431150336,1,0,1691170701.25
WithPD,43,1691170701180114944,22.0,49.0,1691170698431150336,1,0,1691170701.79
WithPD,44,1691170701729496320,22.0,49.0,1691170698431150336,1,0,1691170702.35
WithPD,45,1691170702283006464,22.0,49.0,1691170698431150336,1,0,1691170702.88
WithPD,46,1691170702832252416,22.0,49.0,1691170698431150336,1,0,1691170703.43
WithPD,47,1691170703381518336,22.0,49.0,1691170698431150336,1,0,1691170703.98
WithPD,48,1691170703934991616,22.0,49.0,1691170698431150336,1,0,1691170704.54
WithPD,49,1691170704484249856,22.0,49.0,1691170698431150336,1,0,1691170705.09
WithPD,50,1691170705033744640,22.0,49.0,1691170705033744640,0,0,1691170705.64
WithPD,51,1691170705580715520,22.0,49.0,1691170705033744640,1,0,1691170706.17
WithPD,52,1691170706130026752,22.0,49.0,1691170705033744640,1,0,1691170706.74
WithPD,53,1691170706679452672,22.0,49.0,1691170705033744640,1,0,1691170707.29
WithPD,55,1691170707782066944,22.0,49.0,1691170705033744640,1,0,1691170708.37
WithPD,56,1691170708331633408,22.0,49.0,1691170705033744640,1,0,1691170708.92
WithPD,57,1691170708878265344,22.0,49.0,1691170705033744640,1,0,1691170709.49
WithPD,58,1691170709428001792,22.0,49.0,1691170705033744640,1,0,1691170710.02
WithPD,59,1691170709977809664,22.0,49.0,1691170705033744640,1,0,1691170710.59
WithPD,60,1691170710524862208,22.0,49.0,1691170705033744640,1,0,1691170711.12
WithPD,61,1691170711074147072,22.0,49.0,1691170705033744640,1,0,1691170711.69
WithPD,62,1691170711624002048,22.0,49.0,1691170705033744640,1,0,1691170712.22
WithPD,63,1691170712170879232,22.0,49.0,1691170705033744640,1,0,1691170712.79
WithPD,64,1691170712720346368,22.0,49.0,1691170705033744640,1,0,1691170713.29
WithPD,65,1691170713269668352,22.0,49.0,1691170713269668352,0,0,1691170713.87
WithPD,66,1691170713816897024,22.0,49.0,1691170713269668352,1,0,1691170714.41
WithPD,67,1691170714369491200,22.0,49.0,1691170713269668352,1,0,1691170714.98
WithPD,68,1691170714919231232,22.0,49.0,1691170713269668352,1,0,1691170715.52
WithPD,69,1691170715465875200,22.0,49.0,1691170713269668352,1,0,1691170716.09
WithPD,70,1691170716015723776,22.0,49.0,1691170713269668352,1,0,1691170716.61
WithPD,71,1691170716564918528,22.0,49.0,1691170716564918528,0,0,1691170717.16
WithPD,72,1691170717111926016,22.0,49.0,1691170716564918528,1,0,1691170717.72
WithPD,73,1691170717661079808,22.0,49.0,1691170716564918528,1,0,1691170718.27
WithPD,74,1691170718210714368,22.0,49.0,1691170716564918528,1,0,1691170718.82
WithPD,75,1691170718763742976,22.0,49.0,1691170716564918528,1,0,1691170719.37
WithPD,76,1691170719313023488,22.0,49.0,1691170716564918528,1,0,1691170719.92
WithPD,76,1691170719313023488,22.0,49.0,1691170716564918528,1,0,1691170722.09
WithPD,77,1691170719862501888,22.0,49.0,1691170719862501888,0,0,1691170722.36
WithPD,78,1691170720409842176,22.0,49.0,1691170719862501888,1,0,1691170722.69
WithPD,79,1691170720959422720,22.0,49.0,1691170719862501888,1,0,1691170722.96
WithPD,80,1691170721508642304,22.0,49.0,1691170719862501888,1,0,1691170723.28
WithPD,81,1691170722055398912,22.0,49.0,1691170719862501888,1,0,1691170723.59
WithPD,82,1691170722604999936,22.0,49.0,1691170719862501888,1,0,1691170723.9
WithPD,83,1691170723155183872,22.0,49.0,1691170719862501888,1,0,1691170724.22
WithPD,84,1691170723701940480,22.0,49.0,1691170719862501888,1,0,1691170724.53
WithPD,85,1691170724251393280,22.0,49.0,1691170719862501888,1,0,1691170724.86
WithPD,86,1691170724800653312,22.0,49.0,1691170719862501888,1,0,1691170725.39
WithPD,88,1691170725897393152,22.0,49.0,1691170719862501888,1,0,1691170726.49
WithPD,89,1691170726446904832,22.0,49.0,1691170719862501888,1,0,1691170727.05
WithPD,90,1691170726994062080,22.0,49.0,1691170719862501888,1,0,1691170727.61
WithPD,91,1691170727543345920,22.0,49.0,1691170719862501888,1,0,1691170728.15
WithPD,92,1691170728092617984,22.0,49.0,1691170719862501888,1,0,1691170728.7
WithPD,93,1691170728645681152,22.0,49.0,1691170719862501888,1,0,1691170729.24
WithPD,94,1691170729194992128,22.0,49.0,1691170719862501888,1,0,1691170729.79
WithPD,95,1691170729744248320,22.0,49.0,1691170729744248320,0,0,1691170730.35
WithPD,96,1691170730290979584,22.0,49.0,1691170729744248320,1,0,1691170730.89
WithPD,97,1691170730840169728,22.0,49.0,1691170729744248320,1,0,1691170731.44
WithPD,98,1691170731389729280,22.0,49.0,1691170729744248320,1,0,1691170731.99
WithPD,99,1691170731936590848,22.0,49.0,1691170729744248320,1,0,1691170732.54
WithPD,101,1691170733035426816,22.0,49.0,1691170733035426816,0,0,1691170733.62
WithPD,102,1691170733582871552,22.0,49.0,1691170733035426816,1,0,1691170734.17
WithPD,103,1691170734132395520,22.0,49.0,1691170733035426816,1,0,1691170734.74
WithPD,103,1691170734132395520,22.0,49.0,1691170733035426816,1,0,1691170736.86
WithPD,104,1691170734681794048,22.0,49.0,1691170733035426816,1,0,1691170737.14
WithPD,105,1691170735235024128,22.0,49.0,1691170733035426816,1,0,1691170737.47
WithPD,106,1691170735784229632,22.0,49.0,1691170733035426816,1,0,1691170737.76
WithPD,107,1691170736333825536,22.0,49.0,1691170733035426816,1,0,1691170738.12
WithPD,108,1691170736886970880,22.0,49.0,1691170733035426816,1,0,1691170738.43
WithPD,109,1691170737436148480,22.0,49.0,1691170733035426816,1,0,1691170738.74
WithPD,110,1691170737985473024,22.0,49.0,1691170733035426816,1,0,1691170738.98
WithPD,111,1691170738532491008,22.0,49.0,1691170733035426816,1,0,1691170739.26
WithPD,113,1691170739631162880,22.0,49.0,1691170733035426816,1,0,1691170740.24
WithPD,114,1691170740184379904,22.0,49.0,1691170733035426816,1,0,1691170740.8
WithPD,115,1691170740733601792,22.0,49.0,1691170733035426816,1,0,1691170741.33
WithPD,116,1691170741283305216,22.0,49.0,1691170741283305216,0,0,1691170741.88
WithPD,117,1691170741830685952,22.0,49.0,1691170741283305216,1,0,1691170742.44
WithPD,118,1691170742379649536,22.0,49.0,1691170741283305216,1,0,1691170742.97
WithPD,119,1691170742929148416,22.0,49.0,1691170741283305216,1,0,1691170743.53
WithPD,120,1691170743476164096,22.0,49.0,1691170741283305216,1,0,1691170744.06
WithPD,121,1691170744025493248,22.0,49.0,1691170741283305216,1,0,1691170744.63
WithPD,122,1691170744575604480,22.0,49.0,1691170741283305216,1,0,1691170745.19
WithPD,123,1691170745128744704,22.0,49.0,1691170741283305216,1,0,1691170745.74
WithPD,124,1691170745678491392,22.0,49.0,1691170741283305216,1,0,1691170746.27
WithPD,125,1691170746228228608,22.0,49.0,1691170746228228608,0,0,1691170746.83
WithPD,126,1691170746774902016,22.0,49.0,1691170746228228608,1,0,1691170747.36
WithPD,127,1691170747324204544,22.0,49.0,1691170746228228608,1,0,1691170747.93
WithPD,128,1691170747873735680,22.0,49.0,1691170747873735680,0,0,1691170748.48
WithPD,129,1691170748420773632,22.0,49.0,1691170747873735680,1,0,1691170749.01
WithPD,129,1691170748420773632,22.0,49.0,1691170747873735680,1,0,1691170751.15
WithPD,130,1691170748970014976,22.0,49.0,1691170747873735680,1,0,1691170751.46
WithPD,131,1691170749519405824,22.0,49.0,1691170747873735680,1,0,1691170751.78
WithPD,132,1691170750073556224,22.0,49.0,1691170747873735680,1,0,1691170752.05
WithPD,133,1691170750623456256,22.0,49.0,1691170747873735680,1,0,1691170752.35
WithPD,134,1691170751172725248,22.0,49.0,1691170751172725248,0,0,1691170752.64
WithPD,135,1691170751719468544,22.0,49.0,1691170751172725248,1,0,1691170752.94
WithPD,136,1691170752268771072,22.0,49.0,1691170751172725248,1,0,1691170753.22
WithPD,137,1691170752818217472,22.0,49.0,1691170751172725248,1,0,1691170753.55
WithPD,138,1691170753365074688,22.0,49.0,1691170751172725248,1,0,1691170753.95
WithPD,139,1691170753914658560,22.0,49.0,1691170751172725248,1,0,1691170754.51
WithPD,140,1691170754464087808,22.0,49.0,1691170751172725248,1,0,1691170755.06
WithPD,141,1691170755010726400,22.0,49.0,1691170751172725248,1,0,1691170755.61
WithPD,142,1691170755560004608,22.0,49.0,1691170751172725248,1,0,1691170756.16
WithPD,143,1691170756109187584,22.0,49.0,1691170751172725248,1,0,1691170756.71
WithPD,144,1691170756662471680,22.0,49.0,1691170751172725248,1,0,1691170757.27
WithPD,145,1691170757212224256,22.0,49.0,1691170751172725248,1,0,1691170757.82
WithPD,146,1691170757761525248,22.0,49.0,1691170751172725248,1,0,1691170758.36
WithPD,147,1691170758308535040,22.0,49.0,1691170751172725248,1,0,1691170758.91
WithPD,148,1691170758857772544,22.0,49.0,1691170751172725248,1,0,1691170759.45
WithPD,149,1691170759407110656,22.0,49.0,1691170759407110656,0,0,1691170759.99
WithPD,150,1691170759953937408,22.0,49.0,1691170759407110656,1,0,1691170760.56
WithPD,151,1691170760503549440,22.0,49.0,1691170759407110656,1,0,1691170761.1
WithPD,152,1691170761052704256,22.0,49.0,1691170759407110656,1,0,1691170761.66
WithPD,153,1691170761605638656,22.0,49.0,1691170759407110656,1,0,1691170762.19
WithPD,153,1691170761605638656,22.0,49.0,1691170759407110656,1,0,1691170763.84
WithPD,154,1691170762155231744,22.0,49.0,1691170759407110656,1,0,1691170764.11
WithPD,155,1691170762704422400,22.0,49.0,1691170759407110656,1,0,1691170764.4
WithPD,156,1691170763251099904,22.0,49.0,1691170759407110656,1,0,1691170764.71
WithPD,157,1691170763800653824,22.0,49.0,1691170759407110656,1,0,1691170765.02
WithPD,158,1691170764350331904,22.0,49.0,1691170759407110656,1,0,1691170765.31
WithPD,159,1691170764904028416,22.0,49.0,1691170759407110656,1,0,1691170765.63
WithPD,160,1691170765453245952,22.0,49.0,1691170759407110656,1,0,1691170766.06
WithPD,161,1691170766002814976,22.0,49.0,1691170759407110656,1,0,1691170766.6
WithPD,162,1691170766555821312,22.0,49.0,1691170759407110656,1,0,1691170767.15
WithPD,163,1691170767104989696,22.0,49.0,1691170759407110656,1,0,1691170767.7
WithPD,164,1691170767654353664,22.0,49.0,1691170759407110656,1,0,1691170768.26
WithPD,165,1691170768207635968,22.0,49.0,1691170759407110656,1,0,1691170768.81
WithPD,166,1691170768756850688,22.0,49.0,1691170759407110656,1,0,1691170769.36
WithPD,167,1691170769306484480,22.0,49.0,1691170769306484480,0,0,1691170769.91
WithPD,168,1691170769853859072,22.0,49.0,1691170769306484480,1,0,1691170770.45
WithPD,169,1691170770403332352,22.0,49.0,1691170769306484480,1,0,1691170771.0
WithPD,170,1691170770952664064,22.0,49.0,1691170769306484480,1,0,1691170771.56
WithPD,171,1691170771499411712,22.0,49.0,1691170769306484480,1,0,1691170772.1
WithPD,172,1691170772049220608,22.0,49.0,1691170769306484480,1,0,1691170772.64
WithPD,173,1691170772598712320,22.0,49.0,1691170769306484480,1,0,1691170773.2
WithPD,174,1691170773145431040,22.0,49.0,1691170769306484480,1,0,1691170773.75
WithPD,175,1691170773694938368,22.0,49.0,1691170769306484480,1,0,1691170774.3
WithPD,176,1691170774244293632,22.0,49.0,1691170769306484480,1,0,1691170774.84
WithPD,177,1691170774791169536,22.0,49.0,1691170769306484480,1,0,1691170775.38
WithPD,178,1691170775341024512,22.0,49.0,1691170769306484480,1,0,1691170775.94
WithPD,179,1691170775890637824,22.0,49.0,1691170769306484480,1,0,1691170776.5
WithPD,180,1691170776437886720,22.0,49.0,1691170769306484480,1,0,1691170777.04
WithPD,181,1691170776987309824,22.0,49.0,1691170769306484480,1,0,1691170777.58
WithPD,182,1691170777536716032,22.0,49.0,1691170769306484480,1,0,1691170778.13
WithPD,183,1691170778083469312,22.0,49.0,1691170769306484480,1,0,1691170778.68
WithPD,185,1691170779183175680,22.0,49.0,1691170769306484480,1,0,1691170779.78
WithPD,186,1691170779729947392,22.0,49.0,1691170769306484480,1,0,1691170780.34
WithPD,187,1691170780279554560,22.0,49.0,1691170769306484480,1,0,1691170780.89
WithPD,188,1691170780829096960,22.0,49.0,1691170769306484480,1,0,1691170781.43
WithPD,189,1691170781382388736,22.0,49.0,1691170769306484480,1,0,1691170781.99
WithPD,190,1691170781931778304,22.0,49.0,1691170769306484480,1,0,1691170782.55
WithPD,191,1691170782480853504,22.0,49.0,1691170782480853504,0,0,1691170783.09
WithPD,192,1691170783028192000,22.0,49.0,1691170782480853504,1,0,1691170783.63
WithPD,193,1691170783577783040,22.0,49.0,1691170782480853504,1,0,1691170784.18
WithPD,194,1691170784127699968,22.0,49.0,1691170782480853504,1,0,1691170784.73
WithPD,195,1691170784680963072,22.0,49.0,1691170782480853504,1,0,1691170785.28
WithPD,196,1691170785230348288,22.0,49.0,1691170782480853504,1,0,1691170785.83
WithPD,197,1691170785779640576,22.0,49.0,1691170782480853504,1,0,1691170786.38
WithPD,198,1691170786326238976,22.0,49.0,1691170782480853504,1,0,1691170786.94
WithPD,199,1691170786875543296,22.0,49.0,1691170782480853504,1,0,1691170787.46
WithPD,200,1691170787425174528,22.0,49.0,1691170782480853504,1,0,1691170788.01
WithPD,201,1691170787972178944,22.0,49.0,1691170782480853504,1,0,1691170788.58
WithPD,202,1691170788521413632,22.0,49.0,1691170782480853504,1,0,1691170789.13
WithPD,203,1691170789070935296,22.0,49.0,1691170782480853504,1,0,1691170789.67
WithPD,204,1691170789617570816,22.0,49.0,1691170782480853504,1,0,1691170790.21
WithPD,205,1691170790167063040,22.0,49.0,1691170782480853504,1,0,1691170790.77
WithPD,206,1691170790716524544,22.0,49.0,1691170782480853504,1,0,1691170791.32
WithPD,207,1691170791263234304,22.0,49.0,1691170782480853504,1,0,1691170791.86
WithPD,208,1691170791812754944,22.0,49.0,1691170782480853504,1,0,1691170792.42
WithPD,209,1691170792362307584,22.0,49.0,1691170792362307584,0,0,1691170792.97
WithPD,210,1691170792909284608,22.0,49.0,1691170792362307584,1,0,1691170793.51
