WithPD,0,1691692509321686528,0,0,0,1,1,1691692512.03
WithPD,1,1691692509971372544,0,0,0,1,1,1691692512.35
WithPD,2,1691692510524136192,0,0,0,1,1,1691692512.66
WithPD,3,1691692511082186752,22.0,50.0,1691692511082186752,0,0,1691692512.98
WithPD,4,1691692511629160960,22.0,50.0,1691692511082186752,1,0,1691692513.34
WithPD,5,1691692512178950656,22.0,50.0,1691692511082186752,1,0,1691692513.67
WithPD,6,1691692512728201216,22.0,50.0,1691692511082186752,1,0,1691692514.02
WithPD,7,1691692513275537152,22.0,50.0,1691692511082186752,1,0,1691692514.35
WithPD,8,1691692513825790208,22.0,50.0,1691692511082186752,1,0,1691692514.73
WithPD,9,1691692514375068672,22.0,50.0,1691692514375068672,0,0,1691692515.13
WithPD,10,1691692514921974784,22.0,50.0,1691692514375068672,1,0,1691692515.54
WithPD,11,1691692515471385600,22.0,50.0,1691692514375068672,1,0,1691692516.07
WithPD,12,1691692516022483456,22.0,50.0,1691692514375068672,1,0,1691692516.63
WithPD,13,1691692516569455872,22.0,50.0,1691692514375068672,1,0,1691692517.15
WithPD,14,1691692517118663168,22.0,50.0,1691692514375068672,1,0,1691692517.72
WithPD,15,1691692517668076544,22.0,50.0,1691692514375068672,1,0,1691692518.26
WithPD,16,1691692518215160832,22.0,50.0,1691692514375068672,1,0,1691692518.83
WithPD,17,1691692518764470784,22.0,50.0,1691692514375068672,1,0,1691692519.36
WithPD,18,1691692519314662656,22.0,50.0,1691692519314662656,0,0,1691692519.92
WithPD,19,1691692519861565952,22.0,50.0,1691692519314662656,1,0,1691692520.45
WithPD,20,1691692520410849280,22.0,50.0,1691692519314662656,1,0,1691692521.01
WithPD,21,1691692520960095744,22.0,50.0,1691692520960095744,0,0,1691692521.56
WithPD,22,1691692521507357696,22.0,50.0,1691692520960095744,1,0,1691692522.11
WithPD,23,1691692522056827648,22.0,50.0,1691692520960095744,1,0,1691692522.65
WoutPD,0,This_is_noise_node0,1691692522.84
WoutPD,1,This_is_noise_node1,1691692522.87
WoutPD,2,This_is_noise_node2,1691692522.9
WoutPD,3,This_is_noise_node3,1691692522.92
WoutPD,4,This_is_noise_node4,1691692522.96
WoutPD,5,This_is_noise_node5,1691692522.98
WoutPD,6,This_is_noise_node6,1691692523.02
WoutPD,7,This_is_noise_node7,1691692523.04
WoutPD,8,This_is_noise_node8,1691692523.07
WoutPD,9,This_is_noise_node9,1691692523.1
WoutPD,10,This_is_noise_node10,1691692523.12
WoutPD,11,This_is_noise_node11,1691692523.15
WoutPD,12,This_is_noise_node12,1691692523.18
WoutPD,13,This_is_noise_node13,1691692523.21
WoutPD,14,This_is_noise_node14,1691692523.24
WoutPD,15,This_is_noise_node15,1691692523.27
WoutPD,16,This_is_noise_node16,1691692523.3
WoutPD,17,This_is_noise_node17,1691692523.33
WoutPD,18,This_is_noise_node18,1691692523.35
WithPD,24,1691692522606258176,22.0,50.0,1691692520960095744,1,0,1691692523.38
WoutPD,20,This_is_noise_node20,1691692523.41
WoutPD,21,This_is_noise_node21,1691692523.45
WoutPD,22,This_is_noise_node22,1691692523.47
WoutPD,23,This_is_noise_node23,1691692523.5
WoutPD,24,This_is_noise_node24,1691692523.54
WoutPD,26,This_is_noise_node26,1691692523.58
WoutPD,28,This_is_noise_node28,1691692523.59
WoutPD,29,This_is_noise_node29,1691692523.64
WoutPD,31,This_is_noise_node31,1691692523.66
WoutPD,32,This_is_noise_node32,1691692523.7
WoutPD,33,This_is_noise_node33,1691692523.73
WoutPD,34,This_is_noise_node34,1691692523.76
WoutPD,37,This_is_noise_node37,1691692523.8
WoutPD,38,This_is_noise_node38,1691692523.8
WoutPD,39,This_is_noise_node39,1691692523.84
WoutPD,40,This_is_noise_node40,1691692523.87
WoutPD,42,This_is_noise_node42,1691692523.89
WoutPD,43,This_is_noise_node43,1691692523.92
WoutPD,46,This_is_noise_node46,1691692523.97
WoutPD,47,This_is_noise_node47,1691692523.99
WoutPD,48,This_is_noise_node48,1691692524.02
WithPD,24,1691692522606258176,22.0,50.0,1691692520960095744,1,0,1691692525.35
WithPD,25,1691692523159960576,22.0,50.0,1691692520960095744,1,0,1691692525.7
WithPD,26,1691692523709607936,22.0,50.0,1691692520960095744,1,0,1691692526.02
WithPD,27,1691692524258866432,22.0,50.0,1691692520960095744,1,0,1691692526.32
WithPD,28,1691692524812057344,22.0,50.0,1691692520960095744,1,0,1691692526.65
WithPD,29,1691692525362284800,22.0,50.0,1691692520960095744,1,0,1691692526.95
WithPD,30,1691692525911497472,22.0,50.0,1691692520960095744,1,0,1691692527.29
WithPD,31,1691692526458485248,22.0,50.0,1691692520960095744,1,0,1691692527.66
WithPD,32,1691692527008410624,22.0,50.0,1691692520960095744,1,0,1691692527.98
WithPD,33,1691692527557951744,22.0,50.0,1691692520960095744,1,0,1691692528.34
WithPD,34,1691692528111299072,22.0,50.0,1691692520960095744,1,0,1691692528.74
WithPD,35,1691692528660667904,22.0,50.0,1691692520960095744,1,0,1691692529.25
WithPD,37,1691692529763681024,22.0,50.0,1691692520960095744,1,0,1691692530.36
WithPD,38,1691692530313306880,22.0,50.0,1691692520960095744,1,0,1691692530.92
WithPD,39,1691692530862884352,22.0,50.0,1691692520960095744,1,0,1691692531.46
WithPD,40,1691692531410004736,22.0,50.0,1691692520960095744,1,0,1691692532.01
WithPD,41,1691692531959249920,22.0,50.0,1691692520960095744,1,0,1691692532.56
WithPD,42,1691692532508792576,22.0,50.0,1691692520960095744,1,0,1691692533.1
WithPD,43,1691692533055952384,22.0,50.0,1691692520960095744,1,0,1691692533.67
WithPD,43,1691692533055952384,22.0,50.0,1691692520960095744,1,0,1691692535.79
WithPD,44,1691692533605484032,22.0,50.0,1691692520960095744,1,0,1691692536.1
WithPD,45,1691692534154909440,22.0,50.0,1691692520960095744,1,0,1691692536.43
WithPD,46,1691692534701765376,22.0,50.0,1691692520960095744,1,0,1691692536.71
WoutPD,51,This_is_noise_node51,1691692536.87
WoutPD,52,This_is_noise_node52,1691692536.92
WoutPD,53,This_is_noise_node53,1691692536.94
WoutPD,54,This_is_noise_node54,1691692536.97
WoutPD,55,This_is_noise_node55,1691692537.0
WoutPD,56,This_is_noise_node56,1691692537.03
WoutPD,57,This_is_noise_node57,1691692537.06
WoutPD,58,This_is_noise_node58,1691692537.08
WoutPD,59,This_is_noise_node59,1691692537.11
WoutPD,60,This_is_noise_node60,1691692537.14
WoutPD,65,This_is_noise_node65,1691692537.21
WoutPD,66,This_is_noise_node66,1691692537.24
WoutPD,67,This_is_noise_node67,1691692537.28
WoutPD,68,This_is_noise_node68,1691692537.31
WoutPD,69,This_is_noise_node69,1691692537.34
WoutPD,70,This_is_noise_node70,1691692537.37
WoutPD,71,This_is_noise_node71,1691692537.39
WoutPD,72,This_is_noise_node72,1691692537.42
WoutPD,73,This_is_noise_node73,1691692537.44
WoutPD,74,This_is_noise_node74,1691692537.47
WoutPD,75,This_is_noise_node75,1691692537.51
WoutPD,76,This_is_noise_node76,1691692537.54
WoutPD,77,This_is_noise_node77,1691692537.55
WoutPD,78,This_is_noise_node78,1691692537.59
WoutPD,79,This_is_noise_node79,1691692537.62
WoutPD,80,This_is_noise_node80,1691692537.66
WoutPD,81,This_is_noise_node81,1691692537.69
WoutPD,82,This_is_noise_node82,1691692537.69
WoutPD,83,This_is_noise_node83,1691692537.73
WoutPD,85,This_is_noise_node85,1691692537.76
WoutPD,86,This_is_noise_node86,1691692537.79
WoutPD,87,This_is_noise_node87,1691692537.82
WoutPD,88,This_is_noise_node88,1691692537.85
WoutPD,90,This_is_noise_node90,1691692537.88
WoutPD,91,This_is_noise_node91,1691692537.91
WoutPD,92,This_is_noise_node92,1691692537.91
WoutPD,93,This_is_noise_node93,1691692537.96
WoutPD,96,This_is_noise_node96,1691692538.0
WoutPD,97,This_is_noise_node97,1691692538.03
WoutPD,99,This_is_noise_node99,1691692538.06
WoutPD,100,This_is_noise_node100,1691692538.08
WoutPD,101,This_is_noise_node101,1691692538.12
WoutPD,102,This_is_noise_node102,1691692538.14
WoutPD,103,This_is_noise_node103,1691692538.17
WoutPD,104,This_is_noise_node104,1691692538.18
WoutPD,107,This_is_noise_node107,1691692538.22
WoutPD,108,This_is_noise_node108,1691692538.25
WoutPD,109,This_is_noise_node109,1691692538.27
WoutPD,110,This_is_noise_node110,1691692538.31
WoutPD,112,This_is_noise_node112,1691692538.33
WoutPD,113,This_is_noise_node113,1691692538.36
WoutPD,115,This_is_noise_node115,1691692538.4
WoutPD,116,This_is_noise_node116,1691692538.43
WoutPD,118,This_is_noise_node118,1691692538.46
WoutPD,119,This_is_noise_node119,1691692538.49
WoutPD,122,This_is_noise_node122,1691692538.5
WoutPD,124,This_is_noise_node124,1691692538.55
WoutPD,125,This_is_noise_node125,1691692538.57
WoutPD,127,This_is_noise_node127,1691692538.62
WoutPD,128,This_is_noise_node128,1691692538.64
WoutPD,129,This_is_noise_node129,1691692538.67
WoutPD,130,This_is_noise_node130,1691692538.68
WoutPD,132,This_is_noise_node132,1691692538.71
WoutPD,133,This_is_noise_node133,1691692538.75
WoutPD,136,This_is_noise_node136,1691692538.79
WoutPD,137,This_is_noise_node137,1691692538.82
WoutPD,138,This_is_noise_node138,1691692538.82
WoutPD,139,This_is_noise_node139,1691692538.85
WoutPD,140,This_is_noise_node140,1691692538.9
WoutPD,141,This_is_noise_node141,1691692538.93
WoutPD,143,This_is_noise_node143,1691692538.95
WoutPD,144,This_is_noise_node144,1691692538.98
WoutPD,146,This_is_noise_node146,1691692538.98
WoutPD,147,This_is_noise_node147,1691692539.03
WoutPD,149,This_is_noise_node149,1691692539.06
WithPD,47,1691692535250970368,22.0,50.0,1691692520960095744,1,0,1691692539.23
WithPD,48,1691692535800309504,22.0,50.0,1691692520960095744,1,0,1691692539.5
WithPD,49,1691692536347425024,22.0,50.0,1691692520960095744,1,0,1691692539.82
WithPD,50,1691692536896534528,22.0,50.0,1691692520960095744,1,0,1691692540.11
WithPD,51,1691692537445941248,22.0,50.0,1691692520960095744,1,0,1691692540.47
WithPD,52,1691692537992950272,22.0,50.0,1691692520960095744,1,0,1691692540.79
WithPD,53,1691692538542354432,22.0,50.0,1691692520960095744,1,0,1691692541.08
WithPD,54,1691692539091574016,22.0,50.0,1691692520960095744,1,0,1691692541.42
WithPD,55,1691692539638628352,22.0,50.0,1691692520960095744,1,0,1691692541.73
WithPD,56,1691692540188029440,22.0,50.0,1691692520960095744,1,0,1691692542.03
WithPD,57,1691692540737510656,22.0,50.0,1691692520960095744,1,0,1691692542.35
WithPD,58,1691692541284442112,22.0,50.0,1691692520960095744,1,0,1691692542.67
WithPD,59,1691692541833779968,22.0,50.0,1691692520960095744,1,0,1691692543.01
WithPD,60,1691692542383092992,22.0,50.0,1691692520960095744,1,0,1691692543.37
WithPD,61,1691692542936200960,22.0,50.0,1691692520960095744,1,0,1691692543.72
WithPD,62,1691692543485662720,22.0,50.0,1691692520960095744,1,0,1691692544.09
WithPD,63,1691692544035268864,22.0,50.0,1691692520960095744,1,0,1691692544.63
WithPD,64,1691692544588579328,22.0,50.0,1691692520960095744,1,0,1691692545.18
WithPD,65,1691692545138028288,22.0,50.0,1691692520960095744,1,0,1691692545.73
WithPD,66,1691692545687517184,22.0,49.0,1691692545687517184,0,0,1691692546.27
WithPD,67,1691692546234426368,22.0,49.0,1691692545687517184,1,0,1691692546.84
WithPD,68,1691692546783712512,22.0,49.0,1691692545687517184,1,0,1691692547.37
WithPD,69,1691692547333328896,22.0,49.0,1691692545687517184,1,0,1691692547.94
WithPD,70,1691692547886398464,22.0,49.0,1691692545687517184,1,0,1691692548.48
WithPD,71,1691692548435761664,22.0,49.0,1691692545687517184,1,0,1691692549.03
WithPD,72,1691692548985564672,22.0,49.0,1691692548985564672,0,0,1691692549.58
WithPD,73,1691692549533461248,22.0,49.0,1691692548985564672,1,0,1691692550.14
WithPD,74,1691692550082689792,22.0,49.0,1691692548985564672,1,0,1691692550.69
WithPD,75,1691692550631966464,22.0,50.0,1691692550631966464,0,0,1691692551.23
WithPD,76,1691692551179252736,22.0,50.0,1691692550631966464,1,0,1691692551.76
WithPD,77,1691692551729193472,22.0,50.0,1691692550631966464,1,0,1691692552.32
WithPD,78,1691692552278425600,22.0,50.0,1691692550631966464,1,0,1691692552.87
WoutPD,151,This_is_noise_node151,1691692552.92
WoutPD,152,This_is_noise_node152,1691692552.95
WoutPD,153,This_is_noise_node153,1691692552.99
WoutPD,154,This_is_noise_node154,1691692553.01
WoutPD,155,This_is_noise_node155,1691692553.04
WoutPD,156,This_is_noise_node156,1691692553.07
WoutPD,157,This_is_noise_node157,1691692553.1
WoutPD,158,This_is_noise_node158,1691692553.12
WoutPD,159,This_is_noise_node159,1691692553.13
WoutPD,160,This_is_noise_node160,1691692553.17
WoutPD,161,This_is_noise_node161,1691692553.19
WoutPD,162,This_is_noise_node162,1691692553.23
WoutPD,163,This_is_noise_node163,1691692553.26
WoutPD,164,This_is_noise_node164,1691692553.27
WoutPD,165,This_is_noise_node165,1691692553.31
WoutPD,166,This_is_noise_node166,1691692553.36
WoutPD,167,This_is_noise_node167,1691692553.38
WoutPD,168,This_is_noise_node168,1691692553.42
WoutPD,169,This_is_noise_node169,1691692553.43
WoutPD,170,This_is_noise_node170,1691692553.46
WoutPD,171,This_is_noise_node171,1691692553.49
WoutPD,172,This_is_noise_node172,1691692553.52
WoutPD,173,This_is_noise_node173,1691692553.55
WoutPD,175,This_is_noise_node175,1691692553.57
WoutPD,176,This_is_noise_node176,1691692553.61
WoutPD,177,This_is_noise_node177,1691692553.63
WoutPD,178,This_is_noise_node178,1691692553.67
WoutPD,179,This_is_noise_node179,1691692553.7
WoutPD,180,This_is_noise_node180,1691692553.73
WoutPD,183,This_is_noise_node183,1691692553.77
WoutPD,186,This_is_noise_node186,1691692553.81
WoutPD,187,This_is_noise_node187,1691692553.85
WoutPD,189,This_is_noise_node189,1691692553.87
WoutPD,192,This_is_noise_node192,1691692553.92
WoutPD,193,This_is_noise_node193,1691692553.94
WoutPD,194,This_is_noise_node194,1691692553.98
WoutPD,197,This_is_noise_node197,1691692554.01
WoutPD,199,This_is_noise_node199,1691692554.05
WithPD,78,1691692552278425600,22.0,50.0,1691692550631966464,1,0,1691692555.0
WithPD,79,1691692552831859456,22.0,50.0,1691692550631966464,1,0,1691692555.3
WithPD,80,1691692553381412608,22.0,50.0,1691692550631966464,1,0,1691692555.61
WithPD,81,1691692553931067648,22.0,49.0,1691692553931067648,0,0,1691692555.92
WithPD,82,1691692554477900544,22.0,49.0,1691692553931067648,1,0,1691692556.27
WithPD,83,1691692555027181312,22.0,49.0,1691692553931067648,1,0,1691692556.59
WithPD,84,1691692555576539904,22.0,49.0,1691692553931067648,1,0,1691692556.91
WithPD,85,1691692556123112448,22.0,49.0,1691692553931067648,1,0,1691692557.28
WithPD,86,1691692556672443648,22.0,49.0,1691692553931067648,1,0,1691692557.62
WithPD,87,1691692557221920256,22.0,49.0,1691692553931067648,1,0,1691692557.99
WithPD,88,1691692557774884096,22.0,49.0,1691692553931067648,1,0,1691692558.37
WithPD,89,1691692558324175872,22.0,49.0,1691692553931067648,1,0,1691692558.94
WithPD,90,1691692558873710336,22.0,49.0,1691692553931067648,1,0,1691692559.48
WithPD,91,1691692559426879744,22.0,49.0,1691692553931067648,1,0,1691692560.03
WithPD,92,1691692559976187136,22.0,49.0,1691692553931067648,1,0,1691692560.58
WithPD,93,1691692560525503488,22.0,49.0,1691692553931067648,1,0,1691692561.12
WithPD,95,1691692561621798144,22.0,49.0,1691692553931067648,1,0,1691692562.22
WithPD,96,1691692562171121664,22.0,49.0,1691692562171121664,0,0,1691692562.77
WithPD,97,1691692562718606080,22.0,49.0,1691692562171121664,1,0,1691692563.32
WithPD,98,1691692563267771136,22.0,49.0,1691692562171121664,1,0,1691692563.86
WithPD,99,1691692563817358592,22.0,49.0,1691692562171121664,1,0,1691692564.41
WithPD,100,1691692564364259328,22.0,49.0,1691692562171121664,1,0,1691692564.96
WithPD,101,1691692564913763584,22.0,49.0,1691692562171121664,1,0,1691692565.51
WithPD,102,1691692565463005952,22.0,49.0,1691692565463005952,0,0,1691692566.06
WithPD,102,1691692565463005952,22.0,49.0,1691692565463005952,0,0,1691692568.2
WithPD,103,1691692566009829376,22.0,49.0,1691692565463005952,1,0,1691692568.51
WithPD,104,1691692566559082752,22.0,49.0,1691692565463005952,1,0,1691692568.81
WithPD,105,1691692567108202496,22.0,49.0,1691692567108202496,0,0,1691692569.11
WithPD,106,1691692567655298816,22.0,49.0,1691692567108202496,1,0,1691692569.42
WithPD,107,1691692568204449536,22.0,49.0,1691692567108202496,1,0,1691692569.77
WithPD,108,1691692568754587136,22.0,49.0,1691692568754587136,0,0,1691692570.07
WithPD,109,1691692569301601792,22.0,49.0,1691692568754587136,1,0,1691692570.42
WithPD,110,1691692569850841088,22.0,49.0,1691692568754587136,1,0,1691692570.78
WithPD,111,1691692570400647168,22.0,49.0,1691692570400647168,0,0,1691692571.15
WithPD,113,1691692571497171712,22.0,49.0,1691692570400647168,1,0,1691692572.09
WithPD,114,1691692572046772736,22.0,49.0,1691692570400647168,1,0,1691692572.65
WithPD,115,1691692572600290048,22.0,49.0,1691692570400647168,1,0,1691692573.19
WithPD,116,1691692573149708544,22.0,49.0,1691692570400647168,1,0,1691692573.75
WithPD,117,1691692573698957312,22.0,49.0,1691692573698957312,0,0,1691692574.3
WithPD,118,1691692574246708224,22.0,49.0,1691692573698957312,1,0,1691692574.84
WithPD,119,1691692574795952896,22.0,49.0,1691692573698957312,1,0,1691692575.4
WithPD,120,1691692575345544192,22.0,49.0,1691692573698957312,1,0,1691692575.94
WithPD,121,1691692575892221440,22.0,49.0,1691692573698957312,1,0,1691692576.48
WithPD,122,1691692576441819392,22.0,49.0,1691692573698957312,1,0,1691692577.04
WithPD,123,1691692576991079168,22.0,49.0,1691692576991079168,0,0,1691692577.6
WithPD,124,1691692577537777664,22.0,49.0,1691692576991079168,1,0,1691692578.13
WithPD,125,1691692578087035904,22.0,49.0,1691692576991079168,1,0,1691692578.69
WithPD,126,1691692578636193280,22.0,49.0,1691692578636193280,0,0,1691692579.23
WithPD,127,1691692579183124480,22.0,49.0,1691692578636193280,1,0,1691692579.78
WithPD,128,1691692579732435712,22.0,49.0,1691692578636193280,1,0,1691692580.34
WithPD,129,1691692580282177280,22.0,49.0,1691692580282177280,0,0,1691692580.88
WithPD,130,1691692580829033984,22.0,49.0,1691692580282177280,1,0,1691692581.41
WithPD,131,1691692581378369536,22.0,49.0,1691692580282177280,1,0,1691692582.0
WithPD,132,1691692581927677184,22.0,49.0,1691692580282177280,1,0,1691692582.53
WithPD,133,1691692582481273088,22.0,49.0,1691692580282177280,1,0,1691692583.09
WithPD,134,1691692583030292992,22.0,49.0,1691692580282177280,1,0,1691692583.63
WoutPD,200,This_is_noise_node200,1691692583.93
WoutPD,201,This_is_noise_node201,1691692583.97
WoutPD,202,This_is_noise_node202,1691692583.98
WoutPD,203,This_is_noise_node203,1691692584.01
WoutPD,204,This_is_noise_node204,1691692584.04
WoutPD,205,This_is_noise_node205,1691692584.07
WoutPD,206,This_is_noise_node206,1691692584.09
WoutPD,207,This_is_noise_node207,1691692584.12
WoutPD,208,This_is_noise_node208,1691692584.15
WoutPD,209,This_is_noise_node209,1691692584.18
WoutPD,210,This_is_noise_node210,1691692584.21
WoutPD,211,This_is_noise_node211,1691692584.25
WoutPD,212,This_is_noise_node212,1691692584.28
WoutPD,216,This_is_noise_node216,1691692584.34
WoutPD,217,This_is_noise_node217,1691692584.37
WoutPD,218,This_is_noise_node218,1691692584.39
WoutPD,219,This_is_noise_node219,1691692584.43
WoutPD,220,This_is_noise_node220,1691692584.45
WoutPD,221,This_is_noise_node221,1691692584.49
WoutPD,222,This_is_noise_node222,1691692584.51
WoutPD,223,This_is_noise_node223,1691692584.54
WoutPD,224,This_is_noise_node224,1691692584.57
WoutPD,225,This_is_noise_node225,1691692584.61
WoutPD,226,This_is_noise_node226,1691692584.62
WoutPD,227,This_is_noise_node227,1691692584.66
WoutPD,228,This_is_noise_node228,1691692584.69
WoutPD,229,This_is_noise_node229,1691692584.71
WoutPD,231,This_is_noise_node231,1691692584.75
WoutPD,234,This_is_noise_node234,1691692584.8
WoutPD,236,This_is_noise_node236,1691692584.83
WoutPD,237,This_is_noise_node237,1691692584.86
WoutPD,239,This_is_noise_node239,1691692584.89
WoutPD,240,This_is_noise_node240,1691692584.92
WoutPD,241,This_is_noise_node241,1691692584.94
WoutPD,242,This_is_noise_node242,1691692584.98
WoutPD,244,This_is_noise_node244,1691692585.01
WoutPD,245,This_is_noise_node245,1691692585.01
WoutPD,246,This_is_noise_node246,1691692585.05
WoutPD,247,This_is_noise_node247,1691692585.07
WoutPD,248,This_is_noise_node248,1691692585.1
WoutPD,249,This_is_noise_node249,1691692585.14
WithPD,135,1691692583579785472,22.0,49.0,1691692583579785472,0,0,1691692585.83
WithPD,136,1691692584126838272,22.0,49.0,1691692583579785472,1,0,1691692586.08
WithPD,137,1691692584676150784,22.0,49.0,1691692583579785472,1,0,1691692586.42
WithPD,138,1691692585225746432,22.0,49.0,1691692585225746432,0,0,1691692586.72
WithPD,139,1691692585773128960,22.0,49.0,1691692585225746432,1,0,1691692587.04
WithPD,140,1691692586322500864,22.0,49.0,1691692585225746432,1,0,1691692587.34
WithPD,141,1691692586871912704,22.0,49.0,1691692586871912704,0,0,1691692587.66
WithPD,142,1691692587419462144,22.0,49.0,1691692586871912704,1,0,1691692588.01
WithPD,143,1691692587968939520,22.0,49.0,1691692586871912704,1,0,1691692588.57
WithPD,144,1691692588518361856,22.0,49.0,1691692586871912704,1,0,1691692589.11
WithPD,145,1691692589065260544,22.0,49.0,1691692586871912704,1,0,1691692589.65
WithPD,146,1691692589614338048,22.0,49.0,1691692586871912704,1,0,1691692590.21
WithPD,147,1691692590163819776,22.0,49.0,1691692586871912704,1,0,1691692590.76
WithPD,148,1691692590710770432,22.0,49.0,1691692586871912704,1,0,1691692591.31
WithPD,149,1691692591260010496,22.0,49.0,1691692586871912704,1,0,1691692591.86
WithPD,150,1691692591809973504,22.0,49.0,1691692586871912704,1,0,1691692592.41
WithPD,152,1691692592906260992,22.0,49.0,1691692586871912704,1,0,1691692593.5
WithPD,153,1691692593455591424,22.0,49.0,1691692586871912704,1,0,1691692594.05
WithPD,154,1691692594002594304,22.0,49.0,1691692586871912704,1,0,1691692594.61
WithPD,155,1691692594551907840,22.0,49.0,1691692586871912704,1,0,1691692595.14
WithPD,156,1691692595101470464,22.0,49.0,1691692586871912704,1,0,1691692595.68
WithPD,157,1691692595648485888,22.0,49.0,1691692586871912704,1,0,1691692596.25
WithPD,158,1691692596197901568,22.0,49.0,1691692586871912704,1,0,1691692596.79
WithPD,159,1691692596747190272,22.0,49.0,1691692586871912704,1,0,1691692597.35
WithPD,160,1691692597300296960,22.0,49.0,1691692586871912704,1,0,1691692597.89
WithPD,161,1691692597849913088,22.0,49.0,1691692586871912704,1,0,1691692598.44
WithPD,162,1691692598399164672,22.0,49.0,1691692598399164672,0,0,1691692598.99
WithPD,163,1691692598946585088,22.0,49.0,1691692598399164672,1,0,1691692599.55
WithPD,164,1691692599496001792,22.0,49.0,1691692598399164672,1,0,1691692600.09
WithPD,165,1691692600045526272,22.0,49.0,1691692598399164672,1,0,1691692600.65
WithPD,166,1691692600598641408,22.0,49.0,1691692598399164672,1,0,1691692601.19
WithPD,167,1691692601147789568,22.0,49.0,1691692598399164672,1,0,1691692601.74
WithPD,168,1691692601697499904,22.0,49.0,1691692598399164672,1,0,1691692602.29
WithPD,169,1691692602244277504,22.0,49.0,1691692598399164672,1,0,1691692602.85
WithPD,170,1691692602793857280,22.0,49.0,1691692598399164672,1,0,1691692603.39
WithPD,171,1691692603343050752,22.0,49.0,1691692598399164672,1,0,1691692603.95
WithPD,172,1691692603896385024,22.0,49.0,1691692598399164672,1,0,1691692604.5
WithPD,173,1691692604445914880,22.0,49.0,1691692598399164672,1,0,1691692605.05
WithPD,174,1691692604995382528,22.0,49.0,1691692598399164672,1,0,1691692605.6
WithPD,175,1691692605542131456,22.0,49.0,1691692598399164672,1,0,1691692606.13
WithPD,176,1691692606091331840,22.0,49.0,1691692598399164672,1,0,1691692606.69
WithPD,177,1691692606640718080,22.0,49.0,1691692598399164672,1,0,1691692607.23
WithPD,178,1691692607187544320,22.0,49.0,1691692598399164672,1,0,1691692607.8
WithPD,179,1691692607737148416,22.0,49.0,1691692598399164672,1,0,1691692608.34
WithPD,180,1691692608286699776,22.0,49.0,1691692598399164672,1,0,1691692608.89
WithPD,181,1691692608840169216,22.0,49.0,1691692598399164672,1,0,1691692609.45
WithPD,182,1691692609389642240,22.0,49.0,1691692598399164672,1,0,1691692609.98
WithPD,183,1691692609939098368,22.0,49.0,1691692609939098368,0,0,1691692610.54
WoutPD,250,This_is_noise_node250,1691692610.94
WoutPD,251,This_is_noise_node251,1691692610.98
WoutPD,252,This_is_noise_node252,1691692611.01
WoutPD,253,This_is_noise_node253,1691692611.04
WoutPD,254,This_is_noise_node254,1691692611.06
WoutPD,255,This_is_noise_node255,1691692611.09
WoutPD,256,This_is_noise_node256,1691692611.12
WithPD,184,1691692610486014976,22.0,49.0,1691692609939098368,1,0,1691692611.16
WoutPD,258,This_is_noise_node258,1691692611.18
WoutPD,259,This_is_noise_node259,1691692611.21
WoutPD,260,This_is_noise_node260,1691692611.25
WoutPD,261,This_is_noise_node261,1691692611.28
WoutPD,262,This_is_noise_node262,1691692611.3
WoutPD,263,This_is_noise_node263,1691692611.33
WoutPD,264,This_is_noise_node264,1691692611.34
WoutPD,265,This_is_noise_node265,1691692611.38
WoutPD,266,This_is_noise_node266,1691692611.41
WoutPD,267,This_is_noise_node267,1691692611.44
WoutPD,268,This_is_noise_node268,1691692611.46
WoutPD,269,This_is_noise_node269,1691692611.5
WoutPD,270,This_is_noise_node270,1691692611.52
WoutPD,271,This_is_noise_node271,1691692611.55
WoutPD,272,This_is_noise_node272,1691692611.58
WoutPD,273,This_is_noise_node273,1691692611.61
WoutPD,274,This_is_noise_node274,1691692611.64
WoutPD,275,This_is_noise_node275,1691692611.67
WoutPD,276,This_is_noise_node276,1691692611.7
WoutPD,277,This_is_noise_node277,1691692611.73
WoutPD,278,This_is_noise_node278,1691692611.76
WoutPD,280,This_is_noise_node280,1691692611.79
WoutPD,281,This_is_noise_node281,1691692611.8
WoutPD,283,This_is_noise_node283,1691692611.84
WoutPD,284,This_is_noise_node284,1691692611.88
WoutPD,286,This_is_noise_node286,1691692611.88
WoutPD,287,This_is_noise_node287,1691692611.91
WoutPD,288,This_is_noise_node288,1691692611.95
WoutPD,290,This_is_noise_node290,1691692611.98
WoutPD,291,This_is_noise_node291,1691692611.99
WoutPD,292,This_is_noise_node292,1691692612.04
WoutPD,294,This_is_noise_node294,1691692612.05
WoutPD,295,This_is_noise_node295,1691692612.09
WoutPD,298,This_is_noise_node298,1691692612.11
WoutPD,299,This_is_noise_node299,1691692612.15
WoutPD,300,This_is_noise_node300,1691692612.18
WoutPD,301,This_is_noise_node301,1691692612.21
WoutPD,304,This_is_noise_node304,1691692612.24
WoutPD,305,This_is_noise_node305,1691692612.28
WoutPD,306,This_is_noise_node306,1691692612.28
WoutPD,307,This_is_noise_node307,1691692612.32
WoutPD,309,This_is_noise_node309,1691692612.35
WoutPD,310,This_is_noise_node310,1691692612.39
WoutPD,312,This_is_noise_node312,1691692612.41
WoutPD,313,This_is_noise_node313,1691692612.44
WoutPD,315,This_is_noise_node315,1691692612.47
WoutPD,316,This_is_noise_node316,1691692612.5
WoutPD,317,This_is_noise_node317,1691692612.53
WoutPD,318,This_is_noise_node318,1691692612.56
WoutPD,320,This_is_noise_node320,1691692612.57
WoutPD,321,This_is_noise_node321,1691692612.6
WoutPD,324,This_is_noise_node324,1691692612.65
WoutPD,325,This_is_noise_node325,1691692612.68
WoutPD,326,This_is_noise_node326,1691692612.71
WoutPD,328,This_is_noise_node328,1691692612.74
WoutPD,329,This_is_noise_node329,1691692612.77
WoutPD,331,This_is_noise_node331,1691692612.8
WoutPD,332,This_is_noise_node332,1691692612.84
WoutPD,334,This_is_noise_node334,1691692612.84
WoutPD,335,This_is_noise_node335,1691692612.88
WoutPD,337,This_is_noise_node337,1691692612.91
WoutPD,340,This_is_noise_node340,1691692612.96
WoutPD,343,This_is_noise_node343,1691692613.01
WoutPD,344,This_is_noise_node344,1691692613.03
WoutPD,345,This_is_noise_node345,1691692613.06
WoutPD,348,This_is_noise_node348,1691692613.08
WoutPD,349,This_is_noise_node349,1691692613.12
WithPD,184,1691692610486014976,22.0,49.0,1691692609939098368,1,0,1691692613.28
WithPD,185,1691692611035320576,22.0,49.0,1691692609939098368,1,0,1691692613.58
WithPD,186,1691692611584826368,22.0,49.0,1691692609939098368,1,0,1691692613.89
WoutPD,354,This_is_noise_node354,1691692614.05
WoutPD,355,This_is_noise_node355,1691692614.08
WoutPD,356,This_is_noise_node356,1691692614.11
WoutPD,357,This_is_noise_node357,1691692614.15
WoutPD,358,This_is_noise_node358,1691692614.17
WoutPD,359,This_is_noise_node359,1691692614.19
WoutPD,360,This_is_noise_node360,1691692614.23
WoutPD,361,This_is_noise_node361,1691692614.25
WoutPD,362,This_is_noise_node362,1691692614.29
WoutPD,363,This_is_noise_node363,1691692614.31
WoutPD,364,This_is_noise_node364,1691692614.34
WoutPD,365,This_is_noise_node365,1691692614.37
WoutPD,366,This_is_noise_node366,1691692614.4
WoutPD,367,This_is_noise_node367,1691692614.43
WoutPD,368,This_is_noise_node368,1691692614.43
WoutPD,369,This_is_noise_node369,1691692614.48
WoutPD,370,This_is_noise_node370,1691692614.51
WoutPD,371,This_is_noise_node371,1691692614.52
WoutPD,372,This_is_noise_node372,1691692614.56
WoutPD,373,This_is_noise_node373,1691692614.59
WoutPD,374,This_is_noise_node374,1691692614.62
WoutPD,375,This_is_noise_node375,1691692614.64
WoutPD,376,This_is_noise_node376,1691692614.68
WoutPD,377,This_is_noise_node377,1691692614.7
WoutPD,378,This_is_noise_node378,1691692614.74
WoutPD,379,This_is_noise_node379,1691692614.76
WoutPD,382,This_is_noise_node382,1691692614.8
WoutPD,383,This_is_noise_node383,1691692614.84
WoutPD,384,This_is_noise_node384,1691692614.86
WoutPD,385,This_is_noise_node385,1691692614.87
WoutPD,386,This_is_noise_node386,1691692614.89
WoutPD,387,This_is_noise_node387,1691692614.92
WoutPD,389,This_is_noise_node389,1691692614.95
WoutPD,390,This_is_noise_node390,1691692615.0
WoutPD,392,This_is_noise_node392,1691692615.0
WoutPD,393,This_is_noise_node393,1691692615.04
WoutPD,394,This_is_noise_node394,1691692615.07
WoutPD,395,This_is_noise_node395,1691692615.1
WoutPD,396,This_is_noise_node396,1691692615.14
WoutPD,397,This_is_noise_node397,1691692615.14
WithPD,186,1691692611584826368,22.0,49.0,1691692609939098368,1,0,1691692615.5
WithPD,187,1691692612138618112,22.0,49.0,1691692609939098368,1,0,1691692615.76
WithPD,188,1691692612688352768,22.0,49.0,1691692609939098368,1,0,1691692616.07
WithPD,189,1691692613237773056,22.0,49.0,1691692613237773056,0,0,1691692616.36
WithPD,190,1691692613784979200,22.0,49.0,1691692613237773056,1,0,1691692616.67
WithPD,191,1691692614334348800,22.0,49.0,1691692613237773056,1,0,1691692616.95
WithPD,192,1691692614883811584,22.0,49.0,1691692613237773056,1,0,1691692617.33
WithPD,193,1691692615431390720,22.0,49.0,1691692613237773056,1,0,1691692617.62
WithPD,194,1691692615982557952,22.0,49.0,1691692613237773056,1,0,1691692617.94
WithPD,195,1691692616531801856,22.0,49.0,1691692613237773056,1,0,1691692618.26
WithPD,196,1691692617079034368,22.0,49.0,1691692613237773056,1,0,1691692618.53
WithPD,197,1691692617628283904,22.0,49.0,1691692613237773056,1,0,1691692618.87
WithPD,198,1691692618177986816,22.0,49.0,1691692618177986816,0,0,1691692619.15
WithPD,199,1691692618724943360,22.0,49.0,1691692618177986816,1,0,1691692619.48
WithPD,200,1691692619274039552,22.0,49.0,1691692618177986816,1,0,1691692619.87
WithPD,201,1691692619823267328,22.0,49.0,1691692618177986816,1,0,1691692620.41
WithPD,202,1691692620376440832,22.0,49.0,1691692618177986816,1,0,1691692620.99
WithPD,203,1691692620925891328,22.0,49.0,1691692618177986816,1,0,1691692621.52
WithPD,204,1691692621475188992,22.0,49.0,1691692618177986816,1,0,1691692622.07
WithPD,205,1691692622028430592,22.0,49.0,1691692618177986816,1,0,1691692622.63
WithPD,206,1691692622577816576,22.0,49.0,1691692618177986816,1,0,1691692623.17
WithPD,207,1691692623127080960,22.0,49.0,1691692623127080960,0,0,1691692623.72
WithPD,208,1691692623674638336,22.0,49.0,1691692623127080960,1,0,1691692624.27
WithPD,209,1691692624224011008,22.0,49.0,1691692623127080960,1,0,1691692624.82
WithPD,210,1691692624773736960,22.0,49.0,1691692624773736960,0,0,1691692625.38
WithPD,211,1691692625321213952,22.0,49.0,1691692624773736960,1,0,1691692625.91
WithPD,212,1691692625870423040,22.0,49.0,1691692624773736960,1,0,1691692626.48
WithPD,213,1691692626419791616,22.0,49.0,1691692624773736960,1,0,1691692627.02
WithPD,214,1691692626973244416,22.0,49.0,1691692624773736960,1,0,1691692627.57
WithPD,215,1691692627522435840,22.0,49.0,1691692624773736960,1,0,1691692628.12
