WithPD,0,1691688553821675776,0,0,0,1,1,1691688556.52
WithPD,1,1691688554458074624,0,0,0,1,1,1691688556.82
WithPD,2,1691688555008668672,0,0,0,1,1,1691688557.13
WithPD,3,1691688555566214912,22.0,53.0,1691688555566214912,0,0,1691688557.41
WithPD,4,1691688556113199872,22.0,53.0,1691688555566214912,1,0,1691688557.68
WithPD,5,1691688556662531584,22.0,53.0,1691688555566214912,1,0,1691688558.03
WithPD,6,1691688557212211200,22.0,53.0,1691688555566214912,1,0,1691688558.36
WithPD,7,1691688557765604352,22.0,53.0,1691688555566214912,1,0,1691688558.67
WithPD,8,1691688558314896640,22.0,53.0,1691688555566214912,1,0,1691688559.0
WithPD,9,1691688558864589056,22.0,53.0,1691688555566214912,1,0,1691688559.46
WithPD,10,1691688559411622912,22.0,53.0,1691688555566214912,1,0,1691688560.03
WithPD,10,1691688559411622912,22.0,53.0,1691688555566214912,1,0,1691688561.67
WithPD,11,1691688559961451264,22.0,53.0,1691688555566214912,1,0,1691688561.95
WithPD,12,1691688560510534912,22.0,53.0,1691688555566214912,1,0,1691688562.28
WithPD,13,1691688561057208064,22.0,53.0,1691688555566214912,1,0,1691688562.58
WithPD,14,1691688561606540800,22.0,53.0,1691688555566214912,1,0,1691688562.89
WithPD,15,1691688562155767552,22.0,53.0,1691688555566214912,1,0,1691688563.2
WithPD,16,1691688562709400832,22.0,53.0,1691688555566214912,1,0,1691688563.52
WithPD,16,1691688562709400832,22.0,53.0,1691688555566214912,1,0,1691688565.15
WithPD,17,1691688563258859520,22.0,53.0,1691688555566214912,1,0,1691688565.44
WithPD,18,1691688563808120064,22.0,51.0,1691688563808120064,0,0,1691688565.76
WithPD,19,1691688564355152128,22.0,51.0,1691688563808120064,1,0,1691688566.07
WithPD,20,1691688564904559872,22.0,51.0,1691688563808120064,1,0,1691688566.39
WithPD,21,1691688565454061056,22.0,51.0,1691688563808120064,1,0,1691688566.71
WithPD,22,1691688566001450496,22.0,51.0,1691688563808120064,1,0,1691688566.99
WithPD,23,1691688566551163648,22.0,51.0,1691688563808120064,1,0,1691688567.33
WoutPD,5,This_is_noise_node5,1691688567.47
WoutPD,6,This_is_noise_node6,1691688567.51
WoutPD,7,This_is_noise_node7,1691688567.52
WoutPD,8,This_is_noise_node8,1691688567.55
WoutPD,9,This_is_noise_node9,1691688567.58
WoutPD,10,This_is_noise_node10,1691688567.61
WoutPD,11,This_is_noise_node11,1691688567.64
WoutPD,12,This_is_noise_node12,1691688567.65
WoutPD,13,This_is_noise_node13,1691688567.69
WoutPD,14,This_is_noise_node14,1691688567.71
WoutPD,15,This_is_noise_node15,1691688567.75
WoutPD,16,This_is_noise_node16,1691688567.78
WoutPD,17,This_is_noise_node17,1691688567.81
WoutPD,18,This_is_noise_node18,1691688567.84
WoutPD,19,This_is_noise_node19,1691688567.87
WoutPD,20,This_is_noise_node20,1691688567.89
WoutPD,21,This_is_noise_node21,1691688567.9
WoutPD,22,This_is_noise_node22,1691688567.95
WoutPD,23,This_is_noise_node23,1691688567.96
WoutPD,24,This_is_noise_node24,1691688568.0
WoutPD,25,This_is_noise_node25,1691688568.03
WoutPD,26,This_is_noise_node26,1691688568.05
WoutPD,27,This_is_noise_node27,1691688568.09
WoutPD,28,This_is_noise_node28,1691688568.11
WoutPD,29,This_is_noise_node29,1691688568.14
WoutPD,30,This_is_noise_node30,1691688568.15
WoutPD,31,This_is_noise_node31,1691688568.19
WoutPD,32,This_is_noise_node32,1691688568.22
WoutPD,34,This_is_noise_node34,1691688568.25
WoutPD,35,This_is_noise_node35,1691688568.28
WoutPD,36,This_is_noise_node36,1691688568.31
WoutPD,37,This_is_noise_node37,1691688568.34
WoutPD,39,This_is_noise_node39,1691688568.35
WoutPD,40,This_is_noise_node40,1691688568.4
WoutPD,42,This_is_noise_node42,1691688568.4
WoutPD,43,This_is_noise_node43,1691688568.44
WithPD,23,1691688566551163648,22.0,51.0,1691688563808120064,1,0,1691688569.44
WithPD,24,1691688567100641024,22.0,51.0,1691688567100641024,0,0,1691688569.7
WithPD,25,1691688567648150016,22.0,51.0,1691688567100641024,1,0,1691688570.04
WithPD,26,1691688568197813248,22.0,51.0,1691688567100641024,1,0,1691688570.32
WithPD,27,1691688568746842624,22.0,51.0,1691688568746842624,0,0,1691688570.64
WithPD,28,1691688569294155008,22.0,51.0,1691688568746842624,1,0,1691688570.98
WithPD,29,1691688569843479296,22.0,51.0,1691688568746842624,1,0,1691688571.26
WithPD,30,1691688570392912896,22.0,51.0,1691688570392912896,0,0,1691688571.61
WithPD,31,1691688570939757824,22.0,51.0,1691688570392912896,1,0,1691688571.89
WithPD,32,1691688571489217024,22.0,51.0,1691688570392912896,1,0,1691688572.19
WithPD,33,1691688572038296064,22.0,51.0,1691688570392912896,1,0,1691688572.63
WithPD,34,1691688572591399168,22.0,51.0,1691688570392912896,1,0,1691688573.18
WithPD,35,1691688573140877824,22.0,51.0,1691688570392912896,1,0,1691688573.75
WithPD,36,1691688573690402560,22.0,51.0,1691688570392912896,1,0,1691688574.3
WithPD,37,1691688574240078080,22.0,51.0,1691688570392912896,1,0,1691688574.85
WithPD,38,1691688574789671680,22.0,51.0,1691688570392912896,1,0,1691688575.4
WithPD,39,1691688575339053056,22.0,51.0,1691688570392912896,1,0,1691688575.93
WithPD,40,1691688575885922304,22.0,51.0,1691688570392912896,1,0,1691688576.48
WithPD,41,1691688576435514880,22.0,51.0,1691688570392912896,1,0,1691688577.03
WithPD,42,1691688576984489472,22.0,53.0,1691688576984489472,0,0,1691688577.57
WithPD,43,1691688577531494144,22.0,53.0,1691688576984489472,1,0,1691688578.13
WithPD,45,1691688578630225152,22.0,53.0,1691688576984489472,1,0,1691688579.25
WithPD,46,1691688579176930560,22.0,53.0,1691688576984489472,1,0,1691688579.76
WoutPD,44,This_is_noise_node44,1691688580.25
WithPD,47,1691688579726496512,22.0,53.0,1691688576984489472,1,0,1691688580.34
WithPD,48,1691688580276334848,22.0,53.0,1691688576984489472,1,0,1691688580.88
WithPD,49,1691688580823576064,22.0,53.0,1691688576984489472,1,0,1691688581.42
WithPD,50,1691688581372982016,22.0,53.0,1691688576984489472,1,0,1691688581.98
WithPD,51,1691688581922348544,22.0,53.0,1691688576984489472,1,0,1691688582.53
WithPD,52,1691688582475486464,22.0,53.0,1691688576984489472,1,0,1691688583.08
WithPD,53,1691688583025243136,22.0,53.0,1691688576984489472,1,0,1691688583.64
WithPD,54,1691688583574199296,22.0,53.0,1691688576984489472,1,0,1691688584.19
WithPD,55,1691688584127413248,22.0,53.0,1691688576984489472,1,0,1691688584.73
WithPD,56,1691688584677223936,22.0,53.0,1691688576984489472,1,0,1691688585.28
WithPD,57,1691688585226235392,22.0,51.0,1691688585226235392,0,0,1691688585.81
WithPD,59,1691688586322965504,22.0,51.0,1691688585226235392,1,0,1691688586.91
WithPD,60,1691688586872421632,22.0,51.0,1691688586872421632,0,0,1691688587.47
WithPD,61,1691688587420515072,22.0,51.0,1691688586872421632,1,0,1691688588.02
WithPD,62,1691688587970166016,22.0,51.0,1691688586872421632,1,0,1691688588.57
WithPD,63,1691688588519363072,22.0,51.0,1691688586872421632,1,0,1691688589.12
WithPD,64,1691688589066324480,22.0,51.0,1691688586872421632,1,0,1691688589.66
WithPD,65,1691688589615819776,22.0,51.0,1691688586872421632,1,0,1691688590.21
WithPD,66,1691688590165663744,22.0,51.0,1691688590165663744,0,0,1691688590.77
WithPD,67,1691688590712658944,22.0,51.0,1691688590165663744,1,0,1691688591.31
WithPD,68,1691688591262096640,22.0,51.0,1691688590165663744,1,0,1691688591.86
WithPD,69,1691688591811429632,22.0,51.0,1691688590165663744,1,0,1691688592.42
WithPD,70,1691688592358525440,22.0,51.0,1691688590165663744,1,0,1691688592.97
WithPD,71,1691688592907803392,22.0,51.0,1691688590165663744,1,0,1691688593.51
WithPD,72,1691688593457249536,22.0,51.0,1691688590165663744,1,0,1691688594.07
WoutPD,45,This_is_noise_node45,1691688594.28
WoutPD,46,This_is_noise_node46,1691688594.31
WoutPD,47,This_is_noise_node47,1691688594.35
WoutPD,48,This_is_noise_node48,1691688594.39
WoutPD,49,This_is_noise_node49,1691688594.39
WoutPD,50,This_is_noise_node50,1691688594.44
WoutPD,51,This_is_noise_node51,1691688594.46
WoutPD,52,This_is_noise_node52,1691688594.49
WoutPD,53,This_is_noise_node53,1691688594.53
WoutPD,54,This_is_noise_node54,1691688594.55
WoutPD,55,This_is_noise_node55,1691688594.58
WoutPD,56,This_is_noise_node56,1691688594.61
WoutPD,57,This_is_noise_node57,1691688594.63
WoutPD,58,This_is_noise_node58,1691688594.66
WoutPD,59,This_is_noise_node59,1691688594.69
WoutPD,60,This_is_noise_node60,1691688594.71
WithPD,74,1691688594559803904,22.0,51.0,1691688590165663744,1,0,1691688595.17
WithPD,75,1691688595109420032,22.0,51.0,1691688595109420032,0,0,1691688595.7
WithPD,76,1691688595656427520,22.0,51.0,1691688595109420032,1,0,1691688596.25
WithPD,77,1691688596205837824,22.0,51.0,1691688595109420032,1,0,1691688596.8
WithPD,78,1691688596755132160,22.0,51.0,1691688596755132160,0,0,1691688597.35
WithPD,79,1691688597302257920,22.0,51.0,1691688596755132160,1,0,1691688597.9
WithPD,80,1691688597851677184,22.0,51.0,1691688596755132160,1,0,1691688598.45
WithPD,80,1691688597851677184,22.0,51.0,1691688596755132160,1,0,1691688600.11
WithPD,81,1691688598401327360,22.0,51.0,1691688598401327360,0,0,1691688600.37
WithPD,82,1691688598948750336,22.0,51.0,1691688598401327360,1,0,1691688600.7
WithPD,83,1691688599498053376,22.0,51.0,1691688598401327360,1,0,1691688601.0
WithPD,84,1691688600048698880,22.0,51.0,1691688600048698880,0,0,1691688601.32
WithPD,85,1691688600596213504,22.0,51.0,1691688600048698880,1,0,1691688601.65
WithPD,86,1691688601145797632,22.0,51.0,1691688600048698880,1,0,1691688601.98
WithPD,87,1691688601694971136,22.0,51.0,1691688601694971136,0,0,1691688602.32
WithPD,88,1691688602242357504,22.0,51.0,1691688601694971136,1,0,1691688602.84
WithPD,89,1691688602791684352,22.0,51.0,1691688601694971136,1,0,1691688603.39
WithPD,90,1691688603342641408,22.0,51.0,1691688603342641408,0,0,1691688603.94
WithPD,91,1691688603890306304,22.0,51.0,1691688603342641408,1,0,1691688604.49
WithPD,92,1691688604439587584,22.0,51.0,1691688603342641408,1,0,1691688606.44
WithPD,93,1691688604989003008,22.0,51.0,1691688603342641408,1,0,1691688606.74
WithPD,94,1691688605542266368,22.0,51.0,1691688603342641408,1,0,1691688607.05
WithPD,95,1691688606091594240,22.0,51.0,1691688603342641408,1,0,1691688607.38
WithPD,96,1691688606641250048,22.0,51.0,1691688603342641408,1,0,1691688607.66
WithPD,97,1691688607194573056,22.0,51.0,1691688603342641408,1,0,1691688607.98
WithPD,98,1691688607743835136,22.0,51.0,1691688603342641408,1,0,1691688608.35
WithPD,99,1691688608296156672,22.0,51.0,1691688603342641408,1,0,1691688608.89
WithPD,100,1691688608851445504,22.0,51.0,1691688603342641408,1,0,1691688609.45
WithPD,101,1691688609400880896,22.0,51.0,1691688603342641408,1,0,1691688610.0
WithPD,102,1691688609950325760,22.0,51.0,1691688609950325760,0,0,1691688610.54
WithPD,103,1691688610497467904,22.0,51.0,1691688609950325760,1,0,1691688611.11
WithPD,104,1691688611046660096,22.0,51.0,1691688609950325760,1,0,1691688611.64
WithPD,105,1691688611596450560,22.0,51.0,1691688609950325760,1,0,1691688612.2
WithPD,106,1691688612150159872,22.0,51.0,1691688609950325760,1,0,1691688612.75
WithPD,107,1691688612699554304,22.0,51.0,1691688609950325760,1,0,1691688613.31
WithPD,108,1691688613249229568,22.0,51.0,1691688609950325760,1,0,1691688613.86
WithPD,109,1691688613795954944,22.0,51.0,1691688609950325760,1,0,1691688614.4
WithPD,110,1691688614345409792,22.0,51.0,1691688609950325760,1,0,1691688614.94
WithPD,111,1691688614894730240,22.0,51.0,1691688609950325760,1,0,1691688615.49
WithPD,112,1691688615441664000,22.0,51.0,1691688609950325760,1,0,1691688616.04
WithPD,113,1691688615990912256,22.0,51.0,1691688609950325760,1,0,1691688616.6
WithPD,114,1691688616540523264,22.0,51.0,1691688609950325760,1,0,1691688617.15
WithPD,115,1691688617093950720,22.0,51.0,1691688609950325760,1,0,1691688617.71
WithPD,116,1691688617643216896,22.0,51.0,1691688609950325760,1,0,1691688618.24
WithPD,117,1691688618192598784,22.0,50.0,1691688618192598784,0,0,1691688618.79
WithPD,118,1691688618739485696,22.0,50.0,1691688618192598784,1,0,1691688619.35
WithPD,119,1691688619288848384,22.0,50.0,1691688618192598784,1,0,1691688619.9
WithPD,120,1691688619838198016,22.0,51.0,1691688619838198016,0,0,1691688620.43
WithPD,121,1691688620384879616,22.0,51.0,1691688619838198016,1,0,1691688620.98
WithPD,122,1691688620934190592,22.0,51.0,1691688619838198016,1,0,1691688621.54
WithPD,123,1691688621484007424,22.0,51.0,1691688619838198016,1,0,1691688622.08
WithPD,124,1691688622031087360,22.0,51.0,1691688619838198016,1,0,1691688622.64
WithPD,125,1691688622580343808,22.0,51.0,1691688619838198016,1,0,1691688623.19
WithPD,126,1691688623129893376,22.0,51.0,1691688619838198016,1,0,1691688623.73
WoutPD,73,This_is_noise_node73,1691688623.89
WoutPD,74,This_is_noise_node74,1691688623.92
WoutPD,75,This_is_noise_node75,1691688623.95
WoutPD,76,This_is_noise_node76,1691688623.98
WoutPD,77,This_is_noise_node77,1691688624.01
WoutPD,78,This_is_noise_node78,1691688624.03
WoutPD,79,This_is_noise_node79,1691688624.07
WoutPD,80,This_is_noise_node80,1691688624.1
WoutPD,81,This_is_noise_node81,1691688624.13
WoutPD,82,This_is_noise_node82,1691688624.13
WoutPD,83,This_is_noise_node83,1691688624.17
WoutPD,84,This_is_noise_node84,1691688624.19
WoutPD,85,This_is_noise_node85,1691688624.22
WoutPD,86,This_is_noise_node86,1691688624.25
WoutPD,87,This_is_noise_node87,1691688624.28
WoutPD,88,This_is_noise_node88,1691688624.31
WoutPD,89,This_is_noise_node89,1691688624.34
WoutPD,90,This_is_noise_node90,1691688624.37
WoutPD,91,This_is_noise_node91,1691688624.4
WoutPD,92,This_is_noise_node92,1691688624.43
WoutPD,93,This_is_noise_node93,1691688624.46
WoutPD,95,This_is_noise_node95,1691688624.5
WoutPD,96,This_is_noise_node96,1691688624.53
WoutPD,97,This_is_noise_node97,1691688624.57
WoutPD,98,This_is_noise_node98,1691688624.57
WoutPD,99,This_is_noise_node99,1691688624.6
WoutPD,101,This_is_noise_node101,1691688624.64
WoutPD,102,This_is_noise_node102,1691688624.66
WoutPD,103,This_is_noise_node103,1691688624.69
WoutPD,104,This_is_noise_node104,1691688624.73
WithPD,127,1691688623683389184,22.0,51.0,1691688619838198016,1,0,1691688626.41
WithPD,128,1691688624233189376,22.0,51.0,1691688619838198016,1,0,1691688626.7
WithPD,129,1691688624782372864,22.0,51.0,1691688619838198016,1,0,1691688627.02
WithPD,130,1691688625329193728,22.0,51.0,1691688619838198016,1,0,1691688627.33
WithPD,131,1691688625878415616,22.0,51.0,1691688619838198016,1,0,1691688627.65
WithPD,132,1691688626427945472,22.0,51.0,1691688619838198016,1,0,1691688627.96
WithPD,133,1691688626975066880,22.0,51.0,1691688619838198016,1,0,1691688628.25
WithPD,134,1691688627525315328,22.0,51.0,1691688619838198016,1,0,1691688628.53
WithPD,135,1691688628074590720,22.0,50.0,1691688628074590720,0,0,1691688628.89
WithPD,136,1691688628621568512,22.0,50.0,1691688628074590720,1,0,1691688629.23
WithPD,137,1691688629170865664,22.0,50.0,1691688628074590720,1,0,1691688629.78
WithPD,138,1691688629720203008,22.0,50.0,1691688628074590720,1,0,1691688630.31
WithPD,139,1691688630267251456,22.0,50.0,1691688628074590720,1,0,1691688630.87
WithPD,140,1691688630816802048,22.0,50.0,1691688628074590720,1,0,1691688631.41
WithPD,141,1691688631366179328,22.0,50.0,1691688628074590720,1,0,1691688631.96
WithPD,142,1691688631913226496,22.0,50.0,1691688628074590720,1,0,1691688632.52
WithPD,143,1691688632462286848,22.0,50.0,1691688628074590720,1,0,1691688633.05
WithPD,144,1691688633011610112,22.0,50.0,1691688628074590720,1,0,1691688633.62
WithPD,145,1691688633558768128,22.0,50.0,1691688628074590720,1,0,1691688634.14
WithPD,146,1691688634108192768,22.0,50.0,1691688628074590720,1,0,1691688634.72
WithPD,147,1691688634657964544,22.0,50.0,1691688628074590720,1,0,1691688635.25
WithPD,148,1691688635204873984,22.0,50.0,1691688628074590720,1,0,1691688635.8
WithPD,149,1691688635754843648,22.0,50.0,1691688628074590720,1,0,1691688636.36
WithPD,150,1691688636304121856,22.0,50.0,1691688628074590720,1,0,1691688636.91
WithPD,151,1691688636851108352,22.0,50.0,1691688628074590720,1,0,1691688637.46
WithPD,152,1691688637400458496,22.0,50.0,1691688628074590720,1,0,1691688638.01
WithPD,153,1691688637949904640,22.0,50.0,1691688628074590720,1,0,1691688638.56
WithPD,154,1691688638503197440,22.0,50.0,1691688628074590720,1,0,1691688639.1
WithPD,155,1691688639052458496,22.0,50.0,1691688628074590720,1,0,1691688639.65
WithPD,156,1691688639604862720,22.0,53.0,1691688639604862720,0,0,1691688640.2
WithPD,157,1691688640151785472,22.0,53.0,1691688639604862720,1,0,1691688640.76
WithPD,157,1691688640151785472,22.0,53.0,1691688639604862720,1,0,1691688642.89
WithPD,158,1691688640701395968,22.0,53.0,1691688639604862720,1,0,1691688643.19
WithPD,159,1691688641250753536,22.0,53.0,1691688639604862720,1,0,1691688643.5
WithPD,160,1691688641803994368,22.0,53.0,1691688639604862720,1,0,1691688643.79
WithPD,161,1691688642353543424,22.0,53.0,1691688639604862720,1,0,1691688644.12
WithPD,162,1691688642902900224,22.0,53.0,1691688639604862720,1,0,1691688644.42
WithPD,163,1691688643449734144,22.0,53.0,1691688639604862720,1,0,1691688644.74
WithPD,164,1691688643999365376,22.0,53.0,1691688639604862720,1,0,1691688645.0
WithPD,165,1691688644548591616,22.0,53.0,1691688639604862720,1,0,1691688645.32
WithPD,166,1691688645095395328,22.0,53.0,1691688639604862720,1,0,1691688645.7
WithPD,167,1691688645645020416,22.0,53.0,1691688639604862720,1,0,1691688646.25
WithPD,168,1691688646194405888,22.0,51.0,1691688646194405888,0,0,1691688646.8
WithPD,169,1691688646741190656,22.0,51.0,1691688646194405888,1,0,1691688647.34
WithPD,170,1691688647290422528,22.0,51.0,1691688646194405888,1,0,1691688647.89
WithPD,171,1691688647839690752,22.0,51.0,1691688646194405888,1,0,1691688648.44
WithPD,173,1691688648935899904,22.0,51.0,1691688646194405888,1,0,1691688649.54
WithPD,174,1691688649485606656,22.0,51.0,1691688649485606656,0,0,1691688650.09
WoutPD,107,This_is_noise_node107,1691688650.58
WoutPD,108,This_is_noise_node108,1691688650.62
WoutPD,109,This_is_noise_node109,1691688650.65
WithPD,176,1691688650581772032,22.0,51.0,1691688649485606656,1,0,1691688651.17
WithPD,177,1691688651130928128,22.0,51.0,1691688649485606656,1,0,1691688651.75
WithPD,178,1691688651684199936,22.0,51.0,1691688649485606656,1,0,1691688652.28
WithPD,179,1691688652233688064,22.0,51.0,1691688649485606656,1,0,1691688652.82
WithPD,180,1691688652782938880,22.0,51.0,1691688652782938880,0,0,1691688653.38
WithPD,181,1691688653329884160,22.0,51.0,1691688652782938880,1,0,1691688653.92
WithPD,182,1691688653879048704,22.0,51.0,1691688652782938880,1,0,1691688654.47
WithPD,183,1691688654428531200,22.0,51.0,1691688654428531200,0,0,1691688655.04
WithPD,184,1691688654975461120,22.0,51.0,1691688654428531200,1,0,1691688655.57
WithPD,185,1691688655524975360,22.0,51.0,1691688654428531200,1,0,1691688656.13
WithPD,186,1691688656074271232,22.0,51.0,1691688654428531200,1,0,1691688656.68
WithPD,187,1691688656627358720,22.0,51.0,1691688654428531200,1,0,1691688657.23
WithPD,188,1691688657176887552,22.0,51.0,1691688654428531200,1,0,1691688657.78
WithPD,189,1691688657726366208,22.0,51.0,1691688654428531200,1,0,1691688658.32
WithPD,190,1691688658273190400,22.0,51.0,1691688654428531200,1,0,1691688658.88
WithPD,191,1691688658822451968,22.0,51.0,1691688654428531200,1,0,1691688659.43
WithPD,192,1691688659371742208,22.0,51.0,1691688654428531200,1,0,1691688659.98
WithPD,193,1691688659918840832,22.0,51.0,1691688654428531200,1,0,1691688660.51
WithPD,194,1691688660468133632,22.0,51.0,1691688654428531200,1,0,1691688661.07
WithPD,195,1691688661017646592,22.0,51.0,1691688661017646592,0,0,1691688661.61
WithPD,196,1691688661564509184,22.0,51.0,1691688661017646592,1,0,1691688662.17
WithPD,197,1691688662113972992,22.0,51.0,1691688661017646592,1,0,1691688662.72
WithPD,198,1691688662663163904,22.0,51.0,1691688661017646592,1,0,1691688663.26
WithPD,199,1691688663210057728,22.0,51.0,1691688661017646592,1,0,1691688663.82
WithPD,200,1691688663759358976,22.0,51.0,1691688661017646592,1,0,1691688664.36
WithPD,201,1691688664308753152,22.0,51.0,1691688664308753152,0,0,1691688664.89
WithPD,202,1691688664855826176,22.0,51.0,1691688664308753152,1,0,1691688665.46
WithPD,203,1691688665405471744,22.0,51.0,1691688664308753152,1,0,1691688666.0
WithPD,204,1691688665955045888,22.0,51.0,1691688665955045888,0,0,1691688666.56
WithPD,205,1691688666501851904,22.0,51.0,1691688665955045888,1,0,1691688667.11
WithPD,206,1691688667051395328,22.0,51.0,1691688665955045888,1,0,1691688667.65
WithPD,207,1691688667600822528,22.0,51.0,1691688665955045888,1,0,1691688668.2
WithPD,207,1691688667600822528,22.0,51.0,1691688665955045888,1,0,1691688670.32
WithPD,208,1691688668147520512,22.0,51.0,1691688665955045888,1,0,1691688670.63
WithPD,209,1691688668696809472,22.0,51.0,1691688665955045888,1,0,1691688670.95
WithPD,210,1691688669246094848,22.0,51.0,1691688665955045888,1,0,1691688671.24
WithPD,211,1691688669799355392,22.0,51.0,1691688665955045888,1,0,1691688671.53
WithPD,212,1691688670348652800,22.0,51.0,1691688665955045888,1,0,1691688671.84
WithPD,213,1691688670898123776,22.0,51.0,1691688670898123776,0,0,1691688672.14
WithPD,214,1691688671445242880,22.0,51.0,1691688670898123776,1,0,1691688672.56
