WithPD,0,1691699425661720064,0,0,0,1,1,1691699428.41
WithPD,1,1691699426303651840,0,0,0,1,1,1691699428.72
WithPD,3,1691699427403214592,22.0,52.0,1691699427403214592,0,0,1691699429.28
WithPD,4,1691699427955386368,22.0,52.0,1691699427403214592,1,0,1691699429.6
WithPD,5,1691699428508168448,22.0,52.0,1691699427403214592,1,0,1691699429.95
WithPD,6,1691699429057774336,22.0,52.0,1691699427403214592,1,0,1691699430.3
WithPD,7,1691699429604492544,22.0,52.0,1691699427403214592,1,0,1691699430.6
WithPD,8,1691699430154165504,22.0,52.0,1691699427403214592,1,0,1691699430.97
WithPD,9,1691699430703539712,22.0,52.0,1691699427403214592,1,0,1691699431.32
WithPD,10,1691699431257283840,22.0,52.0,1691699427403214592,1,0,1691699431.87
WithPD,11,1691699431806576384,22.0,52.0,1691699427403214592,1,0,1691699432.4
WithPD,12,1691699432355657728,22.0,52.0,1691699427403214592,1,0,1691699432.95
WithPD,13,1691699432902586368,22.0,52.0,1691699427403214592,1,0,1691699433.52
WithPD,14,1691699433452091136,22.0,52.0,1691699427403214592,1,0,1691699434.05
WithPD,15,1691699434002247168,22.0,52.0,1691699427403214592,1,0,1691699434.62
WithPD,16,1691699434549172224,22.0,52.0,1691699427403214592,1,0,1691699435.15
WithPD,17,1691699435098395904,22.0,52.0,1691699427403214592,1,0,1691699435.71
WithPD,18,1691699435647732224,22.0,52.0,1691699427403214592,1,0,1691699436.25
WithPD,19,1691699436201237760,22.0,52.0,1691699427403214592,1,0,1691699436.81
WithPD,20,1691699436750618368,22.0,52.0,1691699427403214592,1,0,1691699437.36
WithPD,21,1691699437299930880,22.0,52.0,1691699427403214592,1,0,1691699437.91
WithPD,22,1691699437853456896,22.0,52.0,1691699427403214592,1,0,1691699438.47
WithPD,23,1691699438402725376,22.0,52.0,1691699427403214592,1,0,1691699439.01
WithPD,24,1691699438952067840,22.0,52.0,1691699427403214592,1,0,1691699439.55
WithPD,25,1691699439499279872,22.0,52.0,1691699427403214592,1,0,1691699440.11
WithPD,26,1691699440049474560,22.0,52.0,1691699427403214592,1,0,1691699440.65
WithPD,27,1691699440598716672,22.0,52.0,1691699427403214592,1,0,1691699441.22
WithPD,28,1691699441151841280,22.0,52.0,1691699427403214592,1,0,1691699441.77
WithPD,29,1691699441701479424,22.0,52.0,1691699427403214592,1,0,1691699442.3
WithPD,30,1691699442250803456,22.0,52.0,1691699427403214592,1,0,1691699442.88
WithPD,32,1691699443347306240,22.0,52.0,1691699427403214592,1,0,1691699443.95
WithPD,33,1691699443897587968,22.0,52.0,1691699427403214592,1,0,1691699444.52
WithPD,34,1691699444450773248,22.0,52.0,1691699427403214592,1,0,1691699445.07
WithPD,35,1691699445000463104,22.0,52.0,1691699427403214592,1,0,1691699445.61
WithPD,37,1691699446100203520,22.0,52.0,1691699427403214592,1,0,1691699446.7
WithPD,38,1691699446650072320,22.0,52.0,1691699427403214592,1,0,1691699447.26
WithPD,38,1691699446650072320,22.0,52.0,1691699427403214592,1,0,1691699449.39
WithPD,39,1691699447199790848,22.0,52.0,1691699427403214592,1,0,1691699449.73
WithPD,40,1691699447746800896,22.0,52.0,1691699427403214592,1,0,1691699450.02
WithPD,41,1691699448295948800,22.0,52.0,1691699427403214592,1,0,1691699450.31
WithPD,42,1691699448845452288,22.0,52.0,1691699427403214592,1,0,1691699450.6
WithPD,43,1691699449392873728,22.0,52.0,1691699427403214592,1,0,1691699450.9
WithPD,44,1691699449942252288,22.0,52.0,1691699427403214592,1,0,1691699451.18
WithPD,45,1691699450491491840,22.0,52.0,1691699427403214592,1,0,1691699451.48
WithPD,46,1691699451038499328,22.0,52.0,1691699427403214592,1,0,1691699451.82
WithPD,47,1691699451587823104,22.0,52.0,1691699427403214592,1,0,1691699452.19
WithPD,48,1691699452137428480,22.0,52.0,1691699427403214592,1,0,1691699452.74
WithPD,48,1691699452137428480,22.0,52.0,1691699427403214592,1,0,1691699454.38
WithPD,49,1691699452690526208,22.0,52.0,1691699427403214592,1,0,1691699454.68
WithPD,50,1691699453239696384,22.0,52.0,1691699427403214592,1,0,1691699455.03
WithPD,51,1691699453789217280,22.0,52.0,1691699427403214592,1,0,1691699455.29
WithPD,52,1691699454336246016,22.0,52.0,1691699427403214592,1,0,1691699455.62
WithPD,53,1691699454885398016,22.0,52.0,1691699427403214592,1,0,1691699455.93
WithPD,54,1691699455434660864,22.0,49.0,1691699455434660864,0,0,1691699456.26
WithPD,55,1691699455981797632,22.0,49.0,1691699455434660864,1,0,1691699456.59
WithPD,56,1691699456531119360,22.0,49.0,1691699455434660864,1,0,1691699457.14
WithPD,57,1691699457080495104,22.0,49.0,1691699455434660864,1,0,1691699457.69
WithPD,58,1691699457627296768,22.0,49.0,1691699455434660864,1,0,1691699458.24
WithPD,59,1691699458179653888,22.0,49.0,1691699455434660864,1,0,1691699458.79
WithPD,60,1691699458729405952,22.0,49.0,1691699455434660864,1,0,1691699459.35
WithPD,61,1691699459275998208,22.0,49.0,1691699455434660864,1,0,1691699459.89
WithPD,63,1691699460375333120,22.0,49.0,1691699460375333120,0,0,1691699460.98
WithPD,64,1691699460922408704,22.0,49.0,1691699460375333120,1,0,1691699461.52
WithPD,65,1691699461471697408,22.0,49.0,1691699460375333120,1,0,1691699462.08
WithPD,66,1691699462021359360,22.0,49.0,1691699460375333120,1,0,1691699462.63
WithPD,67,1691699462568081152,22.0,49.0,1691699460375333120,1,0,1691699463.18
WithPD,68,1691699463117431296,22.0,49.0,1691699460375333120,1,0,1691699463.72
WithPD,69,1691699463666706176,22.0,49.0,1691699460375333120,1,0,1691699464.27
WithPD,70,1691699464219830016,22.0,49.0,1691699460375333120,1,0,1691699464.82
WithPD,71,1691699464769428992,22.0,49.0,1691699460375333120,1,0,1691699465.37
WithPD,72,1691699465319150592,22.0,49.0,1691699460375333120,1,0,1691699465.92
WithPD,73,1691699465866009088,22.0,49.0,1691699460375333120,1,0,1691699466.48
WithPD,74,1691699466415214336,22.0,49.0,1691699460375333120,1,0,1691699467.02
WithPD,75,1691699466964482560,22.0,49.0,1691699460375333120,1,0,1691699467.56
WithPD,76,1691699467511240192,22.0,49.0,1691699460375333120,1,0,1691699468.11
WithPD,77,1691699468060839168,22.0,49.0,1691699460375333120,1,0,1691699468.67
WithPD,78,1691699468610344448,22.0,49.0,1691699468610344448,0,0,1691699469.22
WithPD,79,1691699469157619968,22.0,49.0,1691699468610344448,1,0,1691699469.76
WithPD,80,1691699469707145984,22.0,49.0,1691699468610344448,1,0,1691699470.33
WithPD,81,1691699470256463872,22.0,49.0,1691699468610344448,1,0,1691699470.88
WithPD,82,1691699470809644544,22.0,49.0,1691699468610344448,1,0,1691699471.42
WithPD,83,1691699471358872320,22.0,49.0,1691699468610344448,1,0,1691699471.98
WithPD,84,1691699471908128512,22.0,49.0,1691699471908128512,0,0,1691699472.52
WithPD,85,1691699472454916608,22.0,49.0,1691699471908128512,1,0,1691699473.06
WithPD,86,1691699473004593152,22.0,49.0,1691699471908128512,1,0,1691699473.6
WithPD,87,1691699473553980928,22.0,49.0,1691699471908128512,1,0,1691699474.15
WithPD,88,1691699474107588864,22.0,49.0,1691699471908128512,1,0,1691699474.71
WithPD,89,1691699474658076416,22.0,49.0,1691699471908128512,1,0,1691699475.26
WithPD,90,1691699475207281152,22.0,49.0,1691699471908128512,1,0,1691699475.82
WithPD,91,1691699475754071296,22.0,49.0,1691699471908128512,1,0,1691699476.37
WithPD,92,1691699476303463424,22.0,49.0,1691699471908128512,1,0,1691699476.9
WithPD,93,1691699476853026304,22.0,49.0,1691699471908128512,1,0,1691699477.46
WithPD,94,1691699477399845632,22.0,49.0,1691699471908128512,1,0,1691699478.02
WithPD,95,1691699477949532928,22.0,49.0,1691699471908128512,1,0,1691699478.56
WithPD,97,1691699479046258944,23.0,49.0,1691699478498965760,1,0,1691699479.65
WithPD,98,1691699479595724288,23.0,49.0,1691699478498965760,1,0,1691699480.19
WithPD,100,1691699480692372992,23.0,49.0,1691699480145672192,1,0,1691699481.3
WithPD,101,1691699481244047616,23.0,49.0,1691699480145672192,1,0,1691699481.85
WithPD,102,1691699481793772288,22.0,49.0,1691699481793772288,0,0,1691699482.38
WithPD,103,1691699482341272832,22.0,49.0,1691699481793772288,1,0,1691699482.96
WithPD,104,1691699482890202112,22.0,49.0,1691699481793772288,1,0,1691699483.5
WithPD,105,1691699483440169472,22.0,49.0,1691699481793772288,1,0,1691699484.04
WithPD,106,1691699483987894016,22.0,49.0,1691699481793772288,1,0,1691699484.59
WithPD,107,1691699484537521408,22.0,49.0,1691699481793772288,1,0,1691699485.15
WithPD,108,1691699485086791168,22.0,49.0,1691699481793772288,1,0,1691699485.7
WithPD,109,1691699485633427712,22.0,49.0,1691699481793772288,1,0,1691699486.26
WithPD,110,1691699486182668288,22.0,49.0,1691699481793772288,1,0,1691699486.79
WithPD,111,1691699486731948800,23.0,49.0,1691699486731948800,0,0,1691699487.34
WithPD,112,1691699487278838784,23.0,49.0,1691699486731948800,1,0,1691699487.88
WithPD,113,1691699487828078080,23.0,49.0,1691699486731948800,1,0,1691699488.44
WithPD,114,1691699488377436160,22.0,49.0,1691699488377436160,0,0,1691699488.97
WithPD,115,1691699488924220928,22.0,49.0,1691699488377436160,1,0,1691699489.54
WithPD,116,1691699489473737728,22.0,49.0,1691699488377436160,1,0,1691699490.07
WithPD,117,1691699490023040768,22.0,49.0,1691699488377436160,1,0,1691699490.63
WithPD,118,1691699490569915904,22.0,49.0,1691699488377436160,1,0,1691699491.17
WithPD,119,1691699491119134720,22.0,49.0,1691699488377436160,1,0,1691699491.73
WithPD,120,1691699491668437248,23.0,49.0,1691699491668437248,0,0,1691699492.27
WithPD,121,1691699492215749120,23.0,49.0,1691699491668437248,1,0,1691699492.84
WithPD,122,1691699492765253632,23.0,49.0,1691699491668437248,1,0,1691699493.36
WithPD,123,1691699493314528768,23.0,49.0,1691699493314528768,0,0,1691699493.91
WithPD,124,1691699493861227520,23.0,49.0,1691699493314528768,1,0,1691699494.48
WithPD,125,1691699494410569728,23.0,49.0,1691699493314528768,1,0,1691699495.03
WithPD,126,1691699494959925248,23.0,49.0,1691699494959925248,0,0,1691699495.58
WithPD,127,1691699495507356672,23.0,49.0,1691699494959925248,1,0,1691699496.1
WithPD,128,1691699496056896512,23.0,49.0,1691699494959925248,1,0,1691699496.67
WithPD,129,1691699496606378496,22.0,49.0,1691699496606378496,0,0,1691699497.22
WithPD,130,1691699497153425152,22.0,49.0,1691699496606378496,1,0,1691699497.76
WithPD,132,1691699498252134400,22.0,49.0,1691699496606378496,1,0,1691699498.84
WithPD,133,1691699498805739008,22.0,49.0,1691699496606378496,1,0,1691699499.4
WithPD,134,1691699499355443200,22.0,49.0,1691699496606378496,1,0,1691699499.95
WithPD,135,1691699499905444096,22.0,49.0,1691699496606378496,1,0,1691699500.51
WithPD,136,1691699500459254016,22.0,49.0,1691699496606378496,1,0,1691699501.07
WithPD,137,1691699501008560128,22.0,49.0,1691699496606378496,1,0,1691699501.63
WithPD,138,1691699501558031872,22.0,49.0,1691699496606378496,1,0,1691699502.16
WithPD,139,1691699502104839680,22.0,49.0,1691699496606378496,1,0,1691699502.72
WithPD,140,1691699502654198528,22.0,49.0,1691699496606378496,1,0,1691699503.28
WithPD,141,1691699503205741568,22.0,49.0,1691699496606378496,1,0,1691699503.82
WithPD,142,1691699503758829056,22.0,49.0,1691699496606378496,1,0,1691699504.37
WithPD,143,1691699504308193536,22.0,49.0,1691699496606378496,1,0,1691699504.91
WithPD,144,1691699504858089216,23.0,49.0,1691699504858089216,0,0,1691699505.46
WithPD,145,1691699505405204736,23.0,49.0,1691699504858089216,1,0,1691699506.02
WithPD,146,1691699505954495744,23.0,49.0,1691699504858089216,1,0,1691699506.56
WithPD,146,1691699505954495744,23.0,49.0,1691699504858089216,1,0,1691699508.21
WithPD,147,1691699506504075520,23.0,49.0,1691699504858089216,1,0,1691699508.5
WithPD,148,1691699507057417984,23.0,49.0,1691699504858089216,1,0,1691699508.8
WithPD,149,1691699507606653952,23.0,49.0,1691699504858089216,1,0,1691699509.11
WithPD,150,1691699508155839744,23.0,49.0,1691699504858089216,1,0,1691699509.4
WithPD,151,1691699508702859776,23.0,49.0,1691699504858089216,1,0,1691699509.69
WithPD,152,1691699509252160768,23.0,49.0,1691699504858089216,1,0,1691699510.01
WithPD,153,1691699509801649408,23.0,49.0,1691699504858089216,1,0,1691699510.42
WithPD,154,1691699510348302080,23.0,49.0,1691699504858089216,1,0,1691699510.95
WithPD,155,1691699510897737216,23.0,49.0,1691699504858089216,1,0,1691699511.51
WithPD,156,1691699511447016960,23.0,49.0,1691699504858089216,1,0,1691699512.04
WithPD,157,1691699511993908480,23.0,49.0,1691699504858089216,1,0,1691699512.59
WithPD,159,1691699513092343808,23.0,49.0,1691699504858089216,1,0,1691699513.71
WithPD,160,1691699513645863680,23.0,49.0,1691699504858089216,1,0,1691699514.27
WithPD,161,1691699514195099904,23.0,49.0,1691699504858089216,1,0,1691699514.79
WithPD,162,1691699514744452352,23.0,49.0,1691699514744452352,0,0,1691699515.36
WithPD,163,1691699515291191296,23.0,49.0,1691699514744452352,1,0,1691699515.89
WithPD,164,1691699515840585472,23.0,49.0,1691699514744452352,1,0,1691699516.44
WithPD,165,1691699516389900544,23.0,49.0,1691699514744452352,1,0,1691699517.0
WithPD,166,1691699516943205632,23.0,49.0,1691699514744452352,1,0,1691699517.54
WithPD,167,1691699517492985856,23.0,49.0,1691699514744452352,1,0,1691699518.08
WithPD,168,1691699518042462976,23.0,49.0,1691699514744452352,1,0,1691699518.66
WithPD,169,1691699518589371136,23.0,49.0,1691699514744452352,1,0,1691699519.2
WithPD,170,1691699519138672640,23.0,49.0,1691699514744452352,1,0,1691699519.73
WithPD,172,1691699520235021312,23.0,49.0,1691699514744452352,1,0,1691699520.84
WithPD,173,1691699520784296960,23.0,49.0,1691699514744452352,1,0,1691699521.39
WithPD,174,1691699521333785600,23.0,49.0,1691699514744452352,1,0,1691699521.96
WithPD,175,1691699521887078656,23.0,49.0,1691699514744452352,1,0,1691699522.5
WithPD,176,1691699522436305664,23.0,49.0,1691699514744452352,1,0,1691699523.05
WithPD,177,1691699522985857536,23.0,49.0,1691699514744452352,1,0,1691699523.6
WithPD,178,1691699523538846976,23.0,49.0,1691699514744452352,1,0,1691699524.16
WithPD,179,1691699524088295168,23.0,49.0,1691699514744452352,1,0,1691699524.7
WithPD,180,1691699524637716224,23.0,49.0,1691699524637716224,0,0,1691699525.24
WithPD,180,1691699524637716224,23.0,49.0,1691699524637716224,0,0,1691699526.89
WithPD,181,1691699525185200128,23.0,49.0,1691699524637716224,1,0,1691699527.16
WithPD,182,1691699525734732544,23.0,49.0,1691699524637716224,1,0,1691699527.44
WithPD,183,1691699526283899904,23.0,49.0,1691699524637716224,1,0,1691699527.75
WithPD,184,1691699526831275008,23.0,49.0,1691699524637716224,1,0,1691699528.07
WithPD,185,1691699527380627712,23.0,49.0,1691699524637716224,1,0,1691699528.36
WithPD,186,1691699527930395648,23.0,49.0,1691699524637716224,1,0,1691699528.67
WithPD,187,1691699528477182464,23.0,49.0,1691699524637716224,1,0,1691699529.1
WithPD,188,1691699529026228992,23.0,49.0,1691699524637716224,1,0,1691699529.63
WithPD,189,1691699529576103680,23.0,49.0,1691699524637716224,1,0,1691699530.19
WithPD,190,1691699530129728000,23.0,49.0,1691699524637716224,1,0,1691699530.74
WithPD,191,1691699530678927616,23.0,49.0,1691699524637716224,1,0,1691699531.28
WithPD,192,1691699531228313856,23.0,49.0,1691699524637716224,1,0,1691699531.84
WithPD,193,1691699531781584384,23.0,49.0,1691699524637716224,1,0,1691699532.4
WithPD,194,1691699532330957824,23.0,49.0,1691699524637716224,1,0,1691699532.95
WithPD,195,1691699532880593664,23.0,49.0,1691699524637716224,1,0,1691699533.49
WithPD,196,1691699533427346944,23.0,49.0,1691699524637716224,1,0,1691699534.04
WithPD,197,1691699533976627456,23.0,49.0,1691699524637716224,1,0,1691699534.59
WithPD,198,1691699534526137600,23.0,49.0,1691699524637716224,1,0,1691699535.15
WithPD,199,1691699535079342848,23.0,49.0,1691699524637716224,1,0,1691699535.69
WithPD,200,1691699535629782784,23.0,49.0,1691699524637716224,1,0,1691699536.23
WithPD,201,1691699536179109376,23.0,49.0,1691699524637716224,1,0,1691699536.8
WithPD,202,1691699536726049536,23.0,49.0,1691699524637716224,1,0,1691699537.32
WithPD,203,1691699537275426048,23.0,49.0,1691699524637716224,1,0,1691699537.89
WithPD,204,1691699537825242880,23.0,49.0,1691699524637716224,1,0,1691699538.44
WithPD,205,1691699538371692800,23.0,49.0,1691699524637716224,1,0,1691699538.98
WithPD,206,1691699538921205760,23.0,49.0,1691699524637716224,1,0,1691699539.53
WithPD,207,1691699539471008000,23.0,49.0,1691699524637716224,1,0,1691699540.09
WithPD,208,1691699540024254464,23.0,49.0,1691699524637716224,1,0,1691699540.62
WithPD,209,1691699540574360064,23.0,49.0,1691699524637716224,1,0,1691699541.19
WithPD,210,1691699541124375808,23.0,49.0,1691699524637716224,1,0,1691699541.74
WithPD,211,1691699541678001152,23.0,49.0,1691699524637716224,1,0,1691699542.27
WithPD,212,1691699542227297024,23.0,49.0,1691699524637716224,1,0,1691699542.84
WithPD,213,1691699542776605184,23.0,49.0,1691699542776605184,0,0,1691699543.4
WithPD,214,1691699543323898624,23.0,49.0,1691699542776605184,1,0,1691699543.93
WithPD,215,1691699543873586688,23.0,49.0,1691699542776605184,1,0,1691699544.49
WithPD,216,1691699544422857984,23.0,49.0,1691699542776605184,1,0,1691699545.03
WithPD,217,1691699544969409280,23.0,49.0,1691699542776605184,1,0,1691699545.58
WithPD,218,1691699545518743808,23.0,49.0,1691699542776605184,1,0,1691699546.13
