WithPD,0,1691689097873699328,0,0,0,1,1,1691689100.6
WithPD,1,1691689098522647040,0,0,0,1,1,1691689100.91
WithPD,2,1691689099072379392,0,0,0,1,1,1691689101.19
WithPD,3,1691689099621916672,22.0,53.0,1691689099621916672,0,0,1691689101.54
WithPD,4,1691689100168798464,22.0,53.0,1691689099621916672,1,0,1691689101.89
WithPD,5,1691689100718061568,22.0,53.0,1691689099621916672,1,0,1691689102.2
WithPD,6,1691689101267326976,22.0,53.0,1691689099621916672,1,0,1691689102.55
WithPD,7,1691689101820604672,22.0,53.0,1691689099621916672,1,0,1691689102.89
WithPD,8,1691689102369947904,22.0,53.0,1691689099621916672,1,0,1691689103.21
WithPD,9,1691689102919140864,22.0,53.0,1691689099621916672,1,0,1691689103.59
WithPD,10,1691689103466024448,22.0,53.0,1691689099621916672,1,0,1691689104.06
WithPD,11,1691689104015301376,22.0,53.0,1691689099621916672,1,0,1691689104.62
WithPD,12,1691689104564585472,22.0,53.0,1691689099621916672,1,0,1691689105.18
WithPD,13,1691689105118033664,22.0,53.0,1691689099621916672,1,0,1691689105.71
WithPD,14,1691689105667510528,22.0,53.0,1691689099621916672,1,0,1691689106.25
WithPD,15,1691689106217159680,22.0,51.0,1691689106217159680,0,0,1691689106.82
WithPD,16,1691689106764804352,22.0,51.0,1691689106217159680,1,0,1691689107.36
WithPD,17,1691689107314241792,22.0,51.0,1691689106217159680,1,0,1691689107.91
WithPD,18,1691689107863911168,22.0,51.0,1691689106217159680,1,0,1691689108.48
WithPD,19,1691689108417446144,22.0,51.0,1691689106217159680,1,0,1691689109.01
WithPD,19,1691689108417446144,22.0,51.0,1691689106217159680,1,0,1691689111.13
WithPD,20,1691689108966952192,22.0,51.0,1691689106217159680,1,0,1691689111.45
WoutPD,3,This_is_noise_node3,1691689111.58
WoutPD,4,This_is_noise_node4,1691689111.6
WoutPD,5,This_is_noise_node5,1691689111.64
WoutPD,6,This_is_noise_node6,1691689111.67
WoutPD,7,This_is_noise_node7,1691689111.68
WoutPD,8,This_is_noise_node8,1691689111.71
WoutPD,9,This_is_noise_node9,1691689111.75
WoutPD,10,This_is_noise_node10,1691689111.76
WoutPD,11,This_is_noise_node11,1691689111.8
WoutPD,12,This_is_noise_node12,1691689111.83
WoutPD,14,This_is_noise_node14,1691689111.87
WoutPD,15,This_is_noise_node15,1691689111.9
WoutPD,16,This_is_noise_node16,1691689111.91
WoutPD,17,This_is_noise_node17,1691689111.95
WoutPD,18,This_is_noise_node18,1691689111.98
WoutPD,19,This_is_noise_node19,1691689111.99
WoutPD,20,This_is_noise_node20,1691689112.02
WoutPD,21,This_is_noise_node21,1691689112.05
WoutPD,22,This_is_noise_node22,1691689112.08
WoutPD,23,This_is_noise_node23,1691689112.11
WoutPD,24,This_is_noise_node24,1691689112.14
WoutPD,25,This_is_noise_node25,1691689112.17
WoutPD,26,This_is_noise_node26,1691689112.2
WoutPD,27,This_is_noise_node27,1691689112.24
WoutPD,28,This_is_noise_node28,1691689112.27
WoutPD,30,This_is_noise_node30,1691689112.28
WoutPD,31,This_is_noise_node31,1691689112.32
WoutPD,32,This_is_noise_node32,1691689112.35
WoutPD,33,This_is_noise_node33,1691689112.38
WoutPD,34,This_is_noise_node34,1691689112.39
WoutPD,35,This_is_noise_node35,1691689112.43
WoutPD,37,This_is_noise_node37,1691689112.46
WoutPD,38,This_is_noise_node38,1691689112.49
WoutPD,39,This_is_noise_node39,1691689112.52
WoutPD,40,This_is_noise_node40,1691689112.55
WoutPD,43,This_is_noise_node43,1691689112.59
WithPD,21,1691689109516669696,22.0,51.0,1691689106217159680,1,0,1691689113.4
WithPD,22,1691689110063748096,22.0,51.0,1691689106217159680,1,0,1691689113.7
WithPD,23,1691689110613526272,22.0,51.0,1691689106217159680,1,0,1691689114.04
WithPD,24,1691689111162618368,22.0,51.0,1691689111162618368,0,0,1691689114.33
WithPD,25,1691689111709728256,22.0,51.0,1691689111162618368,1,0,1691689114.69
WithPD,26,1691689112259739904,22.0,51.0,1691689111162618368,1,0,1691689114.97
WithPD,27,1691689112809914368,22.0,51.0,1691689112809914368,0,0,1691689115.25
WithPD,28,1691689113356863488,22.0,51.0,1691689112809914368,1,0,1691689115.52
WithPD,29,1691689113906351104,22.0,51.0,1691689112809914368,1,0,1691689115.85
WithPD,30,1691689114455868928,22.0,51.0,1691689114455868928,0,0,1691689116.23
WithPD,31,1691689115003152896,22.0,51.0,1691689114455868928,1,0,1691689116.5
WithPD,32,1691689115552389120,22.0,51.0,1691689114455868928,1,0,1691689116.81
WithPD,33,1691689116101811200,22.0,51.0,1691689114455868928,1,0,1691689117.1
WithPD,34,1691689116648658432,22.0,51.0,1691689114455868928,1,0,1691689117.41
WithPD,35,1691689117198202624,22.0,51.0,1691689114455868928,1,0,1691689117.8
WithPD,36,1691689117747526144,22.0,51.0,1691689114455868928,1,0,1691689118.34
WithPD,37,1691689118294690304,22.0,51.0,1691689114455868928,1,0,1691689118.89
WithPD,38,1691689118844044544,22.0,51.0,1691689114455868928,1,0,1691689119.45
WithPD,39,1691689119393954048,22.0,51.0,1691689114455868928,1,0,1691689119.99
WithPD,41,1691689120496543232,22.0,51.0,1691689114455868928,1,0,1691689121.08
WithPD,42,1691689121045893120,22.0,51.0,1691689114455868928,1,0,1691689121.64
WithPD,43,1691689121592944128,22.0,51.0,1691689114455868928,1,0,1691689122.2
WithPD,44,1691689122142475776,22.0,51.0,1691689114455868928,1,0,1691689122.75
WithPD,46,1691689123245573376,22.0,51.0,1691689114455868928,1,0,1691689123.84
WithPD,48,1691689124344183552,22.0,51.0,1691689114455868928,1,0,1691689124.96
WithPD,49,1691689124891297024,22.0,51.0,1691689114455868928,1,0,1691689125.49
WithPD,50,1691689125440633600,22.0,51.0,1691689114455868928,1,0,1691689126.03
WithPD,51,1691689125990405632,22.0,51.0,1691689114455868928,1,0,1691689126.59
WithPD,52,1691689126543745024,22.0,51.0,1691689114455868928,1,0,1691689127.14
WithPD,53,1691689127093928192,22.0,51.0,1691689114455868928,1,0,1691689127.69
WithPD,54,1691689127643388416,22.0,51.0,1691689114455868928,1,0,1691689128.24
WithPD,55,1691689128196670208,22.0,51.0,1691689114455868928,1,0,1691689128.79
WithPD,56,1691689128746146048,22.0,51.0,1691689114455868928,1,0,1691689129.34
WithPD,57,1691689129295577856,22.0,51.0,1691689114455868928,1,0,1691689129.89
WithPD,58,1691689129842777856,22.0,51.0,1691689114455868928,1,0,1691689130.44
WithPD,59,1691689130392218112,22.0,51.0,1691689114455868928,1,0,1691689131.0
WithPD,60,1691689130941944832,22.0,51.0,1691689114455868928,1,0,1691689131.55
WithPD,61,1691689131495294720,22.0,51.0,1691689114455868928,1,0,1691689132.09
WoutPD,45,This_is_noise_node45,1691689132.42
WoutPD,46,This_is_noise_node46,1691689132.45
WoutPD,47,This_is_noise_node47,1691689132.49
WoutPD,48,This_is_noise_node48,1691689132.52
WoutPD,49,This_is_noise_node49,1691689132.55
WoutPD,50,This_is_noise_node50,1691689132.58
WoutPD,51,This_is_noise_node51,1691689132.61
WoutPD,52,This_is_noise_node52,1691689132.64
WoutPD,53,This_is_noise_node53,1691689132.66
WoutPD,54,This_is_noise_node54,1691689132.67
WoutPD,55,This_is_noise_node55,1691689132.71
WoutPD,57,This_is_noise_node57,1691689132.76
WoutPD,58,This_is_noise_node58,1691689132.78
WoutPD,59,This_is_noise_node59,1691689132.81
WoutPD,60,This_is_noise_node60,1691689132.84
WoutPD,61,This_is_noise_node61,1691689132.87
WoutPD,62,This_is_noise_node62,1691689132.9
WoutPD,63,This_is_noise_node63,1691689132.92
WoutPD,64,This_is_noise_node64,1691689132.95
WoutPD,65,This_is_noise_node65,1691689132.98
WoutPD,66,This_is_noise_node66,1691689133.01
WoutPD,67,This_is_noise_node67,1691689133.04
WoutPD,68,This_is_noise_node68,1691689133.06
WoutPD,69,This_is_noise_node69,1691689133.12
WoutPD,70,This_is_noise_node70,1691689133.13
WoutPD,71,This_is_noise_node71,1691689133.14
WoutPD,72,This_is_noise_node72,1691689133.17
WoutPD,73,This_is_noise_node73,1691689133.2
WoutPD,74,This_is_noise_node74,1691689133.24
WithPD,62,1691689132044968960,22.0,51.0,1691689114455868928,1,0,1691689134.77
WithPD,63,1691689132594363136,22.0,51.0,1691689114455868928,1,0,1691689135.04
WithPD,64,1691689133141177600,22.0,51.0,1691689114455868928,1,0,1691689135.31
WithPD,65,1691689133691244032,22.0,51.0,1691689114455868928,1,0,1691689135.61
WithPD,66,1691689134240871936,22.0,51.0,1691689114455868928,1,0,1691689135.92
WithPD,67,1691689134787960576,22.0,51.0,1691689114455868928,1,0,1691689136.22
WithPD,68,1691689135337540352,22.0,51.0,1691689114455868928,1,0,1691689136.55
WithPD,69,1691689135886816768,22.0,51.0,1691689114455868928,1,0,1691689136.86
WoutPD,75,This_is_noise_node75,1691689137.04
WoutPD,76,This_is_noise_node76,1691689137.07
WoutPD,77,This_is_noise_node77,1691689137.1
WoutPD,78,This_is_noise_node78,1691689137.12
WoutPD,79,This_is_noise_node79,1691689137.15
WoutPD,80,This_is_noise_node80,1691689137.19
WoutPD,90,This_is_noise_node90,1691689137.34
WoutPD,91,This_is_noise_node91,1691689137.37
WoutPD,92,This_is_noise_node92,1691689137.4
WoutPD,93,This_is_noise_node93,1691689137.43
WoutPD,94,This_is_noise_node94,1691689137.46
WoutPD,95,This_is_noise_node95,1691689137.47
WoutPD,96,This_is_noise_node96,1691689137.53
WoutPD,97,This_is_noise_node97,1691689137.55
WoutPD,98,This_is_noise_node98,1691689137.57
WoutPD,99,This_is_noise_node99,1691689137.61
WithPD,70,1691689136434014464,22.0,51.0,1691689114455868928,1,0,1691689139.26
WithPD,71,1691689136983088384,22.0,51.0,1691689114455868928,1,0,1691689139.53
WithPD,72,1691689137532250368,22.0,51.0,1691689137532250368,0,0,1691689139.84
WithPD,73,1691689138079977984,22.0,51.0,1691689137532250368,1,0,1691689140.14
WithPD,74,1691689138629416448,22.0,51.0,1691689137532250368,1,0,1691689140.45
WithPD,75,1691689139178616064,22.0,51.0,1691689137532250368,1,0,1691689140.73
WithPD,76,1691689139725530880,22.0,51.0,1691689137532250368,1,0,1691689141.04
WithPD,77,1691689140274896128,22.0,51.0,1691689137532250368,1,0,1691689141.32
WithPD,78,1691689140824182528,22.0,51.0,1691689140824182528,0,0,1691689141.62
WithPD,79,1691689141371243264,22.0,51.0,1691689140824182528,1,0,1691689141.96
WithPD,80,1691689141921325056,22.0,51.0,1691689140824182528,1,0,1691689142.53
WithPD,81,1691689142470860032,22.0,51.0,1691689140824182528,1,0,1691689143.06
WithPD,82,1691689143024300032,22.0,51.0,1691689140824182528,1,0,1691689143.62
WithPD,83,1691689143573711104,22.0,51.0,1691689140824182528,1,0,1691689144.17
WithPD,84,1691689144123335168,22.0,51.0,1691689144123335168,0,0,1691689144.72
WithPD,85,1691689144671033088,22.0,51.0,1691689144123335168,1,0,1691689145.26
WithPD,86,1691689145220343296,22.0,51.0,1691689144123335168,1,0,1691689145.83
WithPD,87,1691689145769842176,22.0,51.0,1691689144123335168,1,0,1691689146.36
WithPD,88,1691689146316823040,22.0,51.0,1691689144123335168,1,0,1691689146.93
WithPD,89,1691689146866300672,22.0,51.0,1691689144123335168,1,0,1691689147.45
WoutPD,103,This_is_noise_node103,1691689147.61
WoutPD,104,This_is_noise_node104,1691689147.63
WoutPD,105,This_is_noise_node105,1691689147.67
WoutPD,106,This_is_noise_node106,1691689147.7
WoutPD,107,This_is_noise_node107,1691689147.73
WoutPD,108,This_is_noise_node108,1691689147.77
WithPD,90,1691689147415501312,22.0,51.0,1691689144123335168,1,0,1691689148.01
WithPD,91,1691689147963024640,22.0,51.0,1691689144123335168,1,0,1691689148.57
WithPD,92,1691689148512145408,22.0,51.0,1691689144123335168,1,0,1691689149.12
WithPD,93,1691689149061489920,22.0,51.0,1691689144123335168,1,0,1691689149.69
WithPD,94,1691689149614863360,22.0,51.0,1691689144123335168,1,0,1691689150.2
WithPD,95,1691689150164237056,22.0,51.0,1691689144123335168,1,0,1691689150.76
WithPD,96,1691689150713715712,22.0,51.0,1691689144123335168,1,0,1691689151.31
WithPD,97,1691689151260488192,22.0,51.0,1691689144123335168,1,0,1691689151.86
WithPD,98,1691689151810206208,22.0,51.0,1691689144123335168,1,0,1691689152.4
WithPD,100,1691689152906923008,22.0,51.0,1691689152359566848,1,0,1691689153.5
WithPD,101,1691689153456342272,22.0,51.0,1691689152359566848,1,0,1691689154.06
WithPD,102,1691689154006084096,22.0,51.0,1691689152359566848,1,0,1691689154.6
WithPD,103,1691689154552873216,22.0,51.0,1691689152359566848,1,0,1691689155.16
WithPD,104,1691689155102433536,22.0,51.0,1691689152359566848,1,0,1691689155.69
WithPD,105,1691689155651922176,22.0,51.0,1691689155651922176,0,0,1691689156.24
WithPD,106,1691689156199936256,22.0,51.0,1691689155651922176,1,0,1691689156.8
WithPD,107,1691689156749574144,22.0,51.0,1691689155651922176,1,0,1691689157.36
WithPD,108,1691689157299130112,22.0,51.0,1691689155651922176,1,0,1691689157.89
WithPD,109,1691689157846542848,22.0,51.0,1691689155651922176,1,0,1691689158.45
WithPD,110,1691689158395777024,22.0,51.0,1691689155651922176,1,0,1691689158.99
WithPD,111,1691689158945648640,22.0,51.0,1691689158945648640,0,0,1691689159.55
WithPD,112,1691689159492569600,22.0,51.0,1691689158945648640,1,0,1691689160.08
WithPD,113,1691689160042018816,22.0,51.0,1691689158945648640,1,0,1691689160.64
WithPD,114,1691689160591623936,22.0,51.0,1691689160591623936,0,0,1691689161.18
WithPD,115,1691689161139209728,22.0,51.0,1691689160591623936,1,0,1691689161.74
WithPD,116,1691689161688551424,22.0,51.0,1691689160591623936,1,0,1691689162.3
WithPD,117,1691689162237899264,22.0,51.0,1691689160591623936,1,0,1691689162.84
WithPD,118,1691689162791232256,22.0,51.0,1691689160591623936,1,0,1691689163.39
WithPD,119,1691689163340554496,22.0,51.0,1691689160591623936,1,0,1691689163.93
WithPD,120,1691689163890056192,22.0,51.0,1691689163890056192,0,0,1691689164.49
WoutPD,109,This_is_noise_node109,1691689164.75
WoutPD,110,This_is_noise_node110,1691689164.78
WoutPD,111,This_is_noise_node111,1691689164.82
WoutPD,112,This_is_noise_node112,1691689164.84
WoutPD,113,This_is_noise_node113,1691689164.89
WoutPD,114,This_is_noise_node114,1691689164.89
WoutPD,115,This_is_noise_node115,1691689164.93
WoutPD,116,This_is_noise_node116,1691689165.0
WoutPD,117,This_is_noise_node117,1691689165.02
WoutPD,118,This_is_noise_node118,1691689165.03
WoutPD,119,This_is_noise_node119,1691689165.06
WoutPD,120,This_is_noise_node120,1691689165.07
WoutPD,121,This_is_noise_node121,1691689165.09
WoutPD,122,This_is_noise_node122,1691689165.13
WoutPD,123,This_is_noise_node123,1691689165.15
WoutPD,125,This_is_noise_node125,1691689165.19
WoutPD,126,This_is_noise_node126,1691689165.22
WoutPD,127,This_is_noise_node127,1691689165.26
WoutPD,128,This_is_noise_node128,1691689165.28
WoutPD,129,This_is_noise_node129,1691689165.32
WoutPD,130,This_is_noise_node130,1691689165.34
WoutPD,131,This_is_noise_node131,1691689165.36
WoutPD,132,This_is_noise_node132,1691689165.4
WoutPD,134,This_is_noise_node134,1691689165.45
WoutPD,135,This_is_noise_node135,1691689165.46
WoutPD,136,This_is_noise_node136,1691689165.49
WoutPD,137,This_is_noise_node137,1691689165.5
WoutPD,138,This_is_noise_node138,1691689165.54
WoutPD,140,This_is_noise_node140,1691689165.57
WoutPD,141,This_is_noise_node141,1691689165.6
WoutPD,144,This_is_noise_node144,1691689165.63
WithPD,121,1691689164437175552,22.0,51.0,1691689163890056192,1,0,1691689167.16
WithPD,122,1691689164986377472,22.0,51.0,1691689163890056192,1,0,1691689167.44
WoutPD,149,This_is_noise_node149,1691689167.57
WoutPD,150,This_is_noise_node150,1691689167.6
WoutPD,151,This_is_noise_node151,1691689167.61
WoutPD,152,This_is_noise_node152,1691689167.65
WoutPD,153,This_is_noise_node153,1691689167.68
WoutPD,154,This_is_noise_node154,1691689167.71
WoutPD,155,This_is_noise_node155,1691689167.74
WoutPD,156,This_is_noise_node156,1691689167.77
WoutPD,157,This_is_noise_node157,1691689167.8
WoutPD,167,This_is_noise_node167,1691689167.95
WithPD,124,1691689166082863616,22.0,51.0,1691689163890056192,1,0,1691689168.1
WithPD,125,1691689166632722176,22.0,51.0,1691689163890056192,1,0,1691689168.42
WithPD,126,1691689167183689472,22.0,51.0,1691689163890056192,1,0,1691689168.75
WithPD,127,1691689167730868480,22.0,51.0,1691689163890056192,1,0,1691689169.08
WithPD,128,1691689168280419328,22.0,51.0,1691689163890056192,1,0,1691689169.43
WithPD,129,1691689168829803264,22.0,51.0,1691689163890056192,1,0,1691689169.77
WithPD,130,1691689169383152640,22.0,51.0,1691689163890056192,1,0,1691689170.11
WithPD,131,1691689169932285696,22.0,51.0,1691689163890056192,1,0,1691689170.54
WithPD,132,1691689170481625600,22.0,51.0,1691689163890056192,1,0,1691689171.09
WithPD,133,1691689171028350208,22.0,51.0,1691689163890056192,1,0,1691689171.62
WithPD,134,1691689171577881088,22.0,51.0,1691689163890056192,1,0,1691689172.18
WithPD,135,1691689172127328256,22.0,57.0,1691689172127328256,0,0,1691689172.72
WithPD,136,1691689172674808576,22.0,57.0,1691689172127328256,1,0,1691689173.27
WithPD,137,1691689173224076288,22.0,57.0,1691689172127328256,1,0,1691689173.83
WithPD,138,1691689173773583872,22.0,55.0,1691689173773583872,0,0,1691689174.37
WithPD,139,1691689174320912896,22.0,55.0,1691689173773583872,1,0,1691689174.9
WithPD,140,1691689174870186752,22.0,55.0,1691689173773583872,1,0,1691689175.47
WithPD,141,1691689175419924736,22.0,54.0,1691689175419924736,0,0,1691689176.01
WithPD,142,1691689175967426560,22.0,54.0,1691689175419924736,1,0,1691689176.57
WoutPD,168,This_is_noise_node168,1691689176.95
WoutPD,169,This_is_noise_node169,1691689176.99
WoutPD,170,This_is_noise_node170,1691689177.02
WoutPD,171,This_is_noise_node171,1691689177.05
WoutPD,172,This_is_noise_node172,1691689177.07
WoutPD,173,This_is_noise_node173,1691689177.08
WoutPD,174,This_is_noise_node174,1691689177.11
WoutPD,175,This_is_noise_node175,1691689177.14
WoutPD,176,This_is_noise_node176,1691689177.17
WithPD,143,1691689176517156096,22.0,54.0,1691689175419924736,1,0,1691689177.2
WoutPD,178,This_is_noise_node178,1691689177.24
WoutPD,179,This_is_noise_node179,1691689177.27
WoutPD,180,This_is_noise_node180,1691689177.29
WoutPD,181,This_is_noise_node181,1691689177.33
WoutPD,182,This_is_noise_node182,1691689177.33
WoutPD,183,This_is_noise_node183,1691689177.37
WoutPD,184,This_is_noise_node184,1691689177.4
WoutPD,185,This_is_noise_node185,1691689177.42
WoutPD,186,This_is_noise_node186,1691689177.46
WoutPD,187,This_is_noise_node187,1691689177.5
WoutPD,188,This_is_noise_node188,1691689177.51
WoutPD,189,This_is_noise_node189,1691689177.54
WoutPD,190,This_is_noise_node190,1691689177.57
WoutPD,192,This_is_noise_node192,1691689177.62
WithPD,143,1691689176517156096,22.0,54.0,1691689175419924736,1,0,1691689179.25
WithPD,144,1691689177066728960,22.0,54.0,1691689175419924736,1,0,1691689179.54
WithPD,145,1691689177613628416,22.0,54.0,1691689175419924736,1,0,1691689179.78
WithPD,146,1691689178162820864,22.0,54.0,1691689175419924736,1,0,1691689180.11
WithPD,147,1691689178712242688,22.0,54.0,1691689175419924736,1,0,1691689180.44
WithPD,148,1691689179259369984,22.0,54.0,1691689175419924736,1,0,1691689180.72
WithPD,149,1691689179808464384,22.0,54.0,1691689175419924736,1,0,1691689181.03
WithPD,150,1691689180357868032,22.0,52.0,1691689180357868032,0,0,1691689181.31
WithPD,151,1691689180905245184,22.0,52.0,1691689180357868032,1,0,1691689181.66
WithPD,152,1691689181454454528,22.0,52.0,1691689180357868032,1,0,1691689182.05
WithPD,153,1691689182003743488,22.0,52.0,1691689180357868032,1,0,1691689182.59
WithPD,154,1691689182551503104,22.0,52.0,1691689180357868032,1,0,1691689183.15
WithPD,155,1691689183101517056,22.0,52.0,1691689180357868032,1,0,1691689183.7
WithPD,156,1691689183650894592,22.0,52.0,1691689180357868032,1,0,1691689184.25
WithPD,157,1691689184204175360,22.0,52.0,1691689180357868032,1,0,1691689184.81
WithPD,158,1691689184753711616,22.0,52.0,1691689180357868032,1,0,1691689185.35
WithPD,159,1691689185303416064,22.0,52.0,1691689180357868032,1,0,1691689185.89
WithPD,160,1691689185850076416,22.0,52.0,1691689180357868032,1,0,1691689186.46
WithPD,161,1691689186399399168,22.0,52.0,1691689180357868032,1,0,1691689187.0
WoutPD,193,This_is_noise_node193,1691689187.46
WithPD,162,1691689186948762112,22.0,52.0,1691689180357868032,1,0,1691689187.56
WithPD,163,1691689187502124544,22.0,52.0,1691689180357868032,1,0,1691689188.09
WoutPD,194,This_is_noise_node194,1691689188.47
WoutPD,195,This_is_noise_node195,1691689188.5
WoutPD,196,This_is_noise_node196,1691689188.53
WoutPD,197,This_is_noise_node197,1691689188.57
WoutPD,198,This_is_noise_node198,1691689188.58
WoutPD,199,This_is_noise_node199,1691689188.64
WoutPD,200,This_is_noise_node200,1691689188.64
WoutPD,201,This_is_noise_node201,1691689188.68
WoutPD,202,This_is_noise_node202,1691689188.71
WithPD,164,1691689188051385088,22.0,52.0,1691689180357868032,1,0,1691689188.74
WoutPD,205,This_is_noise_node205,1691689188.77
WoutPD,206,This_is_noise_node206,1691689188.8
WoutPD,207,This_is_noise_node207,1691689188.84
WoutPD,208,This_is_noise_node208,1691689188.87
WoutPD,209,This_is_noise_node209,1691689188.91
WoutPD,210,This_is_noise_node210,1691689188.92
WoutPD,211,This_is_noise_node211,1691689188.96
WoutPD,212,This_is_noise_node212,1691689188.96
WoutPD,213,This_is_noise_node213,1691689189.01
WoutPD,214,This_is_noise_node214,1691689189.02
WoutPD,215,This_is_noise_node215,1691689189.06
WoutPD,216,This_is_noise_node216,1691689189.09
WoutPD,217,This_is_noise_node217,1691689189.12
WoutPD,218,This_is_noise_node218,1691689189.12
WoutPD,219,This_is_noise_node219,1691689189.16
WoutPD,220,This_is_noise_node220,1691689189.19
WithPD,165,1691689188600614144,22.0,51.0,1691689188600614144,0,0,1691689190.59
WithPD,166,1691689189148001792,22.0,51.0,1691689188600614144,1,0,1691689190.87
WithPD,167,1691689189697586944,22.0,51.0,1691689188600614144,1,0,1691689191.17
WithPD,168,1691689190246736896,22.0,51.0,1691689188600614144,1,0,1691689191.49
WithPD,169,1691689190793350144,22.0,51.0,1691689188600614144,1,0,1691689191.81
WithPD,170,1691689191342624000,22.0,51.0,1691689188600614144,1,0,1691689192.13
WithPD,171,1691689191891928576,22.0,51.0,1691689188600614144,1,0,1691689192.48
WithPD,172,1691689192438917888,22.0,51.0,1691689188600614144,1,0,1691689193.03
WithPD,173,1691689192988262400,22.0,51.0,1691689188600614144,1,0,1691689193.58
WithPD,174,1691689193537851648,22.0,51.0,1691689188600614144,1,0,1691689194.14
WithPD,175,1691689194091142400,22.0,51.0,1691689188600614144,1,0,1691689194.69
WithPD,176,1691689194640383488,22.0,51.0,1691689188600614144,1,0,1691689195.23
WithPD,177,1691689195189904896,22.0,51.0,1691689195189904896,0,0,1691689195.79
WithPD,178,1691689195737404928,22.0,51.0,1691689195189904896,1,0,1691689196.34
WithPD,179,1691689196286644736,22.0,51.0,1691689195189904896,1,0,1691689196.88
WithPD,180,1691689196835954432,22.0,51.0,1691689195189904896,1,0,1691689197.45
WithPD,181,1691689197389746432,22.0,51.0,1691689195189904896,1,0,1691689197.98
WithPD,182,1691689197938967040,22.0,51.0,1691689195189904896,1,0,1691689198.53
WithPD,183,1691689198488168960,22.0,51.0,1691689195189904896,1,0,1691689199.08
WithPD,184,1691689199035201024,22.0,51.0,1691689195189904896,1,0,1691689199.63
WithPD,185,1691689199584450560,22.0,51.0,1691689195189904896,1,0,1691689200.18
WithPD,186,1691689200134226688,22.0,51.0,1691689200134226688,0,0,1691689200.72
WithPD,187,1691689200681030912,22.0,51.0,1691689200134226688,1,0,1691689201.27
WithPD,188,1691689201230308352,22.0,51.0,1691689200134226688,1,0,1691689201.85
WithPD,189,1691689201779514368,22.0,51.0,1691689200134226688,1,0,1691689202.39
WithPD,190,1691689202326372864,22.0,51.0,1691689200134226688,1,0,1691689202.93
WithPD,191,1691689202876230144,22.0,51.0,1691689200134226688,1,0,1691689203.47
WithPD,192,1691689203425710080,22.0,51.0,1691689200134226688,1,0,1691689204.04
WithPD,193,1691689203978916864,22.0,51.0,1691689200134226688,1,0,1691689204.59
WithPD,194,1691689204528240384,22.0,51.0,1691689200134226688,1,0,1691689205.12
WithPD,195,1691689205077844480,22.0,51.0,1691689200134226688,1,0,1691689205.67
WithPD,196,1691689205624651520,22.0,51.0,1691689200134226688,1,0,1691689206.22
WithPD,197,1691689206174668800,22.0,51.0,1691689200134226688,1,0,1691689206.79
WithPD,198,1691689206724407552,22.0,51.0,1691689206724407552,0,0,1691689207.32
WithPD,199,1691689207271377408,22.0,51.0,1691689206724407552,1,0,1691689207.87
WithPD,200,1691689207820799488,22.0,51.0,1691689206724407552,1,0,1691689208.42
WithPD,201,1691689208370184192,22.0,51.0,1691689206724407552,1,0,1691689208.96
WithPD,202,1691689208923554048,22.0,51.0,1691689206724407552,1,0,1691689209.53
WithPD,203,1691689209473329152,22.0,51.0,1691689206724407552,1,0,1691689210.07
WithPD,204,1691689210022610688,22.0,51.0,1691689210022610688,0,0,1691689210.62
WithPD,205,1691689210569902592,22.0,51.0,1691689210022610688,1,0,1691689211.19
WithPD,206,1691689211119159808,22.0,51.0,1691689210022610688,1,0,1691689211.72
WithPD,207,1691689211668542976,22.0,51.0,1691689210022610688,1,0,1691689212.27
WithPD,208,1691689212215464448,22.0,51.0,1691689210022610688,1,0,1691689212.82
WithPD,209,1691689212765395712,22.0,51.0,1691689210022610688,1,0,1691689213.36
WithPD,210,1691689213314700544,22.0,51.0,1691689210022610688,1,0,1691689213.92
WithPD,211,1691689213870092032,22.0,51.0,1691689210022610688,1,0,1691689214.46
WithPD,212,1691689214419319808,22.0,51.0,1691689210022610688,1,0,1691689215.04
WoutPD,227,This_is_noise_node227,1691689215.17
WoutPD,228,This_is_noise_node228,1691689215.2
WoutPD,229,This_is_noise_node229,1691689215.24
WoutPD,230,This_is_noise_node230,1691689215.26
WoutPD,231,This_is_noise_node231,1691689215.3
WoutPD,232,This_is_noise_node232,1691689215.32
WoutPD,233,This_is_noise_node233,1691689215.35
WoutPD,234,This_is_noise_node234,1691689215.38
WoutPD,235,This_is_noise_node235,1691689215.41
WoutPD,236,This_is_noise_node236,1691689215.44
WoutPD,237,This_is_noise_node237,1691689215.47
WoutPD,238,This_is_noise_node238,1691689215.49
WoutPD,239,This_is_noise_node239,1691689215.52
WoutPD,240,This_is_noise_node240,1691689215.55
WoutPD,241,This_is_noise_node241,1691689215.58
WoutPD,242,This_is_noise_node242,1691689215.62
WoutPD,243,This_is_noise_node243,1691689215.64
WoutPD,244,This_is_noise_node244,1691689215.65
WoutPD,245,This_is_noise_node245,1691689215.68
WoutPD,246,This_is_noise_node246,1691689215.71
WoutPD,247,This_is_noise_node247,1691689215.74
WoutPD,248,This_is_noise_node248,1691689215.78
WoutPD,249,This_is_noise_node249,1691689215.8
WoutPD,250,This_is_noise_node250,1691689215.83
WoutPD,251,This_is_noise_node251,1691689215.86
WoutPD,252,This_is_noise_node252,1691689215.89
WoutPD,253,This_is_noise_node253,1691689215.93
WoutPD,257,This_is_noise_node257,1691689215.95
WoutPD,258,This_is_noise_node258,1691689215.98
WoutPD,259,This_is_noise_node259,1691689215.99
WoutPD,260,This_is_noise_node260,1691689216.03
WoutPD,261,This_is_noise_node261,1691689216.05
WoutPD,262,This_is_noise_node262,1691689216.08
WoutPD,264,This_is_noise_node264,1691689216.11
WoutPD,265,This_is_noise_node265,1691689216.14
WoutPD,266,This_is_noise_node266,1691689216.17
WoutPD,267,This_is_noise_node267,1691689216.2
WithPD,212,1691689214419319808,22.0,51.0,1691689210022610688,1,0,1691689217.18
WithPD,213,1691689214968785920,22.0,51.0,1691689210022610688,1,0,1691689217.47
