WithPD,0,1691692656257726720,0,0,0,1,1,1691692658.98
WithPD,1,1691692656906582016,0,0,0,1,1,1691692659.3
WithPD,2,1691692657456925440,0,0,0,1,1,1691692659.59
WithPD,3,1691692658006971648,0,0,0,1,1,1691692659.88
WithPD,4,1691692658554004736,0,0,0,1,1,1691692660.19
WithPD,5,1691692659103301120,0,0,0,1,1,1691692660.55
WithPD,6,1691692659652631552,0,0,0,1,1,1691692660.89
WithPD,7,1691692660206037504,0,0,0,1,1,1691692661.21
WithPD,8,1691692660755247104,0,0,0,1,1,1691692661.54
WithPD,9,1691692661304472320,0,0,0,1,1,1691692661.93
WithPD,10,1691692661851470848,0,0,0,1,1,1691692662.44
WithPD,11,1691692662400609536,0,0,0,1,1,1691692663.0
WithPD,12,1691692662950769664,0,0,0,1,1,1691692663.54
WithPD,13,1691692663497758208,0,0,0,1,1,1691692664.09
WithPD,14,1691692664047000832,0,0,0,1,1,1691692664.65
WithPD,15,1691692664596223232,22.0,50.0,1691692664596223232,0,0,1691692665.2
WithPD,16,1691692665143322368,22.0,50.0,1691692664596223232,1,0,1691692665.75
WithPD,17,1691692665692692224,22.0,50.0,1691692664596223232,1,0,1691692666.29
WithPD,18,1691692666242378752,22.0,50.0,1691692666242378752,0,0,1691692666.83
WithPD,19,1691692666789426176,22.0,50.0,1691692666242378752,1,0,1691692667.38
WithPD,20,1691692667338637312,22.0,50.0,1691692666242378752,1,0,1691692667.93
WithPD,21,1691692667887960832,22.0,50.0,1691692667887960832,0,0,1691692668.49
WithPD,22,1691692668435250432,22.0,50.0,1691692667887960832,1,0,1691692669.02
WithPD,23,1691692668984648704,22.0,50.0,1691692667887960832,1,0,1691692669.57
WoutPD,0,This_is_noise_node0,1691692669.77
WoutPD,1,This_is_noise_node1,1691692669.8
WoutPD,2,This_is_noise_node2,1691692669.83
WoutPD,3,This_is_noise_node3,1691692669.86
WoutPD,4,This_is_noise_node4,1691692669.88
WoutPD,5,This_is_noise_node5,1691692669.89
WoutPD,6,This_is_noise_node6,1691692669.92
WoutPD,7,This_is_noise_node7,1691692669.95
WoutPD,8,This_is_noise_node8,1691692669.98
WoutPD,9,This_is_noise_node9,1691692670.01
WoutPD,10,This_is_noise_node10,1691692670.04
WoutPD,11,This_is_noise_node11,1691692670.07
WoutPD,12,This_is_noise_node12,1691692670.1
WoutPD,13,This_is_noise_node13,1691692670.13
WoutPD,14,This_is_noise_node14,1691692670.15
WoutPD,15,This_is_noise_node15,1691692670.18
WoutPD,16,This_is_noise_node16,1691692670.21
WoutPD,17,This_is_noise_node17,1691692670.24
WoutPD,18,This_is_noise_node18,1691692670.27
WoutPD,19,This_is_noise_node19,1691692670.29
WoutPD,20,This_is_noise_node20,1691692670.33
WoutPD,21,This_is_noise_node21,1691692670.35
WoutPD,22,This_is_noise_node22,1691692670.38
WoutPD,23,This_is_noise_node23,1691692670.4
WoutPD,24,This_is_noise_node24,1691692670.44
WoutPD,25,This_is_noise_node25,1691692670.47
WoutPD,26,This_is_noise_node26,1691692670.5
WoutPD,28,This_is_noise_node28,1691692670.53
WoutPD,29,This_is_noise_node29,1691692670.56
WoutPD,31,This_is_noise_node31,1691692670.6
WoutPD,32,This_is_noise_node32,1691692670.62
WoutPD,34,This_is_noise_node34,1691692670.65
WoutPD,37,This_is_noise_node37,1691692670.7
WoutPD,38,This_is_noise_node38,1691692670.72
WoutPD,39,This_is_noise_node39,1691692670.75
WoutPD,41,This_is_noise_node41,1691692670.78
WoutPD,42,This_is_noise_node42,1691692670.81
WoutPD,44,This_is_noise_node44,1691692670.85
WoutPD,45,This_is_noise_node45,1691692670.88
WoutPD,47,This_is_noise_node47,1691692670.89
WoutPD,48,This_is_noise_node48,1691692670.93
WoutPD,49,This_is_noise_node49,1691692670.96
WithPD,23,1691692668984648704,22.0,50.0,1691692667887960832,1,0,1691692671.72
WithPD,24,1691692669534005504,22.0,50.0,1691692669534005504,0,0,1691692672.02
WithPD,25,1691692670081694976,22.0,50.0,1691692669534005504,1,0,1691692672.34
WithPD,26,1691692670630862848,22.0,50.0,1691692669534005504,1,0,1691692672.63
WithPD,27,1691692671180111872,22.0,50.0,1691692669534005504,1,0,1691692672.94
WithPD,28,1691692671727101952,22.0,50.0,1691692669534005504,1,0,1691692673.25
WithPD,29,1691692672276454656,22.0,50.0,1691692669534005504,1,0,1691692673.55
WithPD,30,1691692672825939712,22.0,50.0,1691692669534005504,1,0,1691692673.84
WithPD,31,1691692673372694016,22.0,50.0,1691692669534005504,1,0,1691692674.15
WithPD,32,1691692673921953536,22.0,50.0,1691692669534005504,1,0,1691692674.54
WithPD,33,1691692674471299840,22.0,50.0,1691692669534005504,1,0,1691692675.07
WithPD,34,1691692675025985280,22.0,50.0,1691692669534005504,1,0,1691692675.61
WithPD,35,1691692675575827712,22.0,50.0,1691692669534005504,1,0,1691692676.18
WithPD,36,1691692676125963008,22.0,50.0,1691692676125963008,0,0,1691692676.72
WithPD,37,1691692676672634368,22.0,50.0,1691692676125963008,1,0,1691692677.27
WithPD,38,1691692677222145024,22.0,50.0,1691692676125963008,1,0,1691692677.84
WithPD,39,1691692677771915008,22.0,50.0,1691692676125963008,1,0,1691692678.37
WithPD,40,1691692678325582080,22.0,50.0,1691692676125963008,1,0,1691692678.91
WithPD,41,1691692678874932224,22.0,50.0,1691692676125963008,1,0,1691692679.47
WithPD,42,1691692679424182016,22.0,50.0,1691692679424182016,0,0,1691692680.0
WithPD,43,1691692679970996992,22.0,50.0,1691692679424182016,1,0,1691692680.57
WithPD,44,1691692680520451328,22.0,50.0,1691692679424182016,1,0,1691692681.13
WithPD,45,1691692681069931776,22.0,50.0,1691692681069931776,0,0,1691692681.66
WithPD,46,1691692681616907520,22.0,50.0,1691692681069931776,1,0,1691692682.21
WithPD,47,1691692682166324736,22.0,50.0,1691692681069931776,1,0,1691692682.77
WithPD,48,1691692682715578880,22.0,50.0,1691692682715578880,0,0,1691692683.3
WoutPD,50,This_is_noise_node50,1691692683.78
WoutPD,51,This_is_noise_node51,1691692683.82
WoutPD,52,This_is_noise_node52,1691692683.85
WoutPD,53,This_is_noise_node53,1691692683.86
WithPD,49,1691692683262929920,22.0,50.0,1691692682715578880,1,0,1691692683.89
WoutPD,63,This_is_noise_node63,1691692684.05
WoutPD,64,This_is_noise_node64,1691692684.08
WoutPD,65,This_is_noise_node65,1691692684.11
WoutPD,66,This_is_noise_node66,1691692684.14
WoutPD,67,This_is_noise_node67,1691692684.17
WoutPD,68,This_is_noise_node68,1691692684.21
WoutPD,69,This_is_noise_node69,1691692684.23
WoutPD,70,This_is_noise_node70,1691692684.26
WoutPD,71,This_is_noise_node71,1691692684.27
WoutPD,72,This_is_noise_node72,1691692684.3
WoutPD,73,This_is_noise_node73,1691692684.34
WoutPD,74,This_is_noise_node74,1691692684.37
WoutPD,75,This_is_noise_node75,1691692684.4
WoutPD,76,This_is_noise_node76,1691692684.43
WoutPD,77,This_is_noise_node77,1691692684.46
WoutPD,78,This_is_noise_node78,1691692684.47
WoutPD,79,This_is_noise_node79,1691692684.5
WoutPD,80,This_is_noise_node80,1691692684.54
WoutPD,81,This_is_noise_node81,1691692684.57
WoutPD,82,This_is_noise_node82,1691692684.6
WoutPD,84,This_is_noise_node84,1691692684.64
WoutPD,85,This_is_noise_node85,1691692684.67
WoutPD,86,This_is_noise_node86,1691692684.69
WoutPD,87,This_is_noise_node87,1691692684.73
WoutPD,88,This_is_noise_node88,1691692684.76
WoutPD,90,This_is_noise_node90,1691692684.79
WoutPD,91,This_is_noise_node91,1691692684.8
WoutPD,92,This_is_noise_node92,1691692684.85
WoutPD,93,This_is_noise_node93,1691692684.87
WoutPD,95,This_is_noise_node95,1691692684.9
WoutPD,96,This_is_noise_node96,1691692684.93
WoutPD,97,This_is_noise_node97,1691692684.94
WoutPD,98,This_is_noise_node98,1691692684.98
WoutPD,100,This_is_noise_node100,1691692685.01
WoutPD,101,This_is_noise_node101,1691692685.05
WoutPD,102,This_is_noise_node102,1691692685.07
WoutPD,103,This_is_noise_node103,1691692685.1
WoutPD,106,This_is_noise_node106,1691692685.13
WoutPD,109,This_is_noise_node109,1691692685.18
WoutPD,112,This_is_noise_node112,1691692685.22
WoutPD,113,This_is_noise_node113,1691692685.25
WoutPD,114,This_is_noise_node114,1691692685.25
WoutPD,115,This_is_noise_node115,1691692685.3
WoutPD,117,This_is_noise_node117,1691692685.33
WoutPD,118,This_is_noise_node118,1691692685.34
WoutPD,120,This_is_noise_node120,1691692685.37
WoutPD,121,This_is_noise_node121,1691692685.4
WoutPD,122,This_is_noise_node122,1691692685.44
WoutPD,123,This_is_noise_node123,1691692685.46
WoutPD,124,This_is_noise_node124,1691692685.49
WoutPD,125,This_is_noise_node125,1691692685.52
WoutPD,128,This_is_noise_node128,1691692685.57
WoutPD,129,This_is_noise_node129,1691692685.59
WoutPD,130,This_is_noise_node130,1691692685.62
WoutPD,133,This_is_noise_node133,1691692685.65
WoutPD,134,This_is_noise_node134,1691692685.69
WoutPD,135,This_is_noise_node135,1691692685.71
WoutPD,136,This_is_noise_node136,1691692685.74
WoutPD,139,This_is_noise_node139,1691692685.78
WoutPD,140,This_is_noise_node140,1691692685.8
WoutPD,141,This_is_noise_node141,1691692685.8
WoutPD,142,This_is_noise_node142,1691692685.85
WoutPD,143,This_is_noise_node143,1691692685.87
WoutPD,144,This_is_noise_node144,1691692685.91
WoutPD,146,This_is_noise_node146,1691692685.94
WoutPD,147,This_is_noise_node147,1691692685.96
WoutPD,148,This_is_noise_node148,1691692686.0
WoutPD,149,This_is_noise_node149,1691692686.02
WithPD,50,1691692683812238592,22.0,50.0,1691692682715578880,1,0,1691692686.53
WithPD,51,1691692684361471744,22.0,50.0,1691692682715578880,1,0,1691692686.84
WithPD,52,1691692684914619648,22.0,50.0,1691692682715578880,1,0,1691692687.17
WithPD,53,1691692685463991040,22.0,50.0,1691692682715578880,1,0,1691692687.47
WithPD,54,1691692686013783296,22.0,50.0,1691692682715578880,1,0,1691692687.78
WithPD,55,1691692686560307968,22.0,50.0,1691692682715578880,1,0,1691692688.06
WithPD,56,1691692687110057472,22.0,50.0,1691692682715578880,1,0,1691692688.38
WithPD,56,1691692687110057472,22.0,50.0,1691692682715578880,1,0,1691692690.02
WithPD,57,1691692687659232768,22.0,50.0,1691692682715578880,1,0,1691692690.29
WithPD,58,1691692688212309760,22.0,50.0,1691692682715578880,1,0,1691692690.6
WithPD,59,1691692688761697280,22.0,50.0,1691692682715578880,1,0,1691692690.87
WithPD,60,1691692689310810112,22.0,50.0,1691692689310810112,0,0,1691692691.21
WithPD,61,1691692689857492480,22.0,50.0,1691692689310810112,1,0,1691692691.5
WithPD,62,1691692690406714624,22.0,50.0,1691692689310810112,1,0,1691692691.78
WithPD,63,1691692690956035072,22.0,50.0,1691692690956035072,0,0,1691692692.11
WithPD,64,1691692691503044864,22.0,50.0,1691692690956035072,1,0,1691692692.43
WithPD,65,1691692692052328704,22.0,50.0,1691692690956035072,1,0,1691692692.76
WithPD,66,1691692692601875712,22.0,50.0,1691692690956035072,1,0,1691692693.2
WithPD,67,1691692693148585728,22.0,50.0,1691692690956035072,1,0,1691692693.75
WithPD,68,1691692693698193152,22.0,50.0,1691692690956035072,1,0,1691692694.29
WithPD,69,1691692694247539968,22.0,50.0,1691692690956035072,1,0,1691692694.84
WithPD,70,1691692694794809856,22.0,50.0,1691692690956035072,1,0,1691692695.39
WithPD,71,1691692695344131840,22.0,50.0,1691692690956035072,1,0,1691692695.96
WithPD,72,1691692695893768704,22.0,50.0,1691692695893768704,0,0,1691692696.48
WithPD,73,1691692696440309248,22.0,50.0,1691692695893768704,1,0,1691692697.03
WithPD,74,1691692696990012928,22.0,50.0,1691692695893768704,1,0,1691692697.6
WithPD,75,1691692697539198720,22.0,50.0,1691692695893768704,1,0,1691692698.13
WithPD,76,1691692698085923328,22.0,50.0,1691692695893768704,1,0,1691692698.69
WithPD,77,1691692698635136000,22.0,50.0,1691692695893768704,1,0,1691692699.23
WithPD,78,1691692699184748288,22.0,50.0,1691692699184748288,0,0,1691692699.79
WoutPD,155,This_is_noise_node155,1691692699.91
WoutPD,156,This_is_noise_node156,1691692699.94
WoutPD,157,This_is_noise_node157,1691692699.97
WoutPD,158,This_is_noise_node158,1691692699.99
WoutPD,159,This_is_noise_node159,1691692700.02
WoutPD,160,This_is_noise_node160,1691692700.06
WoutPD,161,This_is_noise_node161,1691692700.08
WoutPD,162,This_is_noise_node162,1691692700.11
WoutPD,163,This_is_noise_node163,1691692700.14
WoutPD,164,This_is_noise_node164,1691692700.18
WoutPD,165,This_is_noise_node165,1691692700.21
WoutPD,166,This_is_noise_node166,1691692700.24
WoutPD,167,This_is_noise_node167,1691692700.26
WoutPD,168,This_is_noise_node168,1691692700.27
WoutPD,169,This_is_noise_node169,1691692700.31
WoutPD,170,This_is_noise_node170,1691692700.34
WoutPD,171,This_is_noise_node171,1691692700.37
WoutPD,172,This_is_noise_node172,1691692700.39
WoutPD,173,This_is_noise_node173,1691692700.43
WoutPD,174,This_is_noise_node174,1691692700.44
WoutPD,175,This_is_noise_node175,1691692700.48
WoutPD,176,This_is_noise_node176,1691692700.5
WoutPD,177,This_is_noise_node177,1691692700.54
WoutPD,178,This_is_noise_node178,1691692700.58
WoutPD,179,This_is_noise_node179,1691692700.61
WoutPD,181,This_is_noise_node181,1691692700.64
WoutPD,183,This_is_noise_node183,1691692700.65
WoutPD,184,This_is_noise_node184,1691692700.69
WoutPD,186,This_is_noise_node186,1691692700.72
WoutPD,187,This_is_noise_node187,1691692700.75
WoutPD,189,This_is_noise_node189,1691692700.78
WoutPD,190,This_is_noise_node190,1691692700.83
WoutPD,191,This_is_noise_node191,1691692700.83
WoutPD,192,This_is_noise_node192,1691692700.87
WoutPD,193,This_is_noise_node193,1691692700.9
WoutPD,194,This_is_noise_node194,1691692700.93
WoutPD,196,This_is_noise_node196,1691692700.94
WoutPD,197,This_is_noise_node197,1691692700.96
WoutPD,199,This_is_noise_node199,1691692700.99
WithPD,78,1691692699184748288,22.0,50.0,1691692699184748288,0,0,1691692701.43
WithPD,79,1691692699731512320,22.0,50.0,1691692699184748288,1,0,1691692701.68
WithPD,80,1691692700280860416,22.0,50.0,1691692699184748288,1,0,1691692702.01
WithPD,81,1691692700830717696,22.0,50.0,1691692700830717696,0,0,1691692702.31
WithPD,82,1691692701377458176,22.0,50.0,1691692700830717696,1,0,1691692702.64
WithPD,83,1691692701926865664,22.0,50.0,1691692700830717696,1,0,1691692702.92
WithPD,84,1691692702476058368,22.0,50.0,1691692700830717696,1,0,1691692703.23
WithPD,85,1691692703023085824,22.0,50.0,1691692700830717696,1,0,1691692703.63
WithPD,86,1691692703572312064,22.0,50.0,1691692700830717696,1,0,1691692704.17
WithPD,87,1691692704121870848,22.0,50.0,1691692700830717696,1,0,1691692704.72
WithPD,88,1691692704674981120,22.0,50.0,1691692700830717696,1,0,1691692705.28
WithPD,89,1691692705224653056,22.0,50.0,1691692700830717696,1,0,1691692705.84
WithPD,90,1691692705774046720,22.0,50.0,1691692705774046720,0,0,1691692706.37
WithPD,91,1691692706321131520,22.0,50.0,1691692705774046720,1,0,1691692706.91
WithPD,92,1691692706870625280,22.0,50.0,1691692705774046720,1,0,1691692707.46
WithPD,93,1691692707420038656,22.0,50.0,1691692705774046720,1,0,1691692708.01
WithPD,94,1691692707967643648,22.0,50.0,1691692705774046720,1,0,1691692708.55
WithPD,95,1691692708517398528,22.0,50.0,1691692705774046720,1,0,1691692709.12
WithPD,96,1691692709066772992,22.0,50.0,1691692705774046720,1,0,1691692709.68
WithPD,97,1691692709619895808,22.0,50.0,1691692705774046720,1,0,1691692710.21
WithPD,98,1691692710169480960,22.0,50.0,1691692705774046720,1,0,1691692710.76
WithPD,99,1691692710718849280,22.0,50.0,1691692710718849280,0,0,1691692711.3
WithPD,100,1691692711265723904,22.0,50.0,1691692710718849280,1,0,1691692711.84
WithPD,101,1691692711815106048,22.0,50.0,1691692710718849280,1,0,1691692712.42
WithPD,102,1691692712364341760,22.0,50.0,1691692710718849280,1,0,1691692712.96
WithPD,103,1691692712911010560,22.0,50.0,1691692710718849280,1,0,1691692713.49
WithPD,104,1691692713460581376,22.0,50.0,1691692710718849280,1,0,1691692714.05
WithPD,105,1691692714009829632,22.0,50.0,1691692710718849280,1,0,1691692714.6
WithPD,107,1691692715111984384,22.0,50.0,1691692710718849280,1,0,1691692715.71
WithPD,108,1691692715661606144,22.0,49.0,1691692715661606144,0,0,1691692716.26
WithPD,109,1691692716208808192,22.0,49.0,1691692715661606144,1,0,1691692716.81
WithPD,110,1691692716758093568,22.0,49.0,1691692715661606144,1,0,1691692717.36
WithPD,111,1691692717307325184,22.0,50.0,1691692717307325184,0,0,1691692717.91
WithPD,112,1691692717854460928,22.0,50.0,1691692717307325184,1,0,1691692718.46
WithPD,113,1691692718403758080,22.0,50.0,1691692717307325184,1,0,1691692718.99
WithPD,114,1691692718953453824,22.0,50.0,1691692718953453824,0,0,1691692719.55
WithPD,115,1691692719500280576,22.0,50.0,1691692718953453824,1,0,1691692720.08
WithPD,116,1691692720050141184,22.0,50.0,1691692718953453824,1,0,1691692720.65
WithPD,117,1691692720599407104,22.0,50.0,1691692718953453824,1,0,1691692721.2
WithPD,118,1691692721146397952,22.0,50.0,1691692718953453824,1,0,1691692721.74
WithPD,119,1691692721695821056,22.0,50.0,1691692718953453824,1,0,1691692722.28
WithPD,120,1691692722245569792,22.0,50.0,1691692718953453824,1,0,1691692722.83
WithPD,121,1691692722792329472,22.0,50.0,1691692718953453824,1,0,1691692723.39
WithPD,122,1691692723341723648,22.0,50.0,1691692718953453824,1,0,1691692723.95
WithPD,123,1691692723891185152,22.0,50.0,1691692718953453824,1,0,1691692724.49
WithPD,124,1691692724444420352,22.0,50.0,1691692718953453824,1,0,1691692725.05
WithPD,125,1691692724994020608,22.0,50.0,1691692718953453824,1,0,1691692725.6
WithPD,126,1691692725543391488,22.0,50.0,1691692718953453824,1,0,1691692726.15
WithPD,127,1691692726096800256,22.0,50.0,1691692718953453824,1,0,1691692726.69
WithPD,128,1691692726646284544,22.0,50.0,1691692718953453824,1,0,1691692727.24
WithPD,129,1691692727195499776,22.0,50.0,1691692718953453824,1,0,1691692727.8
WithPD,130,1691692727742586624,22.0,50.0,1691692718953453824,1,0,1691692728.34
WithPD,131,1691692728291752960,22.0,50.0,1691692718953453824,1,0,1691692728.88
WithPD,132,1691692728841509376,22.0,50.0,1691692718953453824,1,0,1691692729.44
WithPD,133,1691692729388115200,22.0,50.0,1691692718953453824,1,0,1691692729.98
WithPD,134,1691692729937574400,22.0,50.0,1691692718953453824,1,0,1691692730.52
WoutPD,200,This_is_noise_node200,1691692730.84
WoutPD,201,This_is_noise_node201,1691692730.87
WoutPD,202,This_is_noise_node202,1691692730.9
WoutPD,203,This_is_noise_node203,1691692730.93
WoutPD,204,This_is_noise_node204,1691692730.96
WoutPD,205,This_is_noise_node205,1691692730.99
WoutPD,206,This_is_noise_node206,1691692731.01
WoutPD,207,This_is_noise_node207,1691692731.05
WoutPD,208,This_is_noise_node208,1691692731.08
WoutPD,209,This_is_noise_node209,1691692731.1
WoutPD,210,This_is_noise_node210,1691692731.11
WoutPD,211,This_is_noise_node211,1691692731.15
WoutPD,212,This_is_noise_node212,1691692731.18
WoutPD,221,This_is_noise_node221,1691692731.32
WoutPD,222,This_is_noise_node222,1691692731.35
WoutPD,223,This_is_noise_node223,1691692731.37
WoutPD,224,This_is_noise_node224,1691692731.41
WoutPD,225,This_is_noise_node225,1691692731.42
WoutPD,226,This_is_noise_node226,1691692731.46
WoutPD,227,This_is_noise_node227,1691692731.49
WoutPD,228,This_is_noise_node228,1691692731.52
WoutPD,229,This_is_noise_node229,1691692731.55
WoutPD,230,This_is_noise_node230,1691692731.58
WoutPD,231,This_is_noise_node231,1691692731.61
WoutPD,232,This_is_noise_node232,1691692731.63
WoutPD,233,This_is_noise_node233,1691692731.67
WoutPD,234,This_is_noise_node234,1691692731.69
WoutPD,235,This_is_noise_node235,1691692731.73
WoutPD,236,This_is_noise_node236,1691692731.75
WoutPD,237,This_is_noise_node237,1691692731.78
WoutPD,238,This_is_noise_node238,1691692731.79
WoutPD,239,This_is_noise_node239,1691692731.82
WoutPD,241,This_is_noise_node241,1691692731.86
WoutPD,243,This_is_noise_node243,1691692731.89
WoutPD,244,This_is_noise_node244,1691692731.92
WoutPD,246,This_is_noise_node246,1691692731.96
WoutPD,247,This_is_noise_node247,1691692731.98
WoutPD,248,This_is_noise_node248,1691692732.0
WoutPD,249,This_is_noise_node249,1691692732.04
WithPD,136,1691692731034006528,22.0,49.0,1691692730486816256,1,0,1691692733.83
WithPD,137,1691692731583164672,22.0,49.0,1691692730486816256,1,0,1691692734.1
WithPD,138,1691692732132454656,22.0,49.0,1691692730486816256,1,0,1691692734.42
WithPD,139,1691692732679395584,22.0,49.0,1691692730486816256,1,0,1691692734.7
WithPD,140,1691692733228631040,22.0,49.0,1691692730486816256,1,0,1691692735.02
WithPD,141,1691692733777950464,22.0,49.0,1691692730486816256,1,0,1691692735.31
WithPD,142,1691692734324632064,22.0,49.0,1691692730486816256,1,0,1691692735.65
WithPD,143,1691692734874203648,22.0,49.0,1691692730486816256,1,0,1691692735.96
WithPD,144,1691692735423492608,22.0,49.0,1691692730486816256,1,0,1691692736.32
WithPD,145,1691692735976806912,22.0,49.0,1691692730486816256,1,0,1691692736.66
WithPD,146,1691692736526242816,22.0,49.0,1691692730486816256,1,0,1691692737.11
WithPD,147,1691692737075996160,22.0,49.0,1691692730486816256,1,0,1691692737.67
WithPD,148,1691692737623963904,22.0,49.0,1691692730486816256,1,0,1691692738.22
WithPD,149,1691692738173643776,22.0,49.0,1691692730486816256,1,0,1691692738.77
WithPD,150,1691692738722949632,22.0,49.0,1691692738722949632,0,0,1691692739.32
WithPD,151,1691692739270895360,22.0,49.0,1691692738722949632,1,0,1691692739.87
WithPD,152,1691692739820302592,22.0,49.0,1691692738722949632,1,0,1691692740.42
WithPD,153,1691692740369888768,22.0,49.0,1691692738722949632,1,0,1691692740.97
WithPD,154,1691692740923160064,22.0,49.0,1691692738722949632,1,0,1691692741.53
WithPD,155,1691692741472501504,22.0,49.0,1691692738722949632,1,0,1691692742.07
WithPD,156,1691692742021894144,22.0,49.0,1691692738722949632,1,0,1691692742.61
WithPD,157,1691692742568754944,22.0,49.0,1691692738722949632,1,0,1691692743.16
WithPD,158,1691692743118397440,22.0,49.0,1691692738722949632,1,0,1691692743.73
WithPD,159,1691692743667608576,22.0,49.0,1691692738722949632,1,0,1691692744.26
WithPD,160,1691692744214425344,22.0,49.0,1691692738722949632,1,0,1691692744.81
WithPD,161,1691692744763885824,22.0,49.0,1691692738722949632,1,0,1691692745.36
WithPD,162,1691692745313547008,22.0,49.0,1691692738722949632,1,0,1691692745.93
WithPD,164,1691692746415916288,22.0,49.0,1691692738722949632,1,0,1691692747.03
WithPD,165,1691692746965609984,22.0,49.0,1691692746965609984,0,0,1691692747.56
WithPD,167,1691692748062030592,22.0,49.0,1691692746965609984,1,0,1691692748.66
WithPD,168,1691692748611414528,22.0,49.0,1691692748611414528,0,0,1691692749.2
WithPD,169,1691692749158196224,22.0,49.0,1691692748611414528,1,0,1691692749.75
WithPD,170,1691692749707423232,22.0,49.0,1691692748611414528,1,0,1691692750.3
WithPD,171,1691692750256887552,22.0,49.0,1691692748611414528,1,0,1691692750.86
WithPD,172,1691692750803577088,22.0,49.0,1691692748611414528,1,0,1691692751.41
WithPD,173,1691692751353185024,22.0,49.0,1691692748611414528,1,0,1691692751.96
WithPD,174,1691692751902459648,22.0,49.0,1691692751902459648,0,0,1691692752.49
WithPD,175,1691692752449579520,22.0,49.0,1691692751902459648,1,0,1691692753.05
WithPD,176,1691692752998821376,22.0,49.0,1691692751902459648,1,0,1691692753.6
WithPD,178,1691692754095325696,22.0,50.0,1691692753548512256,1,0,1691692754.7
WithPD,179,1691692754644872448,22.0,50.0,1691692753548512256,1,0,1691692755.25
WithPD,180,1691692755194272768,22.0,50.0,1691692753548512256,1,0,1691692755.8
WithPD,181,1691692755747495680,22.0,50.0,1691692753548512256,1,0,1691692756.34
WithPD,182,1691692756297227264,22.0,50.0,1691692753548512256,1,0,1691692756.88
WithPD,183,1691692756846350336,22.0,50.0,1691692753548512256,1,0,1691692757.45
WoutPD,250,This_is_noise_node250,1691692757.87
WoutPD,251,This_is_noise_node251,1691692757.9
WoutPD,252,This_is_noise_node252,1691692757.94
WoutPD,253,This_is_noise_node253,1691692757.97
WoutPD,254,This_is_noise_node254,1691692758.0
WoutPD,255,This_is_noise_node255,1691692758.01
WoutPD,257,This_is_noise_node257,1691692758.07
WoutPD,258,This_is_noise_node258,1691692758.1
WoutPD,259,This_is_noise_node259,1691692758.14
WoutPD,260,This_is_noise_node260,1691692758.17
WoutPD,261,This_is_noise_node261,1691692758.17
WoutPD,262,This_is_noise_node262,1691692758.21
WoutPD,263,This_is_noise_node263,1691692758.24
WoutPD,264,This_is_noise_node264,1691692758.27
WoutPD,265,This_is_noise_node265,1691692758.3
WoutPD,266,This_is_noise_node266,1691692758.31
WoutPD,267,This_is_noise_node267,1691692758.35
WoutPD,268,This_is_noise_node268,1691692758.39
WoutPD,269,This_is_noise_node269,1691692758.41
WoutPD,270,This_is_noise_node270,1691692758.43
WoutPD,271,This_is_noise_node271,1691692758.46
WoutPD,272,This_is_noise_node272,1691692758.51
WoutPD,273,This_is_noise_node273,1691692758.54
WoutPD,274,This_is_noise_node274,1691692758.57
WoutPD,275,This_is_noise_node275,1691692758.57
WoutPD,277,This_is_noise_node277,1691692758.62
WoutPD,278,This_is_noise_node278,1691692758.65
WoutPD,279,This_is_noise_node279,1691692758.68
WoutPD,282,This_is_noise_node282,1691692758.72
WoutPD,283,This_is_noise_node283,1691692758.75
WoutPD,284,This_is_noise_node284,1691692758.78
WoutPD,285,This_is_noise_node285,1691692758.81
WoutPD,287,This_is_noise_node287,1691692758.82
WoutPD,288,This_is_noise_node288,1691692758.85
WoutPD,290,This_is_noise_node290,1691692758.88
WoutPD,291,This_is_noise_node291,1691692758.91
WoutPD,293,This_is_noise_node293,1691692758.94
WoutPD,294,This_is_noise_node294,1691692758.98
WoutPD,295,This_is_noise_node295,1691692759.03
WoutPD,298,This_is_noise_node298,1691692759.05
WoutPD,301,This_is_noise_node301,1691692759.06
WoutPD,302,This_is_noise_node302,1691692759.1
WoutPD,304,This_is_noise_node304,1691692759.13
WoutPD,305,This_is_noise_node305,1691692759.16
WoutPD,307,This_is_noise_node307,1691692759.19
WoutPD,308,This_is_noise_node308,1691692759.22
WoutPD,309,This_is_noise_node309,1691692759.25
WoutPD,310,This_is_noise_node310,1691692759.29
WoutPD,311,This_is_noise_node311,1691692759.32
WoutPD,312,This_is_noise_node312,1691692759.34
WoutPD,314,This_is_noise_node314,1691692759.37
WoutPD,316,This_is_noise_node316,1691692759.4
WoutPD,317,This_is_noise_node317,1691692759.43
WoutPD,318,This_is_noise_node318,1691692759.48
WoutPD,319,This_is_noise_node319,1691692759.5
WoutPD,321,This_is_noise_node321,1691692759.51
WoutPD,322,This_is_noise_node322,1691692759.54
WoutPD,324,This_is_noise_node324,1691692759.58
WoutPD,325,This_is_noise_node325,1691692759.61
WoutPD,327,This_is_noise_node327,1691692759.64
WoutPD,328,This_is_noise_node328,1691692759.66
WoutPD,330,This_is_noise_node330,1691692759.7
WoutPD,331,This_is_noise_node331,1691692759.73
WoutPD,332,This_is_noise_node332,1691692759.76
WoutPD,333,This_is_noise_node333,1691692759.78
WoutPD,335,This_is_noise_node335,1691692759.82
WoutPD,336,This_is_noise_node336,1691692759.85
WoutPD,339,This_is_noise_node339,1691692759.88
WoutPD,342,This_is_noise_node342,1691692759.91
WoutPD,343,This_is_noise_node343,1691692759.94
WoutPD,344,This_is_noise_node344,1691692759.98
WoutPD,345,This_is_noise_node345,1691692760.0
WoutPD,346,This_is_noise_node346,1691692760.04
WoutPD,349,This_is_noise_node349,1691692760.07
WithPD,184,1691692757393633536,22.0,50.0,1691692753548512256,1,0,1691692760.2
WithPD,185,1691692757943349504,22.0,50.0,1691692753548512256,1,0,1691692760.48
WithPD,186,1691692758494144000,22.0,50.0,1691692753548512256,1,0,1691692760.78
WoutPD,351,This_is_noise_node351,1691692760.92
WoutPD,352,This_is_noise_node352,1691692760.95
WoutPD,353,This_is_noise_node353,1691692760.98
WoutPD,354,This_is_noise_node354,1691692761.01
WoutPD,355,This_is_noise_node355,1691692761.04
WoutPD,356,This_is_noise_node356,1691692761.07
WoutPD,357,This_is_noise_node357,1691692761.1
WoutPD,358,This_is_noise_node358,1691692761.13
WithPD,187,1691692759041513728,22.0,50.0,1691692753548512256,1,0,1691692761.13
WoutPD,361,This_is_noise_node361,1691692761.19
WoutPD,362,This_is_noise_node362,1691692761.21
WoutPD,363,This_is_noise_node363,1691692761.24
WoutPD,364,This_is_noise_node364,1691692761.27
WoutPD,365,This_is_noise_node365,1691692761.31
WoutPD,366,This_is_noise_node366,1691692761.34
WoutPD,367,This_is_noise_node367,1691692761.34
WoutPD,368,This_is_noise_node368,1691692761.38
WoutPD,369,This_is_noise_node369,1691692761.41
WoutPD,370,This_is_noise_node370,1691692761.45
WoutPD,371,This_is_noise_node371,1691692761.48
WoutPD,372,This_is_noise_node372,1691692761.49
WoutPD,373,This_is_noise_node373,1691692761.53
WoutPD,374,This_is_noise_node374,1691692761.56
WoutPD,375,This_is_noise_node375,1691692761.59
WoutPD,376,This_is_noise_node376,1691692761.62
WoutPD,378,This_is_noise_node378,1691692761.63
WoutPD,379,This_is_noise_node379,1691692761.66
WoutPD,380,This_is_noise_node380,1691692761.69
WoutPD,381,This_is_noise_node381,1691692761.73
WoutPD,382,This_is_noise_node382,1691692761.75
WoutPD,383,This_is_noise_node383,1691692761.79
WoutPD,386,This_is_noise_node386,1691692761.82
WoutPD,387,This_is_noise_node387,1691692761.86
WoutPD,389,This_is_noise_node389,1691692761.86
WoutPD,390,This_is_noise_node390,1691692761.9
WoutPD,391,This_is_noise_node391,1691692761.92
WoutPD,392,This_is_noise_node392,1691692761.96
WoutPD,394,This_is_noise_node394,1691692762.0
WoutPD,395,This_is_noise_node395,1691692762.02
WoutPD,397,This_is_noise_node397,1691692762.06
WoutPD,398,This_is_noise_node398,1691692762.09
WoutPD,399,This_is_noise_node399,1691692762.09
WithPD,187,1691692759041513728,22.0,50.0,1691692753548512256,1,0,1691692762.68
WithPD,188,1691692759590795520,22.0,50.0,1691692753548512256,1,0,1691692763.0
WithPD,189,1691692760140023040,22.0,50.0,1691692753548512256,1,0,1691692763.29
WithPD,190,1691692760687202048,22.0,50.0,1691692753548512256,1,0,1691692763.63
WithPD,191,1691692761239089408,22.0,50.0,1691692753548512256,1,0,1691692763.92
WithPD,192,1691692761788418560,22.0,50.0,1691692753548512256,1,0,1691692764.24
WithPD,193,1691692762341708800,22.0,50.0,1691692753548512256,1,0,1691692764.58
WithPD,194,1691692762891027456,22.0,50.0,1691692753548512256,1,0,1691692764.93
WithPD,195,1691692763440128000,22.0,56.0,1691692763440128000,0,0,1691692765.25
WithPD,196,1691692763987338752,22.0,56.0,1691692763440128000,1,0,1691692765.56
WithPD,197,1691692764537249024,22.0,56.0,1691692763440128000,1,0,1691692765.87
WithPD,198,1691692765086724352,22.0,56.0,1691692763440128000,1,0,1691692766.17
WithPD,199,1691692765633689856,22.0,56.0,1691692763440128000,1,0,1691692766.53
WithPD,200,1691692766183301120,22.0,56.0,1691692763440128000,1,0,1691692766.85
WithPD,201,1691692766732841472,22.0,56.0,1691692763440128000,1,0,1691692767.32
WithPD,202,1691692767279922432,22.0,56.0,1691692763440128000,1,0,1691692767.87
WithPD,203,1691692767830307840,22.0,56.0,1691692763440128000,1,0,1691692768.42
WithPD,204,1691692768379620352,22.0,52.0,1691692768379620352,0,0,1691692768.98
WithPD,206,1691692769476096512,22.0,52.0,1691692768379620352,1,0,1691692770.08
WithPD,207,1691692770025854976,22.0,51.0,1691692770025854976,0,0,1691692770.62
WithPD,209,1691692771122942976,22.0,51.0,1691692770025854976,1,0,1691692771.73
WithPD,210,1691692771672088576,22.0,51.0,1691692770025854976,1,0,1691692772.27
WithPD,211,1691692772225441280,22.0,51.0,1691692770025854976,1,0,1691692772.82
WithPD,212,1691692772776790528,22.0,51.0,1691692770025854976,1,0,1691692773.4
WithPD,213,1691692773326155520,22.0,50.0,1691692773326155520,0,0,1691692773.94
WithPD,214,1691692773873608704,22.0,50.0,1691692773326155520,1,0,1691692774.48
WithPD,215,1691692774422901248,22.0,50.0,1691692773326155520,1,0,1691692775.03
