WithPD,0,1691698929801677824,0,0,0,1,1,1691698932.51
WithPD,1,1691698930442506240,0,0,0,1,1,1691698932.84
WithPD,2,1691698930992741376,0,0,0,1,1,1691698933.17
WithPD,2,1691698930992741376,0,0,0,1,1,1691698934.9
WithPD,3,1691698931542599680,0,0,0,1,1,1691698935.22
WithPD,4,1691698932096743168,0,0,0,1,1,1691698935.53
WithPD,5,1691698932645997824,0,0,0,1,1,1691698935.81
WithPD,6,1691698933195386880,22.0,49.0,1691698933195386880,0,0,1691698936.13
WithPD,7,1691698933742323456,22.0,49.0,1691698933195386880,1,0,1691698936.43
WithPD,8,1691698934291575040,22.0,49.0,1691698933195386880,1,0,1691698936.76
WithPD,10,1691698935389216256,22.0,49.0,1691698934841944320,1,0,1691698937.41
WithPD,11,1691698935938276608,22.0,49.0,1691698934841944320,1,0,1691698937.76
WithPD,11,1691698935938276608,22.0,49.0,1691698934841944320,1,0,1691698939.4
WithPD,12,1691698936487574016,22.0,49.0,1691698934841944320,1,0,1691698939.68
WithPD,14,1691698937590268928,22.0,49.0,1691698934841944320,1,0,1691698940.26
WithPD,15,1691698938139540736,22.0,49.0,1691698934841944320,1,0,1691698940.56
WithPD,16,1691698938692866048,22.0,49.0,1691698934841944320,1,0,1691698940.88
WithPD,17,1691698939242167552,22.0,49.0,1691698934841944320,1,0,1691698941.16
WithPD,19,1691698940338230784,22.0,49.0,1691698934841944320,1,0,1691698941.82
WithPD,20,1691698940887491840,22.0,49.0,1691698934841944320,1,0,1691698942.17
WithPD,21,1691698941437632256,22.0,49.0,1691698941437632256,0,0,1691698942.48
WithPD,22,1691698941984379392,22.0,49.0,1691698941437632256,1,0,1691698942.8
WithPD,23,1691698942533798144,22.0,49.0,1691698941437632256,1,0,1691698943.17
WithPD,24,1691698943083281920,22.0,49.0,1691698943083281920,0,0,1691698943.71
WithPD,25,1691698943630836480,22.0,49.0,1691698943083281920,1,0,1691698944.24
WithPD,27,1691698944729966592,22.0,49.0,1691698943083281920,1,0,1691698945.33
WithPD,28,1691698945283057664,22.0,49.0,1691698943083281920,1,0,1691698945.89
WithPD,29,1691698945832775936,22.0,49.0,1691698943083281920,1,0,1691698946.45
WithPD,30,1691698946382605312,22.0,49.0,1691698943083281920,1,0,1691698947.0
WithPD,32,1691698947478648576,22.0,49.0,1691698943083281920,1,0,1691698948.09
WithPD,33,1691698948027900416,22.0,49.0,1691698943083281920,1,0,1691698948.63
WithPD,34,1691698948581245184,22.0,49.0,1691698943083281920,1,0,1691698949.19
WithPD,35,1691698949130553600,22.0,49.0,1691698943083281920,1,0,1691698949.74
WithPD,36,1691698949679814656,22.0,49.0,1691698943083281920,1,0,1691698950.3
WithPD,37,1691698950233209088,22.0,49.0,1691698943083281920,1,0,1691698950.84
WithPD,38,1691698950782995712,22.0,49.0,1691698943083281920,1,0,1691698951.39
WithPD,39,1691698951332303104,23.0,49.0,1691698951332303104,0,0,1691698951.93
WithPD,40,1691698951879558144,23.0,49.0,1691698951332303104,1,0,1691698952.5
WithPD,41,1691698952429039872,23.0,49.0,1691698951332303104,1,0,1691698953.02
WithPD,42,1691698952978370304,23.0,49.0,1691698951332303104,1,0,1691698953.6
WithPD,43,1691698953531554048,23.0,49.0,1691698951332303104,1,0,1691698954.14
WithPD,44,1691698954081146112,23.0,49.0,1691698951332303104,1,0,1691698954.69
WithPD,45,1691698954630563840,22.0,49.0,1691698954630563840,0,0,1691698955.23
WithPD,46,1691698955180810752,22.0,49.0,1691698954630563840,1,0,1691698955.8
WithPD,47,1691698955730264064,22.0,49.0,1691698954630563840,1,0,1691698956.34
WithPD,48,1691698956279505152,22.0,49.0,1691698954630563840,1,0,1691698956.9
WithPD,48,1691698956279505152,22.0,49.0,1691698954630563840,1,0,1691698958.54
WithPD,49,1691698956832717824,22.0,49.0,1691698954630563840,1,0,1691698958.82
WithPD,50,1691698957382317568,22.0,49.0,1691698954630563840,1,0,1691698959.12
WithPD,51,1691698957932560640,22.0,49.0,1691698954630563840,1,0,1691698959.41
WithPD,52,1691698958479330816,22.0,49.0,1691698954630563840,1,0,1691698959.72
WithPD,53,1691698959028634880,22.0,49.0,1691698954630563840,1,0,1691698960.03
WithPD,54,1691698959578076928,22.0,49.0,1691698954630563840,1,0,1691698960.34
WithPD,55,1691698960124787200,22.0,49.0,1691698954630563840,1,0,1691698960.73
WithPD,58,1691698961770715904,23.0,49.0,1691698961223671296,1,0,1691698962.39
WithPD,60,1691698962869816576,23.0,49.0,1691698962869816576,0,0,1691698963.48
WithPD,61,1691698963416531712,23.0,49.0,1691698962869816576,1,0,1691698964.02
WithPD,62,1691698963965982208,23.0,49.0,1691698962869816576,1,0,1691698964.58
WithPD,63,1691698964515358720,23.0,49.0,1691698964515358720,0,0,1691698965.13
WithPD,65,1691698965612034816,23.0,49.0,1691698964515358720,1,0,1691698966.21
WithPD,66,1691698966161767680,23.0,49.0,1691698966161767680,0,0,1691698966.76
WithPD,67,1691698966709241088,23.0,49.0,1691698966161767680,1,0,1691698967.3
WithPD,68,1691698967258499328,23.0,49.0,1691698966161767680,1,0,1691698967.86
WithPD,69,1691698967807845632,23.0,49.0,1691698966161767680,1,0,1691698968.43
WithPD,70,1691698968361288192,23.0,49.0,1691698966161767680,1,0,1691698968.99
WithPD,71,1691698968910363648,23.0,49.0,1691698966161767680,1,0,1691698969.52
WithPD,72,1691698969459720960,23.0,49.0,1691698966161767680,1,0,1691698970.07
WithPD,73,1691698970013254656,23.0,49.0,1691698966161767680,1,0,1691698970.62
WithPD,75,1691698971111762432,23.0,49.0,1691698966161767680,1,0,1691698971.73
WithPD,76,1691698971665282048,23.0,49.0,1691698966161767680,1,0,1691698972.27
WithPD,77,1691698972214908160,23.0,49.0,1691698966161767680,1,0,1691698972.83
WithPD,78,1691698972764213760,23.0,49.0,1691698972764213760,0,0,1691698973.36
WithPD,79,1691698973311087616,23.0,49.0,1691698972764213760,1,0,1691698973.91
WithPD,80,1691698973860507648,23.0,49.0,1691698972764213760,1,0,1691698974.48
WithPD,81,1691698974410002432,23.0,49.0,1691698972764213760,1,0,1691698975.03
WithPD,82,1691698974963134976,23.0,49.0,1691698972764213760,1,0,1691698975.56
WithPD,83,1691698975512407552,23.0,49.0,1691698972764213760,1,0,1691698976.11
WithPD,84,1691698976061851392,23.0,49.0,1691698976061851392,0,0,1691698976.68
WithPD,85,1691698976608719872,23.0,49.0,1691698976061851392,1,0,1691698977.22
WithPD,86,1691698977158625024,23.0,49.0,1691698976061851392,1,0,1691698977.78
WithPD,87,1691698977708045056,23.0,49.0,1691698976061851392,1,0,1691698978.32
WithPD,88,1691698978261443840,23.0,49.0,1691698976061851392,1,0,1691698978.88
WithPD,89,1691698978810812160,23.0,49.0,1691698976061851392,1,0,1691698979.43
WithPD,90,1691698979360280576,23.0,49.0,1691698976061851392,1,0,1691698979.97
WithPD,91,1691698979913585408,23.0,49.0,1691698976061851392,1,0,1691698980.53
WithPD,92,1691698980462825216,23.0,49.0,1691698976061851392,1,0,1691698981.07
WithPD,93,1691698981012132352,23.0,49.0,1691698976061851392,1,0,1691698981.64
WithPD,94,1691698981558914560,23.0,49.0,1691698976061851392,1,0,1691698982.17
WithPD,94,1691698981558914560,23.0,49.0,1691698976061851392,1,0,1691698984.28
WithPD,95,1691698982108421632,23.0,49.0,1691698976061851392,1,0,1691698984.54
WithPD,96,1691698982657866240,23.0,49.0,1691698982657866240,0,0,1691698984.84
WithPD,97,1691698983204799744,23.0,49.0,1691698982657866240,1,0,1691698985.15
WithPD,98,1691698983754078976,23.0,49.0,1691698982657866240,1,0,1691698985.45
WithPD,99,1691698984303371264,23.0,49.0,1691698984303371264,0,0,1691698985.79
WithPD,100,1691698984850331392,23.0,49.0,1691698984303371264,1,0,1691698986.07
WithPD,101,1691698985399706624,23.0,49.0,1691698984303371264,1,0,1691698986.39
WithPD,102,1691698985949247744,23.0,49.0,1691698984303371264,1,0,1691698986.71
WithPD,103,1691698986502394880,23.0,49.0,1691698984303371264,1,0,1691698987.11
WithPD,104,1691698987051565056,23.0,49.0,1691698984303371264,1,0,1691698987.66
WithPD,106,1691698988147744512,23.0,49.0,1691698984303371264,1,0,1691698988.76
WithPD,107,1691698988697526528,23.0,49.0,1691698984303371264,1,0,1691698989.3
WithPD,108,1691698989247051776,23.0,49.0,1691698984303371264,1,0,1691698989.85
WithPD,109,1691698989793766912,23.0,49.0,1691698984303371264,1,0,1691698990.42
WithPD,109,1691698989793766912,23.0,49.0,1691698984303371264,1,0,1691698992.51
WithPD,110,1691698990343001088,23.0,49.0,1691698984303371264,1,0,1691698992.84
WithPD,111,1691698990892538880,23.0,49.0,1691698984303371264,1,0,1691698993.15
WithPD,112,1691698991439639552,23.0,49.0,1691698984303371264,1,0,1691698993.45
WithPD,113,1691698991989625600,23.0,49.0,1691698984303371264,1,0,1691698993.77
WithPD,114,1691698992539278592,23.0,49.0,1691698992539278592,0,0,1691698996.3
WithPD,116,1691698993635260928,23.0,49.0,1691698992539278592,1,0,1691698996.87
WithPD,117,1691698994184486400,23.0,49.0,1691698992539278592,1,0,1691698997.19
WithPD,118,1691698994731160832,23.0,49.0,1691698992539278592,1,0,1691698997.48
WithPD,119,1691698995280872192,23.0,49.0,1691698992539278592,1,0,1691698997.82
WithPD,120,1691698995830734592,23.0,49.0,1691698992539278592,1,0,1691698998.13
WithPD,121,1691698996378034688,23.0,49.0,1691698992539278592,1,0,1691698998.43
WithPD,121,1691698996378034688,23.0,49.0,1691698992539278592,1,0,1691699000.05
WithPD,122,1691698996927647488,23.0,49.0,1691698992539278592,1,0,1691699000.37
WithPD,123,1691698997477201152,23.0,49.0,1691698997477201152,0,0,1691699000.68
WithPD,124,1691698998024270592,23.0,49.0,1691698997477201152,1,0,1691699000.98
WithPD,126,1691698999123232256,23.0,49.0,1691698997477201152,1,0,1691699001.56
WithPD,127,1691698999669906176,23.0,49.0,1691698997477201152,1,0,1691699001.86
WithPD,128,1691699000219834112,23.0,49.0,1691698997477201152,1,0,1691699002.19
WithPD,129,1691699000769521920,23.0,49.0,1691698997477201152,1,0,1691699002.54
WithPD,130,1691699001316223488,23.0,49.0,1691698997477201152,1,0,1691699002.85
WithPD,132,1691699002415626752,23.0,49.0,1691698997477201152,1,0,1691699003.5
WithPD,133,1691699002968871680,23.0,49.0,1691698997477201152,1,0,1691699003.88
WithPD,134,1691699003518220544,23.0,49.0,1691698997477201152,1,0,1691699004.25
WithPD,135,1691699004067813888,23.0,49.0,1691699004067813888,0,0,1691699004.67
WithPD,137,1691699005164531456,23.0,49.0,1691699004067813888,1,0,1691699005.78
WithPD,138,1691699005714339328,23.0,49.0,1691699004067813888,1,0,1691699006.32
WithPD,139,1691699006260997120,23.0,49.0,1691699004067813888,1,0,1691699006.86
WithPD,140,1691699006810315008,23.0,49.0,1691699004067813888,1,0,1691699007.42
WithPD,141,1691699007359567872,23.0,49.0,1691699004067813888,1,0,1691699007.97
WithPD,142,1691699007912839680,23.0,49.0,1691699004067813888,1,0,1691699008.54
WithPD,143,1691699008462174464,23.0,49.0,1691699004067813888,1,0,1691699009.05
WithPD,144,1691699009011601920,23.0,49.0,1691699009011601920,0,0,1691699009.62
WithPD,145,1691699009558605312,23.0,49.0,1691699009011601920,1,0,1691699010.17
WithPD,148,1691699011204467456,23.0,49.0,1691699010657643264,1,0,1691699011.8
WithPD,149,1691699011753958912,23.0,49.0,1691699010657643264,1,0,1691699012.37
WithPD,151,1691699012850859264,23.0,49.0,1691699012303405824,1,0,1691699013.47
WithPD,152,1691699013400130816,23.0,49.0,1691699012303405824,1,0,1691699014.02
WithPD,152,1691699013400130816,23.0,49.0,1691699012303405824,1,0,1691699016.14
WithPD,154,1691699014496341248,23.0,49.0,1691699013949659136,1,0,1691699016.69
WithPD,155,1691699015045940224,23.0,49.0,1691699013949659136,1,0,1691699016.98
WithPD,156,1691699015595383808,23.0,48.0,1691699015595383808,0,0,1691699017.3
WithPD,156,1691699015595383808,23.0,48.0,1691699015595383808,0,0,1691699019.42
WithPD,157,1691699016142266368,23.0,48.0,1691699015595383808,1,0,1691699019.71
WithPD,158,1691699016691578624,23.0,48.0,1691699015595383808,1,0,1691699020.0
WithPD,159,1691699017241258496,23.0,48.0,1691699015595383808,1,0,1691699020.31
WithPD,160,1691699017794192128,23.0,48.0,1691699015595383808,1,0,1691699020.64
WithPD,161,1691699018343387392,23.0,48.0,1691699015595383808,1,0,1691699020.97
WithPD,162,1691699018893022464,23.0,48.0,1691699015595383808,1,0,1691699021.32
WithPD,164,1691699019989438976,23.0,48.0,1691699015595383808,1,0,1691699021.98
WithPD,165,1691699020538634496,23.0,48.0,1691699015595383808,1,0,1691699022.31
WithPD,166,1691699021085383680,23.0,48.0,1691699015595383808,1,0,1691699022.65
WithPD,167,1691699021634745344,23.0,48.0,1691699015595383808,1,0,1691699022.98
WithPD,168,1691699022183977216,23.0,48.0,1691699022183977216,0,0,1691699023.33
WithPD,169,1691699022731132416,23.0,48.0,1691699022183977216,1,0,1691699023.7
WithPD,171,1691699023830450432,23.0,48.0,1691699022183977216,1,0,1691699024.44
WithPD,173,1691699024933277952,23.0,48.0,1691699022183977216,1,0,1691699025.53
WithPD,174,1691699025482693632,23.0,48.0,1691699025482693632,0,0,1691699026.1
WithPD,175,1691699026029970176,23.0,48.0,1691699025482693632,1,0,1691699026.63
WithPD,176,1691699026579211008,23.0,48.0,1691699025482693632,1,0,1691699027.18
WithPD,176,1691699026579211008,23.0,48.0,1691699025482693632,1,0,1691699029.31
WithPD,177,1691699027128798720,23.0,48.0,1691699025482693632,1,0,1691699029.62
WithPD,178,1691699027675721984,23.0,48.0,1691699025482693632,1,0,1691699029.89
WithPD,179,1691699028225519872,23.0,48.0,1691699025482693632,1,0,1691699030.19
WithPD,180,1691699028774637312,23.0,48.0,1691699025482693632,1,0,1691699030.49
WithPD,181,1691699029327770624,23.0,48.0,1691699025482693632,1,0,1691699030.8
WithPD,182,1691699029877384704,23.0,48.0,1691699025482693632,1,0,1691699031.14
WithPD,183,1691699030426620928,23.0,48.0,1691699025482693632,1,0,1691699031.47
WithPD,184,1691699030973206016,23.0,48.0,1691699025482693632,1,0,1691699031.79
WithPD,185,1691699031522474752,23.0,48.0,1691699025482693632,1,0,1691699032.11
WithPD,186,1691699032072346112,23.0,48.0,1691699032072346112,0,0,1691699032.69
WithPD,187,1691699032619521024,23.0,48.0,1691699032072346112,1,0,1691699033.23
WithPD,188,1691699033168873472,23.0,48.0,1691699032072346112,1,0,1691699033.76
WithPD,189,1691699033719044352,23.0,48.0,1691699032072346112,1,0,1691699034.35
WithPD,190,1691699034272161024,23.0,48.0,1691699032072346112,1,0,1691699034.89
WithPD,191,1691699034822120448,23.0,48.0,1691699032072346112,1,0,1691699035.44
WithPD,192,1691699035371300352,23.0,48.0,1691699035371300352,0,0,1691699035.97
WithPD,193,1691699035918406656,23.0,48.0,1691699035371300352,1,0,1691699036.52
WithPD,194,1691699036467601152,23.0,48.0,1691699035371300352,1,0,1691699037.08
WithPD,195,1691699037017267712,23.0,48.0,1691699035371300352,1,0,1691699037.63
WithPD,196,1691699037564314112,23.0,48.0,1691699035371300352,1,0,1691699038.19
WithPD,197,1691699038113797376,23.0,48.0,1691699035371300352,1,0,1691699038.71
WithPD,198,1691699038663139840,23.0,49.0,1691699038663139840,0,0,1691699039.27
WithPD,199,1691699039210331904,23.0,49.0,1691699038663139840,1,0,1691699039.82
WithPD,200,1691699039759760640,23.0,49.0,1691699038663139840,1,0,1691699040.37
WithPD,201,1691699040309333248,23.0,49.0,1691699040309333248,0,0,1691699040.91
WithPD,202,1691699040856130304,23.0,49.0,1691699040309333248,1,0,1691699041.46
WithPD,203,1691699041405740800,23.0,49.0,1691699040309333248,1,0,1691699042.02
WithPD,203,1691699041405740800,23.0,49.0,1691699040309333248,1,0,1691699043.66
WithPD,204,1691699041955064064,23.0,49.0,1691699040309333248,1,0,1691699043.94
WithPD,205,1691699042508292864,23.0,49.0,1691699040309333248,1,0,1691699044.27
WithPD,206,1691699043058044672,23.0,49.0,1691699040309333248,1,0,1691699044.57
WithPD,207,1691699043607601920,23.0,49.0,1691699040309333248,1,0,1691699044.87
WithPD,208,1691699044154460928,23.0,49.0,1691699040309333248,1,0,1691699045.16
WithPD,209,1691699044703690752,23.0,49.0,1691699040309333248,1,0,1691699045.5
WithPD,211,1691699045807360000,23.0,49.0,1691699040309333248,1,0,1691699046.41
WithPD,212,1691699046356523008,23.0,49.0,1691699040309333248,1,0,1691699046.96
WithPD,213,1691699046906036736,23.0,49.0,1691699040309333248,1,0,1691699047.5
WithPD,214,1691699047453006336,23.0,49.0,1691699040309333248,1,0,1691699048.08
WithPD,215,1691699048002355200,23.0,49.0,1691699040309333248,1,0,1691699048.61
WithPD,215,1691699048002355200,23.0,49.0,1691699040309333248,1,0,1691699050.74
WithPD,217,1691699049098812416,23.0,49.0,1691699040309333248,1,0,1691699051.34
WithPD,218,1691699049647969024,23.0,49.0,1691699040309333248,1,0,1691699051.66
WithPD,219,1691699050197538048,23.0,49.0,1691699050197538048,0,0,1691699051.95
WithPD,220,1691699050744239360,23.0,49.0,1691699050197538048,1,0,1691699052.26
WithPD,220,1691699050744239360,23.0,49.0,1691699050197538048,1,0,1691699053.99
