WithPD,0,1691171813505192704,23.0,51.0,1691171812313483520,1,0,1691171815.95
WithPD,1,1691171814053989632,23.0,48.0,1691171814053989632,0,0,1691171816.22
WithPD,2,1691171814600402176,23.0,48.0,1691171814053989632,1,0,1691171816.56
WithPD,3,1691171815149049856,23.0,48.0,1691171814053989632,1,0,1691171816.87
WithPD,4,1691171815697575680,23.0,48.0,1691171814053989632,1,0,1691171817.21
WithPD,5,1691171816244327680,23.0,48.0,1691171814053989632,1,0,1691171817.53
WithPD,6,1691171816793871616,23.0,48.0,1691171814053989632,1,0,1691171817.87
WithPD,7,1691171817344403200,23.0,48.0,1691171817344403200,0,0,1691171818.23
WithPD,8,1691171817891960064,23.0,48.0,1691171817344403200,1,0,1691171818.59
WithPD,9,1691171818441037312,23.0,48.0,1691171817344403200,1,0,1691171819.05
WithPD,10,1691171818990438912,23.0,48.0,1691171818990438912,0,0,1691171819.58
WithPD,11,1691171819538407936,23.0,48.0,1691171818990438912,1,0,1691171820.14
WithPD,12,1691171820087873024,23.0,48.0,1691171818990438912,1,0,1691171820.69
WithPD,13,1691171820637393664,23.0,48.0,1691171818990438912,1,0,1691171821.23
WithPD,14,1691171821184404992,23.0,48.0,1691171818990438912,1,0,1691171821.78
WithPD,15,1691171821733538816,23.0,48.0,1691171818990438912,1,0,1691171822.33
WithPD,16,1691171822282956800,23.0,48.0,1691171818990438912,1,0,1691171822.87
WithPD,17,1691171822830033920,23.0,48.0,1691171818990438912,1,0,1691171823.43
WithPD,18,1691171823379410176,23.0,48.0,1691171818990438912,1,0,1691171823.99
WithPD,19,1691171823928716288,23.0,48.0,1691171818990438912,1,0,1691171824.53
WithPD,20,1691171824475351296,23.0,48.0,1691171818990438912,1,0,1691171825.08
WoutPD,1,This_is_noise_node1,1691171825.64
WoutPD,2,This_is_noise_node2,1691171825.68
WoutPD,3,This_is_noise_node3,1691171825.72
WoutPD,4,This_is_noise_node4,1691171825.72
WoutPD,5,This_is_noise_node5,1691171825.76
WoutPD,6,This_is_noise_node6,1691171825.79
WoutPD,7,This_is_noise_node7,1691171825.82
WoutPD,8,This_is_noise_node8,1691171825.85
WoutPD,9,This_is_noise_node9,1691171825.89
WoutPD,10,This_is_noise_node10,1691171825.92
WoutPD,11,This_is_noise_node11,1691171825.95
WoutPD,12,This_is_noise_node12,1691171825.98
WoutPD,13,This_is_noise_node13,1691171826.01
WoutPD,14,This_is_noise_node14,1691171826.04
WoutPD,15,This_is_noise_node15,1691171826.06
WoutPD,16,This_is_noise_node16,1691171826.09
WoutPD,17,This_is_noise_node17,1691171826.13
WoutPD,18,This_is_noise_node18,1691171826.13
WoutPD,19,This_is_noise_node19,1691171826.17
WoutPD,20,This_is_noise_node20,1691171826.21
WoutPD,21,This_is_noise_node21,1691171826.25
WoutPD,22,This_is_noise_node22,1691171826.28
WoutPD,23,This_is_noise_node23,1691171826.31
WoutPD,24,This_is_noise_node24,1691171826.34
WoutPD,26,This_is_noise_node26,1691171826.37
WoutPD,27,This_is_noise_node27,1691171826.38
WoutPD,30,This_is_noise_node30,1691171826.43
WoutPD,33,This_is_noise_node33,1691171826.46
WoutPD,34,This_is_noise_node34,1691171826.49
WoutPD,35,This_is_noise_node35,1691171826.53
WoutPD,36,This_is_noise_node36,1691171826.58
WoutPD,37,This_is_noise_node37,1691171826.59
WoutPD,38,This_is_noise_node38,1691171826.63
WoutPD,40,This_is_noise_node40,1691171826.66
WoutPD,42,This_is_noise_node42,1691171826.69
WoutPD,43,This_is_noise_node43,1691171826.72
WithPD,21,1691171825024514048,23.0,48.0,1691171818990438912,1,0,1691171827.27
WithPD,22,1691171825573737728,23.0,48.0,1691171825573737728,0,0,1691171827.56
WithPD,23,1691171826120593408,23.0,48.0,1691171825573737728,1,0,1691171827.88
WithPD,24,1691171826669874944,23.0,48.0,1691171825573737728,1,0,1691171828.18
WithPD,25,1691171827219317504,23.0,48.0,1691171825573737728,1,0,1691171828.51
WithPD,26,1691171827772367360,23.0,48.0,1691171825573737728,1,0,1691171828.81
WithPD,27,1691171828321820160,23.0,48.0,1691171825573737728,1,0,1691171829.14
WithPD,28,1691171828871234304,23.0,48.0,1691171825573737728,1,0,1691171829.48
WithPD,29,1691171829424477184,23.0,48.0,1691171825573737728,1,0,1691171830.03
WithPD,30,1691171829973693696,23.0,48.0,1691171825573737728,1,0,1691171830.57
WithPD,31,1691171830523235072,23.0,48.0,1691171825573737728,1,0,1691171831.13
WithPD,32,1691171831076732160,23.0,48.0,1691171825573737728,1,0,1691171831.68
WithPD,33,1691171831630023680,23.0,48.0,1691171825573737728,1,0,1691171832.22
WithPD,34,1691171832179382016,23.0,48.0,1691171825573737728,1,0,1691171832.8
WithPD,35,1691171832732457984,23.0,48.0,1691171825573737728,1,0,1691171833.34
WithPD,36,1691171833281680640,23.0,48.0,1691171825573737728,1,0,1691171833.89
WithPD,37,1691171833831044864,23.0,48.0,1691171825573737728,1,0,1691171834.43
WithPD,38,1691171834384068608,23.0,48.0,1691171825573737728,1,0,1691171834.98
WithPD,39,1691171834933477888,23.0,48.0,1691171825573737728,1,0,1691171835.53
WithPD,40,1691171835484447488,23.0,48.0,1691171835484447488,0,0,1691171836.09
WithPD,41,1691171836031973888,23.0,48.0,1691171835484447488,1,0,1691171836.63
WithPD,42,1691171836581685760,23.0,48.0,1691171835484447488,1,0,1691171837.19
WithPD,43,1691171837131190016,23.0,48.0,1691171837131190016,0,0,1691171837.73
WithPD,44,1691171837677942016,23.0,48.0,1691171837131190016,1,0,1691171838.28
WoutPD,44,This_is_noise_node44,1691171838.52
WithPD,45,1691171838227409664,23.0,48.0,1691171837131190016,1,0,1691171838.83
WithPD,46,1691171838776674816,23.0,48.0,1691171837131190016,1,0,1691171839.37
WithPD,47,1691171839329907456,23.0,48.0,1691171837131190016,1,0,1691171839.95
WithPD,48,1691171839879578624,23.0,48.0,1691171837131190016,1,0,1691171840.48
WithPD,49,1691171840428840704,23.0,48.0,1691171837131190016,1,0,1691171841.02
WithPD,50,1691171840975434752,23.0,48.0,1691171837131190016,1,0,1691171841.58
WithPD,51,1691171841524694528,23.0,48.0,1691171837131190016,1,0,1691171842.11
WithPD,52,1691171842073971456,23.0,48.0,1691171837131190016,1,0,1691171842.67
WithPD,53,1691171842627243264,23.0,48.0,1691171837131190016,1,0,1691171843.23
WithPD,54,1691171843177196544,23.0,48.0,1691171837131190016,1,0,1691171843.77
WithPD,56,1691171844273672960,23.0,48.0,1691171837131190016,1,0,1691171844.87
WithPD,57,1691171844823029248,23.0,48.0,1691171837131190016,1,0,1691171845.44
WithPD,58,1691171845372703488,23.0,48.0,1691171837131190016,1,0,1691171845.99
WithPD,59,1691171845919626496,23.0,48.0,1691171837131190016,1,0,1691171846.52
WoutPD,45,This_is_noise_node45,1691171846.56
WoutPD,46,This_is_noise_node46,1691171846.57
WoutPD,47,This_is_noise_node47,1691171846.62
WoutPD,48,This_is_noise_node48,1691171846.66
WoutPD,49,This_is_noise_node49,1691171846.68
WoutPD,50,This_is_noise_node50,1691171846.71
WoutPD,51,This_is_noise_node51,1691171846.74
WoutPD,52,This_is_noise_node52,1691171846.77
WoutPD,53,This_is_noise_node53,1691171846.81
WoutPD,54,This_is_noise_node54,1691171846.84
WoutPD,55,This_is_noise_node55,1691171846.87
WoutPD,56,This_is_noise_node56,1691171846.9
WoutPD,57,This_is_noise_node57,1691171846.93
WoutPD,58,This_is_noise_node58,1691171846.94
WoutPD,59,This_is_noise_node59,1691171846.98
WoutPD,60,This_is_noise_node60,1691171847.01
WoutPD,61,This_is_noise_node61,1691171847.04
WoutPD,62,This_is_noise_node62,1691171847.07
WoutPD,63,This_is_noise_node63,1691171847.1
WoutPD,64,This_is_noise_node64,1691171847.13
WoutPD,65,This_is_noise_node65,1691171847.16
WoutPD,66,This_is_noise_node66,1691171847.21
WoutPD,67,This_is_noise_node67,1691171847.23
WoutPD,69,This_is_noise_node69,1691171847.26
WoutPD,70,This_is_noise_node70,1691171847.3
WoutPD,72,This_is_noise_node72,1691171847.31
WoutPD,73,This_is_noise_node73,1691171847.35
WoutPD,74,This_is_noise_node74,1691171847.38
WithPD,59,1691171845919626496,23.0,48.0,1691171837131190016,1,0,1691171848.63
WithPD,60,1691171846468997632,23.0,48.0,1691171837131190016,1,0,1691171848.95
WithPD,61,1691171847018893056,23.0,48.0,1691171847018893056,0,0,1691171849.25
WithPD,62,1691171847565905152,23.0,48.0,1691171847018893056,1,0,1691171849.54
WithPD,63,1691171848115452160,23.0,48.0,1691171847018893056,1,0,1691171849.86
WithPD,64,1691171848664749056,23.0,48.0,1691171847018893056,1,0,1691171850.18
WithPD,65,1691171849211672064,23.0,48.0,1691171847018893056,1,0,1691171850.48
WithPD,66,1691171849760986368,23.0,48.0,1691171847018893056,1,0,1691171850.8
WithPD,67,1691171850310395904,23.0,48.0,1691171850310395904,0,0,1691171851.12
WoutPD,80,This_is_noise_node80,1691171851.26
WoutPD,81,This_is_noise_node81,1691171851.29
WoutPD,82,This_is_noise_node82,1691171851.32
WoutPD,83,This_is_noise_node83,1691171851.35
WoutPD,84,This_is_noise_node84,1691171851.38
WoutPD,85,This_is_noise_node85,1691171851.41
WoutPD,86,This_is_noise_node86,1691171851.45
WoutPD,87,This_is_noise_node87,1691171851.47
WoutPD,88,This_is_noise_node88,1691171851.5
WoutPD,89,This_is_noise_node89,1691171851.53
WoutPD,90,This_is_noise_node90,1691171851.56
WoutPD,91,This_is_noise_node91,1691171851.59
WoutPD,92,This_is_noise_node92,1691171851.63
WoutPD,93,This_is_noise_node93,1691171851.65
WoutPD,94,This_is_noise_node94,1691171851.68
WoutPD,95,This_is_noise_node95,1691171851.72
WoutPD,96,This_is_noise_node96,1691171851.75
WoutPD,97,This_is_noise_node97,1691171851.78
WoutPD,98,This_is_noise_node98,1691171851.81
WoutPD,99,This_is_noise_node99,1691171851.85
WithPD,67,1691171850310395904,23.0,48.0,1691171850310395904,0,0,1691171852.72
WithPD,68,1691171850857142016,23.0,48.0,1691171850310395904,1,0,1691171853.01
WithPD,69,1691171851406617344,23.0,48.0,1691171850310395904,1,0,1691171853.33
WithPD,70,1691171851955746304,23.0,48.0,1691171850310395904,1,0,1691171853.6
WithPD,71,1691171852508916480,23.0,48.0,1691171850310395904,1,0,1691171853.94
WithPD,72,1691171853058280192,23.0,48.0,1691171850310395904,1,0,1691171854.27
WithPD,73,1691171853607576832,23.0,48.0,1691171850310395904,1,0,1691171854.57
WithPD,74,1691171854154191360,23.0,48.0,1691171850310395904,1,0,1691171854.87
WithPD,75,1691171854703522304,23.0,48.0,1691171850310395904,1,0,1691171855.33
WithPD,76,1691171855253228288,23.0,48.0,1691171855253228288,0,0,1691171855.85
WithPD,77,1691171855800325120,23.0,48.0,1691171855253228288,1,0,1691171856.4
WithPD,78,1691171856350056192,23.0,48.0,1691171855253228288,1,0,1691171856.96
WithPD,79,1691171856899542016,23.0,48.0,1691171855253228288,1,0,1691171857.5
WithPD,80,1691171857446265088,23.0,48.0,1691171855253228288,1,0,1691171858.05
WithPD,81,1691171857995638272,23.0,48.0,1691171855253228288,1,0,1691171858.59
WithPD,82,1691171858545007104,23.0,48.0,1691171855253228288,1,0,1691171859.14
WithPD,83,1691171859091649024,23.0,48.0,1691171855253228288,1,0,1691171859.68
WithPD,84,1691171859640886272,23.0,48.0,1691171855253228288,1,0,1691171860.24
WithPD,85,1691171860191096064,23.0,48.0,1691171860191096064,0,0,1691171860.79
WithPD,86,1691171860737844736,23.0,48.0,1691171860191096064,1,0,1691171861.34
WoutPD,100,This_is_noise_node100,1691171861.67
WoutPD,101,This_is_noise_node101,1691171861.7
WoutPD,102,This_is_noise_node102,1691171861.73
WoutPD,103,This_is_noise_node103,1691171861.77
WoutPD,104,This_is_noise_node104,1691171861.79
WoutPD,105,This_is_noise_node105,1691171861.82
WoutPD,106,This_is_noise_node106,1691171861.86
WoutPD,107,This_is_noise_node107,1691171861.89
WoutPD,108,This_is_noise_node108,1691171861.92
WithPD,87,1691171861287342336,23.0,48.0,1691171860191096064,1,0,1691171861.96
WithPD,88,1691171861836560384,23.0,48.0,1691171861836560384,0,0,1691171862.44
WithPD,89,1691171862384062208,23.0,48.0,1691171861836560384,1,0,1691171863.0
WithPD,90,1691171862933541120,23.0,48.0,1691171861836560384,1,0,1691171863.54
WithPD,91,1691171863483052288,23.0,48.0,1691171863483052288,0,0,1691171864.08
WithPD,92,1691171864030415104,23.0,48.0,1691171863483052288,1,0,1691171864.64
WithPD,93,1691171864580120576,23.0,48.0,1691171863483052288,1,0,1691171865.18
WithPD,94,1691171865129435904,23.0,48.0,1691171863483052288,1,0,1691171865.73
WithPD,95,1691171865676483328,23.0,48.0,1691171863483052288,1,0,1691171866.27
WithPD,96,1691171866225604096,23.0,48.0,1691171863483052288,1,0,1691171866.83
WithPD,97,1691171866774940672,23.0,48.0,1691171863483052288,1,0,1691171867.37
WithPD,98,1691171867328150784,23.0,48.0,1691171863483052288,1,0,1691171867.92
WithPD,99,1691171867877396736,23.0,48.0,1691171863483052288,1,0,1691171868.49
WithPD,100,1691171868427130624,23.0,48.0,1691171863483052288,1,0,1691171869.03
WithPD,101,1691171868980241408,23.0,48.0,1691171863483052288,1,0,1691171869.59
WithPD,102,1691171869529700608,23.0,48.0,1691171863483052288,1,0,1691171870.13
WithPD,103,1691171870079198464,23.0,48.0,1691171863483052288,1,0,1691171870.69
WithPD,104,1691171870632340224,23.0,48.0,1691171863483052288,1,0,1691171871.24
WithPD,105,1691171871181645824,23.0,48.0,1691171863483052288,1,0,1691171871.79
WithPD,106,1691171871731259904,23.0,48.0,1691171863483052288,1,0,1691171872.33
WithPD,107,1691171872277881344,23.0,48.0,1691171863483052288,1,0,1691171872.88
WithPD,108,1691171872827274752,23.0,48.0,1691171863483052288,1,0,1691171873.43
WithPD,109,1691171873376543232,23.0,48.0,1691171863483052288,1,0,1691171873.96
WithPD,110,1691171873923296256,23.0,48.0,1691171863483052288,1,0,1691171874.52
WithPD,111,1691171874472612608,23.0,48.0,1691171863483052288,1,0,1691171875.07
WithPD,112,1691171875021892608,23.0,48.0,1691171875021892608,0,0,1691171875.61
WithPD,113,1691171875568912128,23.0,48.0,1691171875021892608,1,0,1691171876.18
WithPD,114,1691171876118498560,23.0,48.0,1691171875021892608,1,0,1691171876.74
WithPD,115,1691171876667797760,23.0,48.0,1691171875021892608,1,0,1691171877.27
WithPD,116,1691171877221066240,23.0,48.0,1691171875021892608,1,0,1691171877.82
WithPD,117,1691171877770487040,23.0,48.0,1691171875021892608,1,0,1691171878.37
WoutPD,109,This_is_noise_node109,1691171878.86
WoutPD,110,This_is_noise_node110,1691171878.89
WoutPD,111,This_is_noise_node111,1691171878.93
WoutPD,113,This_is_noise_node113,1691171878.98
WoutPD,114,This_is_noise_node114,1691171879.01
WoutPD,115,This_is_noise_node115,1691171879.03
WoutPD,116,This_is_noise_node116,1691171879.06
WoutPD,117,This_is_noise_node117,1691171879.09
WoutPD,118,This_is_noise_node118,1691171879.13
WoutPD,119,This_is_noise_node119,1691171879.14
WoutPD,120,This_is_noise_node120,1691171879.18
WoutPD,121,This_is_noise_node121,1691171879.21
WoutPD,122,This_is_noise_node122,1691171879.24
WoutPD,123,This_is_noise_node123,1691171879.27
WoutPD,124,This_is_noise_node124,1691171879.31
WoutPD,125,This_is_noise_node125,1691171879.34
WoutPD,126,This_is_noise_node126,1691171879.37
WoutPD,127,This_is_noise_node127,1691171879.39
WoutPD,128,This_is_noise_node128,1691171879.43
WoutPD,129,This_is_noise_node129,1691171879.46
WoutPD,130,This_is_noise_node130,1691171879.49
WoutPD,131,This_is_noise_node131,1691171879.52
WoutPD,132,This_is_noise_node132,1691171879.55
WoutPD,133,This_is_noise_node133,1691171879.58
WoutPD,135,This_is_noise_node135,1691171879.61
WoutPD,136,This_is_noise_node136,1691171879.64
WoutPD,137,This_is_noise_node137,1691171879.67
WoutPD,138,This_is_noise_node138,1691171879.7
WoutPD,141,This_is_noise_node141,1691171879.73
WoutPD,142,This_is_noise_node142,1691171879.76
WoutPD,143,This_is_noise_node143,1691171879.8
WithPD,119,1691171878866965760,23.0,48.0,1691171878319799552,1,0,1691171880.84
WithPD,120,1691171879416116224,23.0,48.0,1691171878319799552,1,0,1691171881.16
WithPD,121,1691171879965420032,23.0,48.0,1691171878319799552,1,0,1691171881.47
WoutPD,145,This_is_noise_node145,1691171881.6
WoutPD,146,This_is_noise_node146,1691171881.64
WoutPD,147,This_is_noise_node147,1691171881.69
WoutPD,148,This_is_noise_node148,1691171881.72
WoutPD,149,This_is_noise_node149,1691171881.74
WoutPD,150,This_is_noise_node150,1691171881.78
WoutPD,151,This_is_noise_node151,1691171881.79
WoutPD,152,This_is_noise_node152,1691171881.81
WoutPD,153,This_is_noise_node153,1691171881.85
WoutPD,154,This_is_noise_node154,1691171881.88
WoutPD,155,This_is_noise_node155,1691171881.91
WoutPD,156,This_is_noise_node156,1691171881.93
WoutPD,157,This_is_noise_node157,1691171881.97
WoutPD,158,This_is_noise_node158,1691171881.99
WoutPD,159,This_is_noise_node159,1691171882.02
WoutPD,160,This_is_noise_node160,1691171882.05
WoutPD,161,This_is_noise_node161,1691171882.08
WoutPD,162,This_is_noise_node162,1691171882.12
WoutPD,163,This_is_noise_node163,1691171882.15
WoutPD,164,This_is_noise_node164,1691171882.18
WoutPD,165,This_is_noise_node165,1691171882.21
WoutPD,167,This_is_noise_node167,1691171882.24
WithPD,121,1691171879965420032,23.0,48.0,1691171878319799552,1,0,1691171883.56
WithPD,122,1691171880518735616,23.0,48.0,1691171878319799552,1,0,1691171883.91
WithPD,123,1691171881067804928,23.0,48.0,1691171878319799552,1,0,1691171884.22
WithPD,124,1691171881617210624,23.0,48.0,1691171878319799552,1,0,1691171884.54
WithPD,125,1691171882164069888,23.0,48.0,1691171878319799552,1,0,1691171884.83
WithPD,126,1691171882713659392,23.0,48.0,1691171878319799552,1,0,1691171885.14
WithPD,127,1691171883263082752,23.0,48.0,1691171883263082752,0,0,1691171885.41
WithPD,128,1691171883809929216,23.0,48.0,1691171883263082752,1,0,1691171885.73
WithPD,129,1691171884359513088,23.0,48.0,1691171883263082752,1,0,1691171886.1
WithPD,130,1691171884908799744,23.0,48.0,1691171883263082752,1,0,1691171886.41
WithPD,131,1691171885455628032,23.0,48.0,1691171883263082752,1,0,1691171886.73
WithPD,132,1691171886005017344,23.0,48.0,1691171883263082752,1,0,1691171887.05
WithPD,133,1691171886554374400,23.0,48.0,1691171883263082752,1,0,1691171887.36
WithPD,134,1691171887107396608,23.0,48.0,1691171883263082752,1,0,1691171887.71
WithPD,135,1691171887657048576,23.0,48.0,1691171883263082752,1,0,1691171888.25
WithPD,136,1691171888206734848,23.0,48.0,1691171883263082752,1,0,1691171888.82
WithPD,137,1691171888759841536,23.0,48.0,1691171883263082752,1,0,1691171889.38
WithPD,138,1691171889309118208,23.0,48.0,1691171883263082752,1,0,1691171889.91
WithPD,139,1691171889858867712,23.0,48.0,1691171883263082752,1,0,1691171890.45
WithPD,140,1691171890405575168,23.0,48.0,1691171883263082752,1,0,1691171891.03
WoutPD,173,This_is_noise_node173,1691171891.17
WoutPD,174,This_is_noise_node174,1691171891.21
WoutPD,175,This_is_noise_node175,1691171891.23
WoutPD,176,This_is_noise_node176,1691171891.26
WoutPD,177,This_is_noise_node177,1691171891.29
WoutPD,178,This_is_noise_node178,1691171891.32
WoutPD,179,This_is_noise_node179,1691171891.36
WoutPD,180,This_is_noise_node180,1691171891.39
WoutPD,181,This_is_noise_node181,1691171891.42
WoutPD,182,This_is_noise_node182,1691171891.45
WoutPD,183,This_is_noise_node183,1691171891.49
WoutPD,184,This_is_noise_node184,1691171891.5
WoutPD,185,This_is_noise_node185,1691171891.53
WoutPD,186,This_is_noise_node186,1691171891.57
WoutPD,187,This_is_noise_node187,1691171891.6
WoutPD,188,This_is_noise_node188,1691171891.64
WoutPD,189,This_is_noise_node189,1691171891.66
WoutPD,190,This_is_noise_node190,1691171891.69
WoutPD,191,This_is_noise_node191,1691171891.7
WoutPD,192,This_is_noise_node192,1691171891.73
WithPD,140,1691171890405575168,23.0,48.0,1691171883263082752,1,0,1691171892.66
WithPD,141,1691171890954902016,23.0,48.0,1691171883263082752,1,0,1691171892.94
WithPD,142,1691171891503943936,23.0,48.0,1691171891503943936,0,0,1691171893.25
WithPD,143,1691171892051358464,23.0,48.0,1691171891503943936,1,0,1691171893.54
WithPD,144,1691171892600621568,23.0,48.0,1691171891503943936,1,0,1691171893.85
WithPD,145,1691171893149910272,23.0,48.0,1691171891503943936,1,0,1691171894.16
WithPD,146,1691171893703269376,23.0,48.0,1691171891503943936,1,0,1691171894.47
WithPD,147,1691171894252431104,23.0,48.0,1691171891503943936,1,0,1691171894.87
WithPD,148,1691171894801730816,23.0,48.0,1691171894801730816,0,0,1691171895.39
WithPD,149,1691171895348787200,23.0,48.0,1691171894801730816,1,0,1691171895.94
WithPD,150,1691171895898210816,23.0,48.0,1691171894801730816,1,0,1691171896.5
WithPD,151,1691171896447553024,23.0,48.0,1691171894801730816,1,0,1691171897.04
WithPD,152,1691171896994370816,23.0,48.0,1691171894801730816,1,0,1691171897.6
WithPD,153,1691171897543929856,23.0,48.0,1691171894801730816,1,0,1691171898.14
WithPD,154,1691171898093204224,23.0,48.0,1691171894801730816,1,0,1691171898.7
WithPD,155,1691171898646649344,23.0,48.0,1691171894801730816,1,0,1691171899.24
WithPD,156,1691171899196209408,23.0,48.0,1691171894801730816,1,0,1691171899.8
WithPD,157,1691171899746028544,23.0,48.0,1691171894801730816,1,0,1691171900.35
WithPD,158,1691171900292825600,23.0,48.0,1691171894801730816,1,0,1691171900.91
WithPD,159,1691171900842048768,23.0,48.0,1691171894801730816,1,0,1691171901.44
WoutPD,193,This_is_noise_node193,1691171901.59
WithPD,160,1691171901391731200,23.0,48.0,1691171901391731200,0,0,1691171901.98
WithPD,161,1691171901938704640,23.0,48.0,1691171901391731200,1,0,1691171902.55
WoutPD,198,This_is_noise_node198,1691171902.68
WoutPD,199,This_is_noise_node199,1691171902.73
WoutPD,200,This_is_noise_node200,1691171902.76
WoutPD,201,This_is_noise_node201,1691171902.78
WoutPD,202,This_is_noise_node202,1691171902.82
WoutPD,203,This_is_noise_node203,1691171902.86
WoutPD,204,This_is_noise_node204,1691171902.89
WoutPD,205,This_is_noise_node205,1691171902.91
WoutPD,206,This_is_noise_node206,1691171902.92
WoutPD,207,This_is_noise_node207,1691171902.96
WoutPD,208,This_is_noise_node208,1691171902.99
WoutPD,209,This_is_noise_node209,1691171903.02
WoutPD,210,This_is_noise_node210,1691171903.05
WoutPD,211,This_is_noise_node211,1691171903.08
WoutPD,212,This_is_noise_node212,1691171903.11
WoutPD,213,This_is_noise_node213,1691171903.15
WoutPD,214,This_is_noise_node214,1691171903.18
WoutPD,215,This_is_noise_node215,1691171903.22
WoutPD,216,This_is_noise_node216,1691171903.22
WoutPD,217,This_is_noise_node217,1691171903.26
WoutPD,219,This_is_noise_node219,1691171903.3
WoutPD,220,This_is_noise_node220,1691171903.33
WoutPD,221,This_is_noise_node221,1691171903.37
WithPD,161,1691171901938704640,23.0,48.0,1691171901391731200,1,0,1691171904.72
WithPD,162,1691171902487906304,23.0,48.0,1691171901391731200,1,0,1691171905.01
WithPD,163,1691171903037341696,23.0,48.0,1691171901391731200,1,0,1691171905.32
WithPD,164,1691171903584291840,23.0,48.0,1691171901391731200,1,0,1691171905.63
WithPD,165,1691171904133603584,23.0,48.0,1691171901391731200,1,0,1691171905.94
WithPD,166,1691171904682888192,23.0,48.0,1691171901391731200,1,0,1691171906.25
WithPD,167,1691171905235974912,23.0,48.0,1691171901391731200,1,0,1691171906.57
WithPD,168,1691171905785263104,23.0,48.0,1691171901391731200,1,0,1691171906.85
WithPD,169,1691171906334766080,23.0,48.0,1691171906334766080,0,0,1691171907.21
WithPD,170,1691171906881807616,23.0,48.0,1691171906334766080,1,0,1691171907.57
WithPD,171,1691171907431261184,23.0,48.0,1691171906334766080,1,0,1691171908.01
WithPD,172,1691171907980565504,23.0,48.0,1691171907980565504,0,0,1691171908.58
WithPD,173,1691171908527410688,23.0,48.0,1691171907980565504,1,0,1691171909.12
WithPD,174,1691171909077284096,23.0,48.0,1691171907980565504,1,0,1691171909.7
WithPD,175,1691171909627796992,23.0,48.0,1691171909627796992,0,0,1691171910.23
WithPD,176,1691171910174772992,23.0,48.0,1691171909627796992,1,0,1691171910.78
WithPD,177,1691171910724075008,23.0,48.0,1691171909627796992,1,0,1691171911.33
WithPD,178,1691171911273799680,23.0,48.0,1691171909627796992,1,0,1691171911.89
WithPD,179,1691171911827375616,23.0,48.0,1691171909627796992,1,0,1691171912.44
WithPD,180,1691171912376687360,23.0,48.0,1691171909627796992,1,0,1691171912.98
WithPD,181,1691171912925936640,23.0,48.0,1691171909627796992,1,0,1691171913.51
WithPD,182,1691171913472734208,23.0,48.0,1691171909627796992,1,0,1691171914.06
WithPD,184,1691171914571612928,23.0,48.0,1691171909627796992,1,0,1691171915.18
WithPD,185,1691171915118232064,23.0,48.0,1691171909627796992,1,0,1691171915.74
WithPD,186,1691171915667583488,23.0,48.0,1691171909627796992,1,0,1691171916.26
WithPD,187,1691171916216979712,23.0,48.0,1691171909627796992,1,0,1691171916.83
WithPD,188,1691171916770224896,23.0,48.0,1691171909627796992,1,0,1691171917.37
WithPD,189,1691171917319619584,23.0,48.0,1691171909627796992,1,0,1691171917.91
WithPD,190,1691171917869155328,23.0,48.0,1691171917869155328,0,0,1691171918.47
WithPD,191,1691171918416513792,23.0,48.0,1691171917869155328,1,0,1691171919.03
WithPD,192,1691171918965632768,23.0,48.0,1691171917869155328,1,0,1691171919.58
WithPD,193,1691171919515171584,23.0,48.0,1691171919515171584,0,0,1691171920.13
WithPD,194,1691171920062284544,23.0,48.0,1691171919515171584,1,0,1691171920.66
WithPD,195,1691171920611614720,23.0,48.0,1691171919515171584,1,0,1691171921.21
WithPD,196,1691171921160802048,23.0,48.0,1691171919515171584,1,0,1691171921.77
WithPD,197,1691171921707785472,23.0,48.0,1691171919515171584,1,0,1691171922.32
WithPD,198,1691171922257469184,23.0,48.0,1691171919515171584,1,0,1691171922.86
WithPD,199,1691171922807061248,23.0,48.0,1691171919515171584,1,0,1691171923.41
WithPD,200,1691171923353832704,23.0,48.0,1691171919515171584,1,0,1691171923.95
WithPD,201,1691171923903347200,23.0,48.0,1691171919515171584,1,0,1691171924.5
WithPD,202,1691171924452951296,23.0,48.0,1691171919515171584,1,0,1691171925.04
WithPD,203,1691171924999845632,23.0,48.0,1691171919515171584,1,0,1691171925.6
WithPD,204,1691171925549237760,23.0,48.0,1691171919515171584,1,0,1691171926.14
WithPD,205,1691171926098906112,23.0,48.0,1691171919515171584,1,0,1691171926.7
WithPD,206,1691171926652032768,23.0,48.0,1691171919515171584,1,0,1691171927.26
WithPD,207,1691171927201329408,23.0,48.0,1691171919515171584,1,0,1691171927.82
WithPD,208,1691171927750948352,23.0,48.0,1691171919515171584,1,0,1691171928.36
WithPD,209,1691171928304129536,23.0,48.0,1691171919515171584,1,0,1691171928.92
WoutPD,222,This_is_noise_node222,1691171929.2
WoutPD,223,This_is_noise_node223,1691171929.24
WoutPD,224,This_is_noise_node224,1691171929.25
WoutPD,225,This_is_noise_node225,1691171929.29
WoutPD,226,This_is_noise_node226,1691171929.33
WoutPD,227,This_is_noise_node227,1691171929.33
WoutPD,228,This_is_noise_node228,1691171929.37
WoutPD,229,This_is_noise_node229,1691171929.4
WoutPD,230,This_is_noise_node230,1691171929.43
WoutPD,231,This_is_noise_node231,1691171929.47
WoutPD,232,This_is_noise_node232,1691171929.5
WoutPD,233,This_is_noise_node233,1691171929.53
WoutPD,234,This_is_noise_node234,1691171929.56
WoutPD,236,This_is_noise_node236,1691171929.61
WoutPD,237,This_is_noise_node237,1691171929.63
WoutPD,238,This_is_noise_node238,1691171929.66
WoutPD,239,This_is_noise_node239,1691171929.69
WoutPD,240,This_is_noise_node240,1691171929.72
WoutPD,241,This_is_noise_node241,1691171929.76
WoutPD,242,This_is_noise_node242,1691171929.79
WoutPD,243,This_is_noise_node243,1691171929.81
WoutPD,244,This_is_noise_node244,1691171929.84
WoutPD,245,This_is_noise_node245,1691171929.88
WoutPD,247,This_is_noise_node247,1691171929.92
WoutPD,249,This_is_noise_node249,1691171929.96
WoutPD,250,This_is_noise_node250,1691171929.98
WoutPD,252,This_is_noise_node252,1691171930.02
WoutPD,253,This_is_noise_node253,1691171930.05
WoutPD,254,This_is_noise_node254,1691171930.08
WoutPD,255,This_is_noise_node255,1691171930.12
WoutPD,259,This_is_noise_node259,1691171930.13
WoutPD,261,This_is_noise_node261,1691171930.18
WoutPD,263,This_is_noise_node263,1691171930.22
WoutPD,264,This_is_noise_node264,1691171930.25
WoutPD,265,This_is_noise_node265,1691171930.28
WoutPD,266,This_is_noise_node266,1691171930.31
WithPD,210,1691171928853663744,23.0,48.0,1691171919515171584,1,0,1691171931.1
WithPD,211,1691171929403136512,23.0,48.0,1691171929403136512,0,0,1691171931.37
