WithPD,0,1691692369765714944,0,0,0,1,1,1691692372.46
WithPD,1,1691692370406560512,0,0,0,1,1,1691692372.76
WithPD,2,1691692370956723968,0,0,0,1,1,1691692373.04
WithPD,3,1691692371507099648,22.0,52.0,1691692371507099648,0,0,1691692373.34
WithPD,4,1691692372054235136,22.0,52.0,1691692371507099648,1,0,1691692373.64
WithPD,5,1691692372603571200,22.0,52.0,1691692371507099648,1,0,1691692373.95
WithPD,6,1691692373153221376,22.0,52.0,1691692371507099648,1,0,1691692374.29
WithPD,7,1691692373700123648,22.0,52.0,1691692371507099648,1,0,1691692374.61
WithPD,8,1691692374249674752,22.0,52.0,1691692371507099648,1,0,1691692374.93
WithPD,9,1691692374798843392,22.0,52.0,1691692371507099648,1,0,1691692375.39
WithPD,10,1691692375345633024,22.0,52.0,1691692371507099648,1,0,1691692375.94
WithPD,11,1691692375894836992,22.0,52.0,1691692371507099648,1,0,1691692376.5
WithPD,12,1691692376444604928,22.0,52.0,1691692371507099648,1,0,1691692377.04
WithPD,13,1691692376991662080,22.0,52.0,1691692371507099648,1,0,1691692377.59
WithPD,14,1691692377541259776,22.0,52.0,1691692371507099648,1,0,1691692378.15
WithPD,15,1691692378090937088,22.0,52.0,1691692371507099648,1,0,1691692378.68
WithPD,16,1691692378637807872,22.0,52.0,1691692371507099648,1,0,1691692379.25
WithPD,17,1691692379187089664,22.0,52.0,1691692371507099648,1,0,1691692379.78
WithPD,18,1691692379736527360,22.0,52.0,1691692371507099648,1,0,1691692380.33
WithPD,18,1691692379736527360,22.0,52.0,1691692371507099648,1,0,1691692381.97
WithPD,19,1691692380289967872,22.0,52.0,1691692371507099648,1,0,1691692382.28
WithPD,20,1691692380839216384,22.0,52.0,1691692371507099648,1,0,1691692382.6
WithPD,21,1691692381388480256,22.0,52.0,1691692371507099648,1,0,1691692382.85
WithPD,22,1691692381935553280,22.0,52.0,1691692371507099648,1,0,1691692383.18
WoutPD,0,This_is_noise_node0,1691692383.38
WoutPD,1,This_is_noise_node1,1691692383.41
WoutPD,2,This_is_noise_node2,1691692383.44
WoutPD,3,This_is_noise_node3,1691692383.47
WoutPD,4,This_is_noise_node4,1691692383.5
WithPD,23,1691692382484912128,22.0,52.0,1691692371507099648,1,0,1691692383.52
WoutPD,6,This_is_noise_node6,1691692383.56
WoutPD,7,This_is_noise_node7,1691692383.58
WoutPD,8,This_is_noise_node8,1691692383.62
WoutPD,9,This_is_noise_node9,1691692383.64
WoutPD,10,This_is_noise_node10,1691692383.67
WoutPD,11,This_is_noise_node11,1691692383.7
WoutPD,12,This_is_noise_node12,1691692383.72
WoutPD,13,This_is_noise_node13,1691692383.76
WoutPD,14,This_is_noise_node14,1691692383.78
WoutPD,15,This_is_noise_node15,1691692383.82
WoutPD,16,This_is_noise_node16,1691692383.84
WoutPD,17,This_is_noise_node17,1691692383.87
WoutPD,18,This_is_noise_node18,1691692383.9
WoutPD,19,This_is_noise_node19,1691692383.93
WoutPD,20,This_is_noise_node20,1691692383.96
WoutPD,21,This_is_noise_node21,1691692383.99
WoutPD,22,This_is_noise_node22,1691692384.0
WoutPD,23,This_is_noise_node23,1691692384.03
WoutPD,24,This_is_noise_node24,1691692384.07
WoutPD,25,This_is_noise_node25,1691692384.1
WoutPD,27,This_is_noise_node27,1691692384.13
WoutPD,28,This_is_noise_node28,1691692384.16
WoutPD,30,This_is_noise_node30,1691692384.19
WoutPD,31,This_is_noise_node31,1691692384.23
WoutPD,33,This_is_noise_node33,1691692384.26
WoutPD,34,This_is_noise_node34,1691692384.29
WoutPD,35,This_is_noise_node35,1691692384.3
WoutPD,36,This_is_noise_node36,1691692384.3
WoutPD,38,This_is_noise_node38,1691692384.36
WoutPD,39,This_is_noise_node39,1691692384.38
WoutPD,41,This_is_noise_node41,1691692384.41
WoutPD,42,This_is_noise_node42,1691692384.44
WoutPD,43,This_is_noise_node43,1691692384.48
WoutPD,44,This_is_noise_node44,1691692384.48
WoutPD,46,This_is_noise_node46,1691692384.53
WoutPD,47,This_is_noise_node47,1691692384.55
WithPD,23,1691692382484912128,22.0,52.0,1691692371507099648,1,0,1691692385.12
WithPD,24,1691692383034280192,22.0,55.0,1691692383034280192,0,0,1691692385.43
WithPD,25,1691692383581575424,22.0,55.0,1691692383034280192,1,0,1691692385.7
WithPD,26,1691692384130860032,22.0,55.0,1691692383034280192,1,0,1691692386.01
WithPD,27,1691692384679973376,22.0,54.0,1691692384679973376,0,0,1691692386.26
WithPD,28,1691692385227412736,22.0,54.0,1691692384679973376,1,0,1691692386.57
WithPD,29,1691692385777662976,22.0,54.0,1691692384679973376,1,0,1691692386.84
WithPD,30,1691692386327028480,22.0,54.0,1691692384679973376,1,0,1691692387.18
WithPD,31,1691692386873752576,22.0,54.0,1691692384679973376,1,0,1691692387.48
WithPD,32,1691692387423356160,22.0,54.0,1691692384679973376,1,0,1691692388.02
WithPD,33,1691692387973010176,22.0,54.0,1691692384679973376,1,0,1691692388.58
WithPD,34,1691692388526468864,22.0,54.0,1691692384679973376,1,0,1691692389.12
WithPD,35,1691692389076019968,22.0,54.0,1691692384679973376,1,0,1691692389.67
WithPD,36,1691692389625578496,22.0,54.0,1691692384679973376,1,0,1691692390.21
WithPD,37,1691692390172346880,22.0,54.0,1691692384679973376,1,0,1691692390.77
WithPD,38,1691692390721852928,22.0,54.0,1691692384679973376,1,0,1691692391.31
WithPD,39,1691692391271309568,22.0,51.0,1691692391271309568,0,0,1691692391.86
WithPD,40,1691692391818130688,22.0,51.0,1691692391271309568,1,0,1691692392.41
WithPD,41,1691692392367527936,22.0,51.0,1691692391271309568,1,0,1691692392.96
WithPD,42,1691692392916893952,22.0,51.0,1691692392916893952,0,0,1691692393.52
WithPD,43,1691692393463821568,22.0,51.0,1691692392916893952,1,0,1691692394.07
WithPD,44,1691692394013331456,22.0,51.0,1691692392916893952,1,0,1691692394.63
WithPD,45,1691692394562630656,22.0,51.0,1691692392916893952,1,0,1691692395.17
WithPD,46,1691692395115843072,22.0,51.0,1691692392916893952,1,0,1691692395.72
WithPD,47,1691692395665420032,22.0,51.0,1691692392916893952,1,0,1691692396.27
WoutPD,50,This_is_noise_node50,1691692397.4
WoutPD,51,This_is_noise_node51,1691692397.43
WoutPD,52,This_is_noise_node52,1691692397.46
WoutPD,53,This_is_noise_node53,1691692397.49
WoutPD,54,This_is_noise_node54,1691692397.52
WoutPD,55,This_is_noise_node55,1691692397.54
WoutPD,56,This_is_noise_node56,1691692397.57
WoutPD,57,This_is_noise_node57,1691692397.6
WoutPD,58,This_is_noise_node58,1691692397.64
WoutPD,59,This_is_noise_node59,1691692397.66
WoutPD,60,This_is_noise_node60,1691692397.69
WoutPD,61,This_is_noise_node61,1691692397.72
WoutPD,62,This_is_noise_node62,1691692397.74
WoutPD,63,This_is_noise_node63,1691692397.77
WoutPD,64,This_is_noise_node64,1691692397.8
WoutPD,65,This_is_noise_node65,1691692397.83
WoutPD,66,This_is_noise_node66,1691692397.86
WoutPD,67,This_is_noise_node67,1691692397.9
WoutPD,68,This_is_noise_node68,1691692397.9
WoutPD,69,This_is_noise_node69,1691692397.94
WoutPD,70,This_is_noise_node70,1691692397.96
WoutPD,71,This_is_noise_node71,1691692398.0
WoutPD,72,This_is_noise_node72,1691692398.03
WoutPD,73,This_is_noise_node73,1691692398.06
WoutPD,74,This_is_noise_node74,1691692398.09
WoutPD,76,This_is_noise_node76,1691692398.13
WoutPD,79,This_is_noise_node79,1691692398.14
WoutPD,80,This_is_noise_node80,1691692398.18
WoutPD,81,This_is_noise_node81,1691692398.21
WoutPD,82,This_is_noise_node82,1691692398.25
WoutPD,84,This_is_noise_node84,1691692398.26
WoutPD,85,This_is_noise_node85,1691692398.3
WoutPD,87,This_is_noise_node87,1691692398.33
WoutPD,89,This_is_noise_node89,1691692398.37
WoutPD,90,This_is_noise_node90,1691692398.41
WoutPD,91,This_is_noise_node91,1691692398.44
WoutPD,92,This_is_noise_node92,1691692398.46
WoutPD,94,This_is_noise_node94,1691692398.47
WoutPD,95,This_is_noise_node95,1691692398.52
WoutPD,97,This_is_noise_node97,1691692398.55
WoutPD,98,This_is_noise_node98,1691692398.57
WoutPD,101,This_is_noise_node101,1691692398.61
WoutPD,102,This_is_noise_node102,1691692398.65
WoutPD,103,This_is_noise_node103,1691692398.68
WoutPD,104,This_is_noise_node104,1691692398.69
WoutPD,105,This_is_noise_node105,1691692398.72
WoutPD,108,This_is_noise_node108,1691692398.75
WoutPD,109,This_is_noise_node109,1691692398.79
WoutPD,110,This_is_noise_node110,1691692398.82
WoutPD,113,This_is_noise_node113,1691692398.86
WoutPD,115,This_is_noise_node115,1691692398.9
WoutPD,118,This_is_noise_node118,1691692398.94
WoutPD,119,This_is_noise_node119,1691692398.97
WoutPD,121,This_is_noise_node121,1691692399.0
WoutPD,122,This_is_noise_node122,1691692399.03
WoutPD,123,This_is_noise_node123,1691692399.07
WoutPD,124,This_is_noise_node124,1691692399.09
WoutPD,125,This_is_noise_node125,1691692399.13
WoutPD,126,This_is_noise_node126,1691692399.15
WoutPD,127,This_is_noise_node127,1691692399.18
WoutPD,128,This_is_noise_node128,1691692399.21
WoutPD,129,This_is_noise_node129,1691692399.24
WoutPD,130,This_is_noise_node130,1691692399.27
WoutPD,132,This_is_noise_node132,1691692399.31
WoutPD,133,This_is_noise_node133,1691692399.33
WoutPD,135,This_is_noise_node135,1691692399.33
WoutPD,136,This_is_noise_node136,1691692399.37
WoutPD,138,This_is_noise_node138,1691692399.4
WoutPD,139,This_is_noise_node139,1691692399.44
WoutPD,141,This_is_noise_node141,1691692399.47
WoutPD,142,This_is_noise_node142,1691692399.49
WoutPD,144,This_is_noise_node144,1691692399.52
WoutPD,145,This_is_noise_node145,1691692399.56
WoutPD,147,This_is_noise_node147,1691692399.57
WoutPD,148,This_is_noise_node148,1691692399.6
WithPD,47,1691692395665420032,22.0,51.0,1691692392916893952,1,0,1691692400.57
WithPD,48,1691692396214636544,22.0,50.0,1691692396214636544,0,0,1691692400.89
WithPD,49,1691692396761764352,22.0,50.0,1691692396214636544,1,0,1691692401.16
WithPD,50,1691692397311006976,22.0,50.0,1691692396214636544,1,0,1691692401.47
WithPD,51,1691692397860246016,22.0,50.0,1691692397860246016,0,0,1691692401.8
WithPD,52,1691692398407325440,22.0,50.0,1691692397860246016,1,0,1691692402.1
WithPD,53,1691692398956689152,22.0,50.0,1691692397860246016,1,0,1691692402.43
WithPD,54,1691692399506021376,22.0,50.0,1691692399506021376,0,0,1691692402.73
WithPD,55,1691692400054080000,22.0,50.0,1691692399506021376,1,0,1691692403.05
WithPD,56,1691692400603300608,22.0,50.0,1691692399506021376,1,0,1691692403.38
WithPD,57,1691692401152791552,22.0,50.0,1691692399506021376,1,0,1691692403.72
WithPD,58,1691692401706370048,22.0,50.0,1691692399506021376,1,0,1691692404.04
WithPD,59,1691692402255793920,22.0,50.0,1691692399506021376,1,0,1691692404.35
WithPD,60,1691692402805369088,22.0,50.0,1691692399506021376,1,0,1691692404.71
WithPD,61,1691692403351919360,22.0,50.0,1691692399506021376,1,0,1691692404.98
WithPD,62,1691692403901891840,22.0,50.0,1691692399506021376,1,0,1691692405.3
WithPD,63,1691692404451184128,22.0,50.0,1691692399506021376,1,0,1691692405.67
WithPD,64,1691692405000809728,22.0,50.0,1691692399506021376,1,0,1691692405.99
WithPD,65,1691692405550343168,22.0,50.0,1691692399506021376,1,0,1691692406.34
WithPD,66,1691692406099589120,22.0,50.0,1691692406099589120,0,0,1691692406.68
WithPD,67,1691692406646301952,22.0,50.0,1691692406099589120,1,0,1691692407.24
WithPD,70,1691692408298755584,22.0,50.0,1691692406099589120,1,0,1691692408.89
WithPD,71,1691692408848077824,22.0,50.0,1691692406099589120,1,0,1691692409.45
WithPD,72,1691692409397651968,22.0,50.0,1691692406099589120,1,0,1691692410.0
WithPD,73,1691692409944306176,22.0,50.0,1691692406099589120,1,0,1691692410.55
WithPD,74,1691692410493798656,22.0,50.0,1691692406099589120,1,0,1691692411.09
WithPD,75,1691692411043087872,22.0,50.0,1691692411043087872,0,0,1691692411.64
WithPD,76,1691692411589789184,22.0,50.0,1691692411043087872,1,0,1691692412.19
WithPD,78,1691692412688273664,22.0,50.0,1691692412688273664,0,0,1691692413.3
WoutPD,151,This_is_noise_node151,1691692413.45
WoutPD,152,This_is_noise_node152,1691692413.49
WoutPD,153,This_is_noise_node153,1691692413.52
WoutPD,154,This_is_noise_node154,1691692413.55
WoutPD,155,This_is_noise_node155,1691692413.57
WoutPD,156,This_is_noise_node156,1691692413.6
WoutPD,157,This_is_noise_node157,1691692413.63
WoutPD,158,This_is_noise_node158,1691692413.66
WoutPD,159,This_is_noise_node159,1691692413.69
WoutPD,160,This_is_noise_node160,1691692413.72
WoutPD,161,This_is_noise_node161,1691692413.75
WoutPD,162,This_is_noise_node162,1691692413.77
WoutPD,163,This_is_noise_node163,1691692413.8
WoutPD,164,This_is_noise_node164,1691692413.83
WoutPD,165,This_is_noise_node165,1691692413.85
WoutPD,166,This_is_noise_node166,1691692413.88
WoutPD,167,This_is_noise_node167,1691692413.91
WoutPD,168,This_is_noise_node168,1691692413.94
WoutPD,169,This_is_noise_node169,1691692413.97
WoutPD,170,This_is_noise_node170,1691692414.0
WithPD,79,1691692413235793152,22.0,50.0,1691692412688273664,1,0,1691692414.03
WoutPD,180,This_is_noise_node180,1691692414.16
WoutPD,183,This_is_noise_node183,1691692414.19
WoutPD,184,This_is_noise_node184,1691692414.22
WoutPD,185,This_is_noise_node185,1691692414.24
WoutPD,186,This_is_noise_node186,1691692414.27
WoutPD,187,This_is_noise_node187,1691692414.31
WoutPD,188,This_is_noise_node188,1691692414.34
WoutPD,189,This_is_noise_node189,1691692414.37
WoutPD,190,This_is_noise_node190,1691692414.4
WoutPD,191,This_is_noise_node191,1691692414.43
WoutPD,192,This_is_noise_node192,1691692414.45
WoutPD,193,This_is_noise_node193,1691692414.48
WoutPD,194,This_is_noise_node194,1691692414.51
WoutPD,195,This_is_noise_node195,1691692414.53
WoutPD,196,This_is_noise_node196,1691692414.54
WoutPD,197,This_is_noise_node197,1691692414.59
WoutPD,198,This_is_noise_node198,1691692414.59
WoutPD,199,This_is_noise_node199,1691692414.63
WithPD,79,1691692413235793152,22.0,50.0,1691692412688273664,1,0,1691692415.48
WithPD,80,1691692413785654016,22.0,50.0,1691692412688273664,1,0,1691692415.72
WithPD,81,1691692414334894848,22.0,50.0,1691692412688273664,1,0,1691692416.09
WithPD,82,1691692414881737472,22.0,50.0,1691692412688273664,1,0,1691692416.35
WithPD,83,1691692415430966528,22.0,50.0,1691692412688273664,1,0,1691692416.68
WithPD,84,1691692415980172288,22.0,50.0,1691692415980172288,0,0,1691692416.93
WithPD,85,1691692416526939392,22.0,50.0,1691692415980172288,1,0,1691692417.22
WithPD,86,1691692417076436736,22.0,50.0,1691692415980172288,1,0,1691692417.68
WithPD,87,1691692417625814528,22.0,50.0,1691692415980172288,1,0,1691692418.24
WithPD,88,1691692418178730496,22.0,50.0,1691692415980172288,1,0,1691692418.77
WithPD,89,1691692418728001536,22.0,50.0,1691692415980172288,1,0,1691692419.33
WithPD,90,1691692419277868544,22.0,50.0,1691692415980172288,1,0,1691692419.87
WithPD,91,1691692419824615936,22.0,50.0,1691692415980172288,1,0,1691692420.42
WithPD,92,1691692420374012928,22.0,50.0,1691692415980172288,1,0,1691692420.98
WithPD,93,1691692420923264000,22.0,50.0,1691692415980172288,1,0,1691692421.52
WithPD,95,1691692422019875584,22.0,50.0,1691692415980172288,1,0,1691692422.6
WithPD,96,1691692422569612544,22.0,50.0,1691692415980172288,1,0,1691692423.17
WithPD,97,1691692423122696192,22.0,50.0,1691692415980172288,1,0,1691692423.72
WithPD,98,1691692423672040192,22.0,50.0,1691692415980172288,1,0,1691692424.28
WithPD,99,1691692424221867008,22.0,50.0,1691692415980172288,1,0,1691692424.82
WithPD,100,1691692424768496128,22.0,50.0,1691692415980172288,1,0,1691692425.36
WithPD,101,1691692425317972224,22.0,50.0,1691692415980172288,1,0,1691692425.92
WithPD,102,1691692425867292928,22.0,50.0,1691692425867292928,0,0,1691692426.46
WithPD,103,1691692426415080960,22.0,50.0,1691692425867292928,1,0,1691692427.03
WithPD,104,1691692426964392448,22.0,50.0,1691692425867292928,1,0,1691692427.57
WithPD,105,1691692427513885184,22.0,50.0,1691692427513885184,0,0,1691692428.1
WithPD,106,1691692428060857856,22.0,50.0,1691692427513885184,1,0,1691692428.65
WithPD,107,1691692428610449408,22.0,50.0,1691692427513885184,1,0,1691692429.22
WithPD,108,1691692429159768576,22.0,50.0,1691692427513885184,1,0,1691692429.75
WithPD,109,1691692429706934272,22.0,50.0,1691692427513885184,1,0,1691692430.3
WithPD,110,1691692430256570624,22.0,50.0,1691692427513885184,1,0,1691692430.86
WithPD,111,1691692430805937920,22.0,50.0,1691692427513885184,1,0,1691692431.41
WithPD,112,1691692431358996992,22.0,50.0,1691692427513885184,1,0,1691692431.96
WithPD,113,1691692431908169216,22.0,50.0,1691692427513885184,1,0,1691692432.5
WithPD,114,1691692432457618176,22.0,50.0,1691692427513885184,1,0,1691692433.04
WithPD,115,1691692433004604416,22.0,50.0,1691692427513885184,1,0,1691692433.6
WithPD,116,1691692433553891072,22.0,50.0,1691692427513885184,1,0,1691692434.15
WithPD,117,1691692434103195904,22.0,50.0,1691692427513885184,1,0,1691692434.7
WithPD,118,1691692434656363520,22.0,50.0,1691692427513885184,1,0,1691692435.25
WithPD,119,1691692435205694976,22.0,50.0,1691692427513885184,1,0,1691692435.8
WithPD,120,1691692435755084032,22.0,50.0,1691692427513885184,1,0,1691692436.35
WithPD,121,1691692436308136448,22.0,50.0,1691692427513885184,1,0,1691692436.91
WithPD,122,1691692436857559296,22.0,50.0,1691692427513885184,1,0,1691692437.46
WithPD,123,1691692437407005952,22.0,50.0,1691692427513885184,1,0,1691692438.0
WithPD,124,1691692437953977600,22.0,50.0,1691692427513885184,1,0,1691692438.55
WithPD,125,1691692438503299072,22.0,50.0,1691692427513885184,1,0,1691692439.1
WithPD,126,1691692439052593408,22.0,50.0,1691692427513885184,1,0,1691692439.64
WithPD,127,1691692439599469056,22.0,50.0,1691692427513885184,1,0,1691692440.2
WithPD,128,1691692440148977664,22.0,50.0,1691692427513885184,1,0,1691692440.77
WithPD,129,1691692440698553856,22.0,49.0,1691692440698553856,0,0,1691692441.3
WithPD,130,1691692441248467712,22.0,49.0,1691692440698553856,1,0,1691692441.84
WithPD,131,1691692441797957632,22.0,49.0,1691692440698553856,1,0,1691692442.39
WithPD,132,1691692442347183104,22.0,49.0,1691692442347183104,0,0,1691692442.94
WithPD,133,1691692442894033920,22.0,49.0,1691692442347183104,1,0,1691692443.5
WithPD,134,1691692443443444480,22.0,49.0,1691692442347183104,1,0,1691692444.04
WoutPD,200,This_is_noise_node200,1691692444.46
WoutPD,201,This_is_noise_node201,1691692444.5
WoutPD,202,This_is_noise_node202,1691692444.51
WoutPD,203,This_is_noise_node203,1691692444.54
WoutPD,204,This_is_noise_node204,1691692444.58
WoutPD,205,This_is_noise_node205,1691692444.61
WoutPD,206,This_is_noise_node206,1691692444.64
WoutPD,215,This_is_noise_node215,1691692444.78
WoutPD,216,This_is_noise_node216,1691692444.82
WoutPD,217,This_is_noise_node217,1691692444.84
WoutPD,218,This_is_noise_node218,1691692444.87
WoutPD,219,This_is_noise_node219,1691692444.89
WoutPD,220,This_is_noise_node220,1691692444.92
WoutPD,221,This_is_noise_node221,1691692444.95
WoutPD,222,This_is_noise_node222,1691692444.98
WoutPD,223,This_is_noise_node223,1691692445.02
WoutPD,224,This_is_noise_node224,1691692445.04
WoutPD,225,This_is_noise_node225,1691692445.07
WoutPD,226,This_is_noise_node226,1691692445.1
WoutPD,227,This_is_noise_node227,1691692445.13
WoutPD,228,This_is_noise_node228,1691692445.15
WoutPD,229,This_is_noise_node229,1691692445.18
WoutPD,230,This_is_noise_node230,1691692445.22
WoutPD,231,This_is_noise_node231,1691692445.22
WoutPD,232,This_is_noise_node232,1691692445.26
WoutPD,233,This_is_noise_node233,1691692445.3
WithPD,136,1691692444539821312,22.0,49.0,1691692443992915200,1,0,1691692445.32
WoutPD,235,This_is_noise_node235,1691692445.35
WoutPD,236,This_is_noise_node236,1691692445.39
WoutPD,237,This_is_noise_node237,1691692445.4
WoutPD,238,This_is_noise_node238,1691692445.44
WoutPD,239,This_is_noise_node239,1691692445.46
WoutPD,240,This_is_noise_node240,1691692445.5
WoutPD,241,This_is_noise_node241,1691692445.52
WoutPD,244,This_is_noise_node244,1691692445.55
WoutPD,245,This_is_noise_node245,1691692445.58
WoutPD,246,This_is_noise_node246,1691692445.61
WoutPD,247,This_is_noise_node247,1691692445.64
WoutPD,248,This_is_noise_node248,1691692445.65
WoutPD,249,This_is_noise_node249,1691692445.68
WithPD,136,1691692444539821312,22.0,49.0,1691692443992915200,1,0,1691692446.79
WithPD,137,1691692445089492224,22.0,49.0,1691692443992915200,1,0,1691692447.08
WithPD,137,1691692445089492224,22.0,49.0,1691692443992915200,1,0,1691692448.65
WithPD,138,1691692445638533120,22.0,49.0,1691692443992915200,1,0,1691692448.97
WithPD,139,1691692446185313792,22.0,49.0,1691692443992915200,1,0,1691692449.25
WithPD,140,1691692446734778368,22.0,49.0,1691692443992915200,1,0,1691692449.56
WithPD,141,1691692447283977728,22.0,49.0,1691692443992915200,1,0,1691692449.89
WithPD,142,1691692447831324160,22.0,49.0,1691692443992915200,1,0,1691692450.21
WithPD,143,1691692448380699648,22.0,49.0,1691692443992915200,1,0,1691692450.5
WithPD,144,1691692448930164992,22.0,49.0,1691692448930164992,0,0,1691692450.85
WithPD,145,1691692449477157888,22.0,49.0,1691692448930164992,1,0,1691692451.17
WithPD,146,1691692450029873664,22.0,49.0,1691692448930164992,1,0,1691692451.5
WithPD,147,1691692450579322368,22.0,50.0,1691692450579322368,0,0,1691692451.81
WithPD,148,1691692451126183424,22.0,50.0,1691692450579322368,1,0,1691692452.17
WithPD,149,1691692451675387904,22.0,50.0,1691692450579322368,1,0,1691692452.49
WithPD,150,1691692452224932864,22.0,49.0,1691692452224932864,0,0,1691692452.83
WithPD,151,1691692452771777280,22.0,49.0,1691692452224932864,1,0,1691692453.37
WithPD,152,1691692453321555968,22.0,49.0,1691692452224932864,1,0,1691692453.93
WithPD,153,1691692453870876672,22.0,49.0,1691692452224932864,1,0,1691692454.45
WithPD,154,1691692454418129664,22.0,49.0,1691692452224932864,1,0,1691692455.01
WithPD,155,1691692454967554816,22.0,49.0,1691692452224932864,1,0,1691692455.57
WithPD,156,1691692455516882688,22.0,49.0,1691692455516882688,0,0,1691692456.12
WithPD,157,1691692456063814656,22.0,49.0,1691692455516882688,1,0,1691692456.65
WithPD,158,1691692456613332224,22.0,49.0,1691692455516882688,1,0,1691692457.22
WithPD,159,1691692457162656000,22.0,50.0,1691692457162656000,0,0,1691692457.76
WithPD,160,1691692457709416192,22.0,50.0,1691692457162656000,1,0,1691692458.33
WithPD,161,1691692458262328320,22.0,50.0,1691692457162656000,1,0,1691692458.88
WithPD,162,1691692458811692032,22.0,50.0,1691692457162656000,1,0,1691692459.4
WithPD,163,1691692459359137536,22.0,50.0,1691692457162656000,1,0,1691692459.95
WithPD,164,1691692459908372480,22.0,50.0,1691692457162656000,1,0,1691692460.5
WithPD,165,1691692460457794560,22.0,49.0,1691692460457794560,0,0,1691692461.05
WithPD,166,1691692461004582400,22.0,49.0,1691692460457794560,1,0,1691692461.59
WithPD,167,1691692461553902592,22.0,49.0,1691692460457794560,1,0,1691692462.17
WithPD,168,1691692462103232256,22.0,49.0,1691692462103232256,0,0,1691692462.71
WithPD,169,1691692462650632448,22.0,49.0,1691692462103232256,1,0,1691692463.25
WithPD,170,1691692463199940096,22.0,49.0,1691692462103232256,1,0,1691692463.79
WithPD,171,1691692463749636352,22.0,49.0,1691692462103232256,1,0,1691692464.34
WithPD,172,1691692464296855808,22.0,49.0,1691692462103232256,1,0,1691692464.89
WithPD,173,1691692464846277376,22.0,49.0,1691692462103232256,1,0,1691692465.44
WithPD,174,1691692465395811328,22.0,49.0,1691692462103232256,1,0,1691692465.99
WithPD,175,1691692465942887168,22.0,49.0,1691692462103232256,1,0,1691692466.54
WithPD,176,1691692466492143104,22.0,49.0,1691692462103232256,1,0,1691692467.08
WithPD,177,1691692467041928192,22.0,49.0,1691692467041928192,0,0,1691692467.63
WithPD,178,1691692467589222400,22.0,49.0,1691692467041928192,1,0,1691692468.18
WithPD,179,1691692468138423808,22.0,49.0,1691692467041928192,1,0,1691692468.72
WithPD,180,1691692468687640064,22.0,49.0,1691692467041928192,1,0,1691692469.29
WithPD,181,1691692469235388672,22.0,49.0,1691692467041928192,1,0,1691692469.83
WithPD,182,1691692469785521920,22.0,49.0,1691692467041928192,1,0,1691692470.38
WithPD,183,1691692470335483136,22.0,49.0,1691692467041928192,1,0,1691692470.94
WithPD,184,1691692470882358784,22.0,49.0,1691692467041928192,1,0,1691692471.47
WoutPD,251,This_is_noise_node251,1691692471.52
WoutPD,252,This_is_noise_node252,1691692471.56
WoutPD,253,This_is_noise_node253,1691692471.56
WoutPD,254,This_is_noise_node254,1691692471.6
WoutPD,255,This_is_noise_node255,1691692471.63
WoutPD,256,This_is_noise_node256,1691692471.66
WoutPD,257,This_is_noise_node257,1691692471.7
WoutPD,258,This_is_noise_node258,1691692471.73
WoutPD,259,This_is_noise_node259,1691692471.76
WoutPD,260,This_is_noise_node260,1691692471.79
WoutPD,261,This_is_noise_node261,1691692471.82
WoutPD,262,This_is_noise_node262,1691692471.85
WoutPD,263,This_is_noise_node263,1691692471.87
WoutPD,264,This_is_noise_node264,1691692471.88
WoutPD,265,This_is_noise_node265,1691692471.92
WoutPD,266,This_is_noise_node266,1691692471.95
WoutPD,267,This_is_noise_node267,1691692471.96
WoutPD,268,This_is_noise_node268,1691692472.0
WoutPD,269,This_is_noise_node269,1691692472.03
WoutPD,270,This_is_noise_node270,1691692472.06
WoutPD,271,This_is_noise_node271,1691692472.08
WoutPD,272,This_is_noise_node272,1691692472.12
WoutPD,273,This_is_noise_node273,1691692472.15
WoutPD,274,This_is_noise_node274,1691692472.17
WoutPD,275,This_is_noise_node275,1691692472.2
WoutPD,276,This_is_noise_node276,1691692472.23
WoutPD,279,This_is_noise_node279,1691692472.26
WoutPD,280,This_is_noise_node280,1691692472.29
WoutPD,281,This_is_noise_node281,1691692472.32
WoutPD,283,This_is_noise_node283,1691692472.36
WoutPD,284,This_is_noise_node284,1691692472.39
WoutPD,285,This_is_noise_node285,1691692472.42
WoutPD,286,This_is_noise_node286,1691692472.45
WoutPD,288,This_is_noise_node288,1691692472.46
WoutPD,289,This_is_noise_node289,1691692472.5
WoutPD,291,This_is_noise_node291,1691692472.54
WoutPD,294,This_is_noise_node294,1691692472.58
WoutPD,295,This_is_noise_node295,1691692472.62
WoutPD,297,This_is_noise_node297,1691692472.62
WoutPD,298,This_is_noise_node298,1691692472.67
WoutPD,299,This_is_noise_node299,1691692472.69
WoutPD,300,This_is_noise_node300,1691692472.72
WoutPD,302,This_is_noise_node302,1691692472.73
WoutPD,303,This_is_noise_node303,1691692472.77
WoutPD,305,This_is_noise_node305,1691692472.8
WoutPD,307,This_is_noise_node307,1691692472.85
WoutPD,308,This_is_noise_node308,1691692472.86
WoutPD,309,This_is_noise_node309,1691692472.9
WoutPD,312,This_is_noise_node312,1691692472.94
WoutPD,313,This_is_noise_node313,1691692472.97
WoutPD,316,This_is_noise_node316,1691692473.0
WoutPD,317,This_is_noise_node317,1691692473.03
WoutPD,318,This_is_noise_node318,1691692473.06
WoutPD,319,This_is_noise_node319,1691692473.07
WoutPD,320,This_is_noise_node320,1691692473.1
WoutPD,321,This_is_noise_node321,1691692473.14
WoutPD,322,This_is_noise_node322,1691692473.14
WoutPD,323,This_is_noise_node323,1691692473.19
WoutPD,324,This_is_noise_node324,1691692473.19
WoutPD,325,This_is_noise_node325,1691692473.23
WoutPD,327,This_is_noise_node327,1691692473.27
WoutPD,328,This_is_noise_node328,1691692473.3
WoutPD,330,This_is_noise_node330,1691692473.33
WoutPD,342,This_is_noise_node342,1691692473.47
WoutPD,344,This_is_noise_node344,1691692473.51
WoutPD,345,This_is_noise_node345,1691692473.53
WoutPD,346,This_is_noise_node346,1691692473.54
WoutPD,347,This_is_noise_node347,1691692473.58
WoutPD,348,This_is_noise_node348,1691692473.61
WoutPD,349,This_is_noise_node349,1691692473.64
WithPD,185,1691692471431958272,22.0,49.0,1691692467041928192,1,0,1691692473.78
WithPD,186,1691692471981628672,22.0,50.0,1691692471981628672,0,0,1691692474.07
WithPD,187,1691692472528295936,22.0,50.0,1691692471981628672,1,0,1691692474.35
WoutPD,350,This_is_noise_node350,1691692474.5
WoutPD,351,This_is_noise_node351,1691692474.54
WoutPD,352,This_is_noise_node352,1691692474.57
WoutPD,353,This_is_noise_node353,1691692474.6
WoutPD,354,This_is_noise_node354,1691692474.62
WoutPD,355,This_is_noise_node355,1691692474.66
WoutPD,356,This_is_noise_node356,1691692474.69
WoutPD,357,This_is_noise_node357,1691692474.72
WoutPD,360,This_is_noise_node360,1691692474.77
WoutPD,361,This_is_noise_node361,1691692474.8
WoutPD,362,This_is_noise_node362,1691692474.81
WoutPD,363,This_is_noise_node363,1691692474.84
WoutPD,364,This_is_noise_node364,1691692474.88
WoutPD,365,This_is_noise_node365,1691692474.91
WoutPD,366,This_is_noise_node366,1691692474.94
WoutPD,367,This_is_noise_node367,1691692474.97
WoutPD,368,This_is_noise_node368,1691692475.0
WoutPD,369,This_is_noise_node369,1691692475.03
WoutPD,370,This_is_noise_node370,1691692475.03
WoutPD,371,This_is_noise_node371,1691692475.07
WoutPD,372,This_is_noise_node372,1691692475.1
WoutPD,373,This_is_noise_node373,1691692475.13
WoutPD,374,This_is_noise_node374,1691692475.16
WoutPD,375,This_is_noise_node375,1691692475.19
WoutPD,376,This_is_noise_node376,1691692475.22
WoutPD,377,This_is_noise_node377,1691692475.24
WoutPD,378,This_is_noise_node378,1691692475.28
WoutPD,380,This_is_noise_node380,1691692475.31
WoutPD,381,This_is_noise_node381,1691692475.33
WoutPD,383,This_is_noise_node383,1691692475.37
WoutPD,384,This_is_noise_node384,1691692475.4
WoutPD,385,This_is_noise_node385,1691692475.43
WoutPD,386,This_is_noise_node386,1691692475.44
WoutPD,388,This_is_noise_node388,1691692475.48
WoutPD,389,This_is_noise_node389,1691692475.51
WoutPD,391,This_is_noise_node391,1691692475.54
WoutPD,394,This_is_noise_node394,1691692475.59
WoutPD,395,This_is_noise_node395,1691692475.59
WoutPD,396,This_is_noise_node396,1691692475.63
WoutPD,398,This_is_noise_node398,1691692475.67
WoutPD,399,This_is_noise_node399,1691692475.7
WithPD,188,1691692473078147072,22.0,50.0,1691692471981628672,1,0,1691692476.84
WithPD,189,1691692473627442688,22.0,50.0,1691692473627442688,0,0,1691692477.13
WithPD,190,1691692474174215680,22.0,50.0,1691692473627442688,1,0,1691692477.45
WithPD,191,1691692474723710208,22.0,50.0,1691692473627442688,1,0,1691692477.75
WithPD,192,1691692475273316352,22.0,50.0,1691692473627442688,1,0,1691692478.01
WithPD,193,1691692475826406912,22.0,50.0,1691692473627442688,1,0,1691692478.36
WithPD,194,1691692476375566592,22.0,50.0,1691692473627442688,1,0,1691692478.69
WithPD,195,1691692476924872960,22.0,50.0,1691692473627442688,1,0,1691692479.02
WithPD,196,1691692477471596544,22.0,50.0,1691692473627442688,1,0,1691692479.36
WithPD,197,1691692478021256960,22.0,50.0,1691692473627442688,1,0,1691692479.71
WithPD,198,1691692478570722304,22.0,50.0,1691692473627442688,1,0,1691692480.04
WithPD,199,1691692479123651072,22.0,50.0,1691692473627442688,1,0,1691692480.38
WithPD,200,1691692479673194240,22.0,50.0,1691692473627442688,1,0,1691692480.7
WithPD,201,1691692480222448128,22.0,49.0,1691692480222448128,0,0,1691692481.05
WithPD,202,1691692480770086144,22.0,49.0,1691692480222448128,1,0,1691692481.38
WithPD,203,1691692481319540736,22.0,49.0,1691692480222448128,1,0,1691692481.92
WithPD,204,1691692481868855552,22.0,50.0,1691692481868855552,0,0,1691692482.47
WithPD,205,1691692482416170752,22.0,50.0,1691692481868855552,1,0,1691692483.01
WithPD,206,1691692482965535488,22.0,50.0,1691692481868855552,1,0,1691692483.56
WithPD,207,1691692483515239168,22.0,50.0,1691692481868855552,1,0,1691692484.11
WithPD,208,1691692484062064640,22.0,50.0,1691692481868855552,1,0,1691692484.66
WithPD,209,1691692484611126528,22.0,50.0,1691692481868855552,1,0,1691692485.2
WithPD,210,1691692485160311552,22.0,49.0,1691692485160311552,0,0,1691692485.76
WithPD,211,1691692485707346944,22.0,49.0,1691692485160311552,1,0,1691692486.3
WithPD,212,1691692486256554752,22.0,49.0,1691692485160311552,1,0,1691692486.86
WithPD,213,1691692486805864448,22.0,49.0,1691692485160311552,1,0,1691692487.41
WithPD,214,1691692487352636928,22.0,49.0,1691692485160311552,1,0,1691692487.96
WithPD,215,1691692487902079232,22.0,49.0,1691692485160311552,1,0,1691692488.51
