WithPD,0,1691698230833707520,0,0,0,1,1,1691698233.6
WithPD,1,1691698231470202368,0,0,0,1,1,1691698233.91
WithPD,2,1691698232020528384,0,0,0,1,1,1691698234.21
WithPD,3,1691698232574543616,0,0,0,1,1,1691698234.53
WithPD,4,1691698233128404480,0,0,0,1,1,1691698234.88
WithPD,5,1691698233678063104,0,0,0,1,1,1691698235.2
WithPD,6,1691698234227810560,0,0,0,1,1,1691698235.56
WithPD,8,1691698235324339968,0,0,0,1,1,1691698236.28
WithPD,9,1691698235873787904,0,0,0,1,1,1691698236.69
WithPD,10,1691698236420333568,0,0,0,1,1,1691698237.08
WithPD,11,1691698236969683456,0,0,0,1,1,1691698237.57
WithPD,12,1691698237518920960,0,0,0,1,1,1691698238.13
WithPD,13,1691698238065697536,0,0,0,1,1,1691698238.67
WithPD,14,1691698238614969856,0,0,0,1,1,1691698239.21
WithPD,15,1691698239164596480,0,0,0,1,1,1691698239.77
WithPD,16,1691698239711343360,0,0,0,1,1,1691698240.32
WithPD,17,1691698240261237504,0,0,0,1,1,1691698240.86
WithPD,18,1691698240810661376,0,0,0,1,1,1691698241.41
WithPD,19,1691698241357812480,0,0,0,1,1,1691698241.95
WithPD,20,1691698241907128064,0,0,0,1,1,1691698242.53
WithPD,21,1691698242456521984,0,0,0,1,1,1691698243.07
WithPD,22,1691698243009853696,0,0,0,1,1,1691698243.63
WithPD,23,1691698243559088128,0,0,0,1,1,1691698244.16
WithPD,24,1691698244108476416,23.0,49.0,1691698244108476416,0,0,1691698244.72
WithPD,25,1691698244656305408,23.0,49.0,1691698244108476416,1,0,1691698245.27
WithPD,26,1691698245206003712,23.0,49.0,1691698244108476416,1,0,1691698245.81
WithPD,27,1691698245755273728,22.0,49.0,1691698245755273728,0,0,1691698246.38
WithPD,28,1691698246302475520,22.0,49.0,1691698245755273728,1,0,1691698246.9
WithPD,30,1691698247401562112,22.0,49.0,1691698245755273728,1,0,1691698248.0
WithPD,31,1691698247948337920,22.0,49.0,1691698245755273728,1,0,1691698248.56
WithPD,32,1691698248498003968,22.0,49.0,1691698245755273728,1,0,1691698249.11
WithPD,33,1691698249047451904,22.0,49.0,1691698245755273728,1,0,1691698249.67
WithPD,34,1691698249600692480,22.0,49.0,1691698245755273728,1,0,1691698250.21
WithPD,35,1691698250150042368,22.0,49.0,1691698245755273728,1,0,1691698250.76
WithPD,36,1691698250699341568,23.0,49.0,1691698250699341568,0,0,1691698251.29
WithPD,37,1691698251246195712,23.0,49.0,1691698250699341568,1,0,1691698251.86
WithPD,38,1691698251795642880,23.0,49.0,1691698250699341568,1,0,1691698252.4
WithPD,40,1691698252891804416,23.0,49.0,1691698252345155072,1,0,1691698253.49
WithPD,41,1691698253441454592,23.0,49.0,1691698252345155072,1,0,1691698254.04
WithPD,42,1691698253990704384,23.0,49.0,1691698252345155072,1,0,1691698254.6
WithPD,43,1691698254543843840,23.0,49.0,1691698252345155072,1,0,1691698255.16
WithPD,44,1691698255093441792,23.0,49.0,1691698252345155072,1,0,1691698255.69
WithPD,45,1691698255642850816,23.0,49.0,1691698255642850816,0,0,1691698256.26
WithPD,46,1691698256190227712,23.0,49.0,1691698255642850816,1,0,1691698256.81
WithPD,47,1691698256740133120,23.0,49.0,1691698255642850816,1,0,1691698257.35
WithPD,48,1691698257289661696,23.0,49.0,1691698257289661696,0,0,1691698257.89
WithPD,49,1691698257837229056,23.0,49.0,1691698257289661696,1,0,1691698258.44
WithPD,50,1691698258386289664,23.0,49.0,1691698257289661696,1,0,1691698259.0
WithPD,51,1691698258935546368,23.0,49.0,1691698258935546368,0,0,1691698259.55
WithPD,52,1691698259482825472,23.0,49.0,1691698258935546368,1,0,1691698260.09
WithPD,53,1691698260032619776,23.0,49.0,1691698258935546368,1,0,1691698260.63
WithPD,54,1691698260582121984,23.0,49.0,1691698260582121984,0,0,1691698261.19
WithPD,55,1691698261128876544,23.0,49.0,1691698260582121984,1,0,1691698261.75
WithPD,56,1691698261678884608,23.0,49.0,1691698260582121984,1,0,1691698262.28
WithPD,57,1691698262228276480,23.0,49.0,1691698260582121984,1,0,1691698262.83
WithPD,58,1691698262781579008,23.0,49.0,1691698260582121984,1,0,1691698263.41
WithPD,59,1691698263331156224,23.0,49.0,1691698260582121984,1,0,1691698263.93
WithPD,61,1691698264427389952,23.0,49.0,1691698260582121984,1,0,1691698265.02
WithPD,62,1691698264977434112,23.0,49.0,1691698260582121984,1,0,1691698265.58
WithPD,64,1691698266079639552,23.0,49.0,1691698260582121984,1,0,1691698266.69
WithPD,65,1691698266629469952,23.0,49.0,1691698260582121984,1,0,1691698267.23
WithPD,66,1691698267178910464,23.0,49.0,1691698267178910464,0,0,1691698267.79
WithPD,67,1691698267725763072,23.0,49.0,1691698267178910464,1,0,1691698268.35
WithPD,68,1691698268275177728,23.0,49.0,1691698267178910464,1,0,1691698268.88
WithPD,69,1691698268824740352,23.0,49.0,1691698267178910464,1,0,1691698269.44
WithPD,70,1691698269377846528,23.0,49.0,1691698267178910464,1,0,1691698270.0
WithPD,71,1691698269927021056,23.0,49.0,1691698267178910464,1,0,1691698270.54
WithPD,72,1691698270476409344,23.0,49.0,1691698270476409344,0,0,1691698271.09
WithPD,73,1691698271023258624,23.0,49.0,1691698270476409344,1,0,1691698271.62
WithPD,74,1691698271572621312,23.0,49.0,1691698270476409344,1,0,1691698272.18
WithPD,75,1691698272121971456,23.0,49.0,1691698272121971456,0,0,1691698272.72
WithPD,76,1691698272668802048,23.0,49.0,1691698272121971456,1,0,1691698273.3
WithPD,77,1691698273218346240,23.0,49.0,1691698272121971456,1,0,1691698273.81
WithPD,78,1691698273767421696,23.0,49.0,1691698273767421696,0,0,1691698274.37
WithPD,79,1691698274314233088,23.0,49.0,1691698273767421696,1,0,1691698274.92
WithPD,80,1691698274863601152,23.0,49.0,1691698273767421696,1,0,1691698275.49
WithPD,82,1691698275959902720,23.0,49.0,1691698275412948480,1,0,1691698276.56
WithPD,84,1691698277058877184,23.0,49.0,1691698275412948480,1,0,1691698277.67
WithPD,85,1691698277605398016,23.0,49.0,1691698275412948480,1,0,1691698278.22
WithPD,86,1691698278154873856,23.0,49.0,1691698275412948480,1,0,1691698278.76
WithPD,87,1691698278704242432,23.0,49.0,1691698275412948480,1,0,1691698279.31
WithPD,88,1691698279251399680,23.0,49.0,1691698275412948480,1,0,1691698279.85
WithPD,88,1691698279251399680,23.0,49.0,1691698275412948480,1,0,1691698281.51
WithPD,89,1691698279800590336,23.0,49.0,1691698275412948480,1,0,1691698281.81
WithPD,90,1691698280349926144,23.0,49.0,1691698275412948480,1,0,1691698282.12
WithPD,91,1691698280903167488,23.0,49.0,1691698275412948480,1,0,1691698282.43
WithPD,92,1691698281452813312,23.0,49.0,1691698275412948480,1,0,1691698282.75
WithPD,93,1691698282002385664,23.0,49.0,1691698275412948480,1,0,1691698283.06
WithPD,94,1691698282548988672,23.0,49.0,1691698275412948480,1,0,1691698283.4
WithPD,94,1691698282548988672,23.0,49.0,1691698275412948480,1,0,1691698285.48
WithPD,95,1691698283098322944,23.0,49.0,1691698275412948480,1,0,1691698285.77
WithPD,96,1691698283647623168,23.0,49.0,1691698275412948480,1,0,1691698286.07
WithPD,97,1691698284194509056,23.0,49.0,1691698275412948480,1,0,1691698286.38
WithPD,98,1691698284743658240,23.0,49.0,1691698275412948480,1,0,1691698286.67
WithPD,99,1691698285293186304,23.0,49.0,1691698275412948480,1,0,1691698287.01
WithPD,100,1691698285840551680,23.0,49.0,1691698275412948480,1,0,1691698287.34
WithPD,101,1691698286389992960,23.0,49.0,1691698275412948480,1,0,1691698287.66
WithPD,102,1691698286939215360,23.0,49.0,1691698275412948480,1,0,1691698287.97
WithPD,103,1691698287492554240,23.0,49.0,1691698275412948480,1,0,1691698288.32
WithPD,104,1691698288042071552,23.0,49.0,1691698275412948480,1,0,1691698288.7
WithPD,105,1691698288591396608,23.0,50.0,1691698288591396608,0,0,1691698289.22
WithPD,106,1691698289138307072,23.0,50.0,1691698288591396608,1,0,1691698289.76
WithPD,107,1691698289688144128,23.0,50.0,1691698288591396608,1,0,1691698290.31
WithPD,108,1691698290237753856,23.0,50.0,1691698288591396608,1,0,1691698290.86
WithPD,109,1691698290790896896,23.0,50.0,1691698288591396608,1,0,1691698291.4
WithPD,110,1691698291340220672,23.0,50.0,1691698288591396608,1,0,1691698291.94
WithPD,111,1691698291889809920,23.0,50.0,1691698288591396608,1,0,1691698292.51
WithPD,112,1691698292442971392,23.0,50.0,1691698288591396608,1,0,1691698293.06
WithPD,113,1691698292992582400,23.0,50.0,1691698288591396608,1,0,1691698293.6
WithPD,114,1691698293542048000,23.0,50.0,1691698288591396608,1,0,1691698294.15
WithPD,115,1691698294095422208,23.0,50.0,1691698288591396608,1,0,1691698294.71
WithPD,116,1691698294644549120,23.0,50.0,1691698288591396608,1,0,1691698295.26
WithPD,117,1691698295194150144,23.0,50.0,1691698288591396608,1,0,1691698295.81
WithPD,118,1691698295740877312,23.0,50.0,1691698288591396608,1,0,1691698296.35
WithPD,119,1691698296290237952,23.0,50.0,1691698288591396608,1,0,1691698296.9
WithPD,120,1691698296839663104,23.0,50.0,1691698288591396608,1,0,1691698297.43
WithPD,121,1691698297386546176,23.0,50.0,1691698288591396608,1,0,1691698297.99
WithPD,122,1691698297936008192,23.0,50.0,1691698288591396608,1,0,1691698298.56
WithPD,123,1691698298485687040,23.0,50.0,1691698288591396608,1,0,1691698299.1
WithPD,124,1691698299038771712,23.0,50.0,1691698288591396608,1,0,1691698299.64
WithPD,125,1691698299588668416,23.0,50.0,1691698288591396608,1,0,1691698300.19
WithPD,126,1691698300138010880,23.0,50.0,1691698288591396608,1,0,1691698300.75
WithPD,127,1691698300691155200,23.0,50.0,1691698288591396608,1,0,1691698301.31
WithPD,128,1691698301240586496,23.0,50.0,1691698288591396608,1,0,1691698301.85
WithPD,129,1691698301789873408,23.0,50.0,1691698288591396608,1,0,1691698302.42
WithPD,130,1691698302342937856,23.0,50.0,1691698288591396608,1,0,1691698302.95
WithPD,131,1691698302892148480,23.0,50.0,1691698288591396608,1,0,1691698303.49
WithPD,132,1691698303441736448,23.0,50.0,1691698288591396608,1,0,1691698304.06
WithPD,133,1691698303988380160,23.0,50.0,1691698288591396608,1,0,1691698304.6
WithPD,134,1691698304538354944,23.0,50.0,1691698288591396608,1,0,1691698305.14
WithPD,135,1691698305087573504,23.0,50.0,1691698288591396608,1,0,1691698305.7
WithPD,136,1691698305634745344,23.0,50.0,1691698288591396608,1,0,1691698306.25
WithPD,137,1691698306184175872,23.0,50.0,1691698288591396608,1,0,1691698306.79
WithPD,138,1691698306733589248,23.0,50.0,1691698288591396608,1,0,1691698307.35
WithPD,139,1691698307286707968,23.0,50.0,1691698288591396608,1,0,1691698307.9
WithPD,140,1691698307835893248,23.0,50.0,1691698288591396608,1,0,1691698308.44
WithPD,141,1691698308385445888,23.0,50.0,1691698288591396608,1,0,1691698308.99
WithPD,142,1691698308932111872,23.0,50.0,1691698288591396608,1,0,1691698309.53
WithPD,143,1691698309481702400,23.0,50.0,1691698288591396608,1,0,1691698310.09
WithPD,144,1691698310031110912,23.0,50.0,1691698288591396608,1,0,1691698310.65
WithPD,145,1691698310584172032,23.0,50.0,1691698288591396608,1,0,1691698311.18
WithPD,146,1691698311133779456,23.0,50.0,1691698288591396608,1,0,1691698311.73
WithPD,147,1691698311683160832,23.0,50.0,1691698288591396608,1,0,1691698312.29
WithPD,148,1691698312230029312,23.0,50.0,1691698288591396608,1,0,1691698312.83
WithPD,149,1691698312779488768,23.0,50.0,1691698288591396608,1,0,1691698313.38
WithPD,150,1691698313328879104,23.0,50.0,1691698288591396608,1,0,1691698313.93
WithPD,151,1691698313875711488,23.0,50.0,1691698288591396608,1,0,1691698314.49
WithPD,152,1691698314425768960,23.0,50.0,1691698288591396608,1,0,1691698315.04
WithPD,153,1691698314975161088,23.0,50.0,1691698288591396608,1,0,1691698315.58
WithPD,154,1691698315521862144,23.0,50.0,1691698288591396608,1,0,1691698316.14
WithPD,155,1691698316071141376,23.0,50.0,1691698288591396608,1,0,1691698316.67
WithPD,156,1691698316620630784,23.0,50.0,1691698288591396608,1,0,1691698317.23
WithPD,157,1691698317167409664,23.0,50.0,1691698288591396608,1,0,1691698317.78
WithPD,158,1691698317716734720,23.0,50.0,1691698288591396608,1,0,1691698318.33
WithPD,159,1691698318266180352,23.0,49.0,1691698318266180352,0,0,1691698318.86
WithPD,160,1691698318816105472,23.0,49.0,1691698318266180352,1,0,1691698319.42
WithPD,161,1691698319365928960,23.0,49.0,1691698318266180352,1,0,1691698319.98
WithPD,162,1691698319915262464,23.0,49.0,1691698319915262464,0,0,1691698320.53
WithPD,163,1691698320462106880,23.0,49.0,1691698319915262464,1,0,1691698321.06
WithPD,164,1691698321011303168,23.0,49.0,1691698319915262464,1,0,1691698321.62
WithPD,165,1691698321560642304,23.0,49.0,1691698319915262464,1,0,1691698322.18
WithPD,166,1691698322107388672,23.0,49.0,1691698319915262464,1,0,1691698322.72
WithPD,167,1691698322657161216,23.0,49.0,1691698319915262464,1,0,1691698323.27
WithPD,168,1691698323206194432,23.0,49.0,1691698319915262464,1,0,1691698323.82
WithPD,169,1691698323759390464,23.0,49.0,1691698319915262464,1,0,1691698324.37
WithPD,170,1691698324308825856,23.0,49.0,1691698319915262464,1,0,1691698324.92
WithPD,171,1691698324858247424,23.0,49.0,1691698324858247424,0,0,1691698325.48
WithPD,172,1691698325405221632,23.0,49.0,1691698324858247424,1,0,1691698326.02
WithPD,173,1691698325954330624,23.0,49.0,1691698324858247424,1,0,1691698326.57
WithPD,174,1691698326503734272,23.0,49.0,1691698326503734272,0,0,1691698327.11
WithPD,175,1691698327050927104,23.0,49.0,1691698326503734272,1,0,1691698327.65
WithPD,176,1691698327600213248,23.0,49.0,1691698326503734272,1,0,1691698328.22
WithPD,177,1691698328149623808,23.0,49.0,1691698326503734272,1,0,1691698328.75
WithPD,178,1691698328696467456,23.0,49.0,1691698326503734272,1,0,1691698329.3
WithPD,179,1691698329245785856,23.0,49.0,1691698326503734272,1,0,1691698329.85
WithPD,180,1691698329795183104,23.0,49.0,1691698326503734272,1,0,1691698330.4
WithPD,181,1691698330342036736,23.0,49.0,1691698326503734272,1,0,1691698330.95
WithPD,182,1691698330891373312,23.0,49.0,1691698326503734272,1,0,1691698331.51
WithPD,183,1691698331440753920,23.0,49.0,1691698326503734272,1,0,1691698332.06
WithPD,184,1691698331994088448,23.0,49.0,1691698326503734272,1,0,1691698332.6
WithPD,185,1691698332543490048,23.0,49.0,1691698326503734272,1,0,1691698333.15
WithPD,186,1691698333093021696,23.0,49.0,1691698326503734272,1,0,1691698333.72
WithPD,187,1691698333646249472,23.0,49.0,1691698326503734272,1,0,1691698334.25
WithPD,188,1691698334195461632,23.0,49.0,1691698326503734272,1,0,1691698334.8
WithPD,189,1691698334744846080,23.0,49.0,1691698326503734272,1,0,1691698335.35
WithPD,190,1691698335298127872,23.0,49.0,1691698326503734272,1,0,1691698335.91
WithPD,191,1691698335847328256,23.0,49.0,1691698326503734272,1,0,1691698336.47
WithPD,192,1691698336396657152,23.0,49.0,1691698326503734272,1,0,1691698337.01
WithPD,193,1691698336943557888,23.0,49.0,1691698326503734272,1,0,1691698337.57
WithPD,194,1691698337492986112,23.0,49.0,1691698326503734272,1,0,1691698338.09
WithPD,195,1691698338042343168,23.0,49.0,1691698326503734272,1,0,1691698338.65
WithPD,196,1691698338589023232,23.0,49.0,1691698326503734272,1,0,1691698339.21
WithPD,197,1691698339138383872,23.0,49.0,1691698326503734272,1,0,1691698339.77
WithPD,198,1691698339687668480,23.0,49.0,1691698339687668480,0,0,1691698340.29
WithPD,199,1691698340234731264,23.0,49.0,1691698339687668480,1,0,1691698340.86
WithPD,200,1691698340784057344,23.0,49.0,1691698339687668480,1,0,1691698341.41
WithPD,201,1691698341333670912,23.0,49.0,1691698341333670912,0,0,1691698341.93
WithPD,202,1691698341880463872,23.0,49.0,1691698341333670912,1,0,1691698342.5
WithPD,203,1691698342429930496,23.0,49.0,1691698341333670912,1,0,1691698343.05
WithPD,203,1691698342429930496,23.0,49.0,1691698341333670912,1,0,1691698344.68
WithPD,204,1691698342979322368,23.0,49.0,1691698341333670912,1,0,1691698344.99
WithPD,205,1691698343532485888,23.0,49.0,1691698341333670912,1,0,1691698345.3
WithPD,206,1691698344081927936,23.0,49.0,1691698341333670912,1,0,1691698345.59
WithPD,207,1691698344631316736,23.0,49.0,1691698341333670912,1,0,1691698345.92
WithPD,208,1691698345178919424,23.0,49.0,1691698341333670912,1,0,1691698346.23
WithPD,209,1691698345728208640,23.0,49.0,1691698341333670912,1,0,1691698346.56
WithPD,210,1691698346277688064,23.0,49.0,1691698346277688064,0,0,1691698346.91
WithPD,211,1691698346824920064,23.0,49.0,1691698346277688064,1,0,1691698347.44
WithPD,212,1691698347374179840,23.0,49.0,1691698346277688064,1,0,1691698347.99
WithPD,214,1691698348476964352,23.0,49.0,1691698346277688064,1,0,1691698349.08
WithPD,215,1691698349026404096,23.0,49.0,1691698346277688064,1,0,1691698349.64
WithPD,216,1691698349575682560,23.0,49.0,1691698346277688064,1,0,1691698350.17
WithPD,217,1691698350122900224,23.0,49.0,1691698346277688064,1,0,1691698350.73
WithPD,218,1691698350672281088,23.0,49.0,1691698346277688064,1,0,1691698351.29
WithPD,219,1691698351221770752,23.0,49.0,1691698346277688064,1,0,1691698351.83
WithPD,220,1691698351774872320,23.0,49.0,1691698346277688064,1,0,1691698352.38
WithPD,222,1691698352873803008,23.0,49.0,1691698352873803008,0,0,1691698353.48
