WithPD,0,1691688288265703424,0,0,0,1,1,1691688290.96
WithPD,1,1691688288914419968,0,0,0,1,1,1691688291.28
WithPD,2,1691688289464523520,0,0,0,1,1,1691688291.56
WithPD,3,1691688290018568192,22.0,53.0,1691688290018568192,0,0,1691688291.85
WithPD,4,1691688290565816576,22.0,53.0,1691688290018568192,1,0,1691688292.14
WithPD,5,1691688291115428352,22.0,53.0,1691688290018568192,1,0,1691688292.45
WithPD,6,1691688291664708608,22.0,51.0,1691688291664708608,0,0,1691688292.79
WithPD,7,1691688292211826944,22.0,51.0,1691688291664708608,1,0,1691688293.11
WithPD,8,1691688292761469184,22.0,51.0,1691688291664708608,1,0,1691688293.44
WithPD,9,1691688293310694400,22.0,51.0,1691688291664708608,1,0,1691688293.91
WithPD,10,1691688293863895040,22.0,51.0,1691688291664708608,1,0,1691688294.46
WithPD,11,1691688294413854720,22.0,51.0,1691688291664708608,1,0,1691688295.01
WithPD,12,1691688294963093760,22.0,51.0,1691688291664708608,1,0,1691688295.56
WithPD,13,1691688295509960704,22.0,51.0,1691688291664708608,1,0,1691688296.1
WithPD,14,1691688296059142656,22.0,51.0,1691688291664708608,1,0,1691688296.66
WithPD,15,1691688296608608768,22.0,51.0,1691688296608608768,0,0,1691688297.21
WithPD,16,1691688297155727616,22.0,51.0,1691688296608608768,1,0,1691688297.76
WithPD,17,1691688297705449984,22.0,51.0,1691688296608608768,1,0,1691688298.3
WithPD,18,1691688298254790656,22.0,51.0,1691688296608608768,1,0,1691688298.85
WithPD,19,1691688298802069504,22.0,51.0,1691688296608608768,1,0,1691688299.42
WithPD,20,1691688299351460608,22.0,51.0,1691688296608608768,1,0,1691688299.95
WithPD,22,1691688300447921664,22.0,51.0,1691688296608608768,1,0,1691688301.05
WithPD,22,1691688300447921664,22.0,51.0,1691688296608608768,1,0,1691688303.19
WithPD,23,1691688300997617152,22.0,51.0,1691688296608608768,1,0,1691688303.48
WithPD,24,1691688301546910976,22.0,51.0,1691688296608608768,1,0,1691688303.73
WithPD,25,1691688302100322560,22.0,51.0,1691688296608608768,1,0,1691688304.0
WithPD,26,1691688302649777408,22.0,51.0,1691688296608608768,1,0,1691688304.3
WithPD,27,1691688303199333120,22.0,50.0,1691688303199333120,0,0,1691688304.59
WithPD,28,1691688303746773760,22.0,50.0,1691688303199333120,1,0,1691688304.9
WithPD,29,1691688304296129536,22.0,50.0,1691688303199333120,1,0,1691688305.19
WithPD,30,1691688304845561600,22.0,50.0,1691688304845561600,0,0,1691688305.5
WithPD,31,1691688305392786944,22.0,50.0,1691688304845561600,1,0,1691688305.99
WithPD,33,1691688306491713280,22.0,50.0,1691688306491713280,0,0,1691688307.08
WithPD,34,1691688307038959872,22.0,50.0,1691688306491713280,1,0,1691688307.64
WithPD,35,1691688307588139776,22.0,50.0,1691688306491713280,1,0,1691688308.18
WithPD,36,1691688308137969152,22.0,50.0,1691688308137969152,0,0,1691688308.73
WithPD,37,1691688308685239552,22.0,50.0,1691688308137969152,1,0,1691688309.3
WithPD,38,1691688309234706688,22.0,50.0,1691688308137969152,1,0,1691688309.83
WithPD,39,1691688309784186112,22.0,50.0,1691688309784186112,0,0,1691688310.38
WithPD,40,1691688310331379712,22.0,50.0,1691688309784186112,1,0,1691688310.92
WithPD,41,1691688310880598784,22.0,50.0,1691688309784186112,1,0,1691688311.49
WithPD,42,1691688311429940736,22.0,50.0,1691688309784186112,1,0,1691688312.02
WithPD,43,1691688311977305088,22.0,50.0,1691688309784186112,1,0,1691688312.57
WithPD,44,1691688312526519040,22.0,50.0,1691688309784186112,1,0,1691688313.13
WithPD,45,1691688313075808000,22.0,50.0,1691688309784186112,1,0,1691688313.67
WithPD,46,1691688313622841600,22.0,50.0,1691688309784186112,1,0,1691688314.21
WithPD,47,1691688314172416512,22.0,50.0,1691688309784186112,1,0,1691688314.77
WithPD,48,1691688314722069248,22.0,50.0,1691688309784186112,1,0,1691688315.32
WithPD,48,1691688314722069248,22.0,50.0,1691688309784186112,1,0,1691688317.45
WithPD,49,1691688315275186432,22.0,50.0,1691688309784186112,1,0,1691688317.74
WithPD,50,1691688315824436224,22.0,50.0,1691688309784186112,1,0,1691688318.01
WithPD,51,1691688316373902592,22.0,50.0,1691688309784186112,1,0,1691688318.33
WithPD,52,1691688316920552448,22.0,50.0,1691688309784186112,1,0,1691688318.64
WithPD,53,1691688317470019584,22.0,50.0,1691688309784186112,1,0,1691688318.97
WithPD,54,1691688318019179776,22.0,50.0,1691688318019179776,0,0,1691688319.28
WithPD,55,1691688318566198016,22.0,50.0,1691688318019179776,1,0,1691688319.58
WithPD,56,1691688319115302912,22.0,50.0,1691688318019179776,1,0,1691688319.88
WithPD,57,1691688319664871680,22.0,50.0,1691688319664871680,0,0,1691688320.25
WithPD,58,1691688320211743744,22.0,50.0,1691688319664871680,1,0,1691688320.81
WithPD,59,1691688320761212672,22.0,50.0,1691688319664871680,1,0,1691688321.36
WithPD,60,1691688321310940416,22.0,50.0,1691688319664871680,1,0,1691688321.91
WithPD,61,1691688321864157952,22.0,50.0,1691688319664871680,1,0,1691688322.45
WithPD,62,1691688322413598464,22.0,50.0,1691688319664871680,1,0,1691688323.01
WithPD,63,1691688322963114240,22.0,50.0,1691688319664871680,1,0,1691688323.55
WithPD,64,1691688323509677824,22.0,50.0,1691688319664871680,1,0,1691688324.1
WithPD,65,1691688324059208704,22.0,50.0,1691688319664871680,1,0,1691688324.66
WithPD,66,1691688324608574720,22.0,50.0,1691688319664871680,1,0,1691688325.2
WithPD,67,1691688325155244032,22.0,50.0,1691688319664871680,1,0,1691688325.75
WithPD,68,1691688325704783872,22.0,50.0,1691688319664871680,1,0,1691688326.3
WithPD,69,1691688326254290944,22.0,50.0,1691688326254290944,0,0,1691688326.85
WithPD,70,1691688326801305856,22.0,50.0,1691688326254290944,1,0,1691688327.42
WithPD,71,1691688327350945024,22.0,50.0,1691688326254290944,1,0,1691688327.95
WithPD,72,1691688327900075520,22.0,50.0,1691688326254290944,1,0,1691688328.51
WithPD,73,1691688328446880000,22.0,50.0,1691688326254290944,1,0,1691688329.05
WithPD,74,1691688328996264960,22.0,50.0,1691688326254290944,1,0,1691688329.58
WithPD,75,1691688329545770496,22.0,50.0,1691688329545770496,0,0,1691688330.14
WithPD,76,1691688330093261824,22.0,50.0,1691688329545770496,1,0,1691688330.69
WithPD,77,1691688330642502912,22.0,50.0,1691688329545770496,1,0,1691688331.25
WithPD,78,1691688331191660288,22.0,50.0,1691688329545770496,1,0,1691688331.79
WithPD,79,1691688331745250560,22.0,50.0,1691688329545770496,1,0,1691688332.35
WithPD,80,1691688332294274304,22.0,50.0,1691688329545770496,1,0,1691688332.9
WithPD,81,1691688332843524864,22.0,50.0,1691688329545770496,1,0,1691688333.46
WithPD,82,1691688333396883200,22.0,50.0,1691688329545770496,1,0,1691688334.0
WithPD,83,1691688333946355712,22.0,50.0,1691688329545770496,1,0,1691688334.55
WithPD,84,1691688334496371456,22.0,50.0,1691688329545770496,1,0,1691688335.11
WithPD,85,1691688335049715712,22.0,50.0,1691688329545770496,1,0,1691688335.66
WithPD,86,1691688335599092992,22.0,50.0,1691688329545770496,1,0,1691688336.2
WithPD,87,1691688336148448000,22.0,50.0,1691688329545770496,1,0,1691688336.75
WithPD,88,1691688336695319040,22.0,50.0,1691688329545770496,1,0,1691688337.29
WithPD,89,1691688337244756992,22.0,50.0,1691688329545770496,1,0,1691688337.85
WithPD,90,1691688337794205952,22.0,50.0,1691688329545770496,1,0,1691688338.4
WithPD,91,1691688338340909568,22.0,50.0,1691688329545770496,1,0,1691688338.94
WithPD,92,1691688338890737152,22.0,50.0,1691688329545770496,1,0,1691688339.49
WithPD,93,1691688339440147200,22.0,50.0,1691688329545770496,1,0,1691688340.04
WithPD,94,1691688339987020800,22.0,50.0,1691688329545770496,1,0,1691688340.58
WithPD,95,1691688340536272128,22.0,50.0,1691688329545770496,1,0,1691688341.14
WithPD,96,1691688341085798912,22.0,50.0,1691688329545770496,1,0,1691688341.7
WithPD,97,1691688341638849792,22.0,50.0,1691688329545770496,1,0,1691688342.23
WithPD,98,1691688342187992832,22.0,50.0,1691688329545770496,1,0,1691688342.78
WithPD,99,1691688342737566720,22.0,50.0,1691688342737566720,0,0,1691688343.33
WithPD,100,1691688343285196800,22.0,50.0,1691688342737566720,1,0,1691688343.89
WithPD,101,1691688343834397696,22.0,50.0,1691688342737566720,1,0,1691688344.43
WithPD,101,1691688343834397696,22.0,50.0,1691688342737566720,1,0,1691688346.56
WithPD,102,1691688344383739904,22.0,50.0,1691688342737566720,1,0,1691688346.85
WithPD,103,1691688344930660608,22.0,50.0,1691688342737566720,1,0,1691688347.18
WithPD,104,1691688345479979776,22.0,50.0,1691688342737566720,1,0,1691688347.46
WithPD,105,1691688346029498368,22.0,50.0,1691688346029498368,0,0,1691688347.78
WithPD,106,1691688346576175616,22.0,50.0,1691688346029498368,1,0,1691688348.11
WithPD,107,1691688347125703936,22.0,50.0,1691688346029498368,1,0,1691688348.41
WithPD,108,1691688347674925824,22.0,50.0,1691688346029498368,1,0,1691688348.71
WithPD,109,1691688348221656320,22.0,50.0,1691688346029498368,1,0,1691688349.0
WithPD,110,1691688348771375872,22.0,50.0,1691688346029498368,1,0,1691688349.37
WithPD,111,1691688349321337600,22.0,50.0,1691688346029498368,1,0,1691688349.92
WithPD,112,1691688349868818688,22.0,50.0,1691688346029498368,1,0,1691688350.47
WithPD,113,1691688350418255360,22.0,50.0,1691688346029498368,1,0,1691688351.02
WithPD,115,1691688351515319040,22.0,50.0,1691688346029498368,1,0,1691688352.11
WithPD,116,1691688352064713728,22.0,50.0,1691688346029498368,1,0,1691688352.66
WithPD,117,1691688352614093568,22.0,50.0,1691688346029498368,1,0,1691688353.21
WithPD,118,1691688353167092480,22.0,50.0,1691688346029498368,1,0,1691688353.76
WithPD,119,1691688353716376320,22.0,50.0,1691688346029498368,1,0,1691688354.32
WithPD,120,1691688354265880576,22.0,50.0,1691688346029498368,1,0,1691688354.86
WithPD,121,1691688354819024640,22.0,50.0,1691688346029498368,1,0,1691688355.41
WithPD,122,1691688355368475136,22.0,50.0,1691688346029498368,1,0,1691688355.96
WithPD,123,1691688355917992704,22.0,50.0,1691688346029498368,1,0,1691688356.51
WithPD,124,1691688356464643072,22.0,50.0,1691688346029498368,1,0,1691688357.05
WithPD,125,1691688357014374912,22.0,50.0,1691688346029498368,1,0,1691688357.62
WithPD,126,1691688357563603456,22.0,50.0,1691688346029498368,1,0,1691688358.17
WithPD,127,1691688358116908032,22.0,50.0,1691688346029498368,1,0,1691688358.73
WithPD,128,1691688358666233600,22.0,50.0,1691688346029498368,1,0,1691688359.27
WithPD,129,1691688359215455744,22.0,50.0,1691688359215455744,0,0,1691688359.81
WithPD,131,1691688360311968512,22.0,50.0,1691688359215455744,1,0,1691688360.9
WithPD,132,1691688360861525504,22.0,50.0,1691688360861525504,0,0,1691688361.46
WithPD,133,1691688361409180928,22.0,50.0,1691688360861525504,1,0,1691688362.0
WithPD,134,1691688361958682880,22.0,50.0,1691688360861525504,1,0,1691688362.56
WithPD,135,1691688362508123648,22.0,50.0,1691688362508123648,0,0,1691688363.11
WithPD,136,1691688363054963200,22.0,50.0,1691688362508123648,1,0,1691688363.66
WithPD,137,1691688363604702208,22.0,50.0,1691688362508123648,1,0,1691688364.19
WithPD,138,1691688364154121216,22.0,50.0,1691688362508123648,1,0,1691688364.76
WithPD,139,1691688364707282176,22.0,50.0,1691688362508123648,1,0,1691688365.3
WithPD,140,1691688365256665344,22.0,50.0,1691688362508123648,1,0,1691688365.86
WithPD,141,1691688365806392064,22.0,50.0,1691688362508123648,1,0,1691688366.41
WithPD,142,1691688366353225216,22.0,50.0,1691688362508123648,1,0,1691688366.94
WithPD,143,1691688366902331392,22.0,50.0,1691688362508123648,1,0,1691688367.49
WithPD,144,1691688367451893248,22.0,50.0,1691688362508123648,1,0,1691688368.05
WithPD,145,1691688368005322496,22.0,50.0,1691688362508123648,1,0,1691688368.61
WithPD,146,1691688368554617344,22.0,50.0,1691688362508123648,1,0,1691688369.16
WithPD,147,1691688369104022016,22.0,50.0,1691688362508123648,1,0,1691688369.71
WithPD,148,1691688369650870016,22.0,50.0,1691688362508123648,1,0,1691688370.24
WithPD,149,1691688370200408576,22.0,50.0,1691688362508123648,1,0,1691688370.82
WithPD,150,1691688370749884672,22.0,50.0,1691688362508123648,1,0,1691688371.35
WithPD,151,1691688371303113472,22.0,50.0,1691688362508123648,1,0,1691688371.9
WithPD,152,1691688371852501504,22.0,50.0,1691688362508123648,1,0,1691688372.45
WithPD,153,1691688372402255360,22.0,50.0,1691688362508123648,1,0,1691688372.99
WithPD,154,1691688372948914432,22.0,50.0,1691688362508123648,1,0,1691688373.55
WithPD,155,1691688373498348800,22.0,50.0,1691688362508123648,1,0,1691688374.1
WithPD,156,1691688374047655168,22.0,50.0,1691688374047655168,0,0,1691688374.64
WithPD,157,1691688374595438592,22.0,50.0,1691688374047655168,1,0,1691688375.21
WithPD,158,1691688375145287424,22.0,50.0,1691688374047655168,1,0,1691688375.74
WithPD,159,1691688375694522624,22.0,50.0,1691688374047655168,1,0,1691688376.3
WithPD,160,1691688376241249280,22.0,50.0,1691688374047655168,1,0,1691688376.84
WithPD,161,1691688376790588672,22.0,50.0,1691688374047655168,1,0,1691688377.41
WithPD,162,1691688377339847424,22.0,50.0,1691688374047655168,1,0,1691688377.94
WithPD,163,1691688377893481472,22.0,50.0,1691688374047655168,1,0,1691688378.49
WithPD,164,1691688378442740480,22.0,50.0,1691688374047655168,1,0,1691688379.05
WithPD,165,1691688378992004352,22.0,50.0,1691688378992004352,0,0,1691688379.59
WithPD,166,1691688379539083264,22.0,50.0,1691688378992004352,1,0,1691688380.15
WithPD,167,1691688380088332288,22.0,50.0,1691688378992004352,1,0,1691688380.68
WithPD,168,1691688380637750784,22.0,50.0,1691688378992004352,1,0,1691688381.25
WithPD,169,1691688381190842880,22.0,50.0,1691688378992004352,1,0,1691688381.78
WithPD,170,1691688381740336896,22.0,50.0,1691688378992004352,1,0,1691688382.33
WithPD,171,1691688382289690112,22.0,50.0,1691688382289690112,0,0,1691688382.9
WithPD,172,1691688382836547328,22.0,50.0,1691688382289690112,1,0,1691688383.43
WithPD,173,1691688383386016512,22.0,50.0,1691688382289690112,1,0,1691688383.99
WithPD,174,1691688383935867136,22.0,50.0,1691688383935867136,0,0,1691688384.53
WithPD,175,1691688384482865408,22.0,50.0,1691688383935867136,1,0,1691688385.08
WithPD,176,1691688385032124416,22.0,50.0,1691688383935867136,1,0,1691688385.63
WithPD,177,1691688385581766144,22.0,50.0,1691688385581766144,0,0,1691688386.18
WithPD,177,1691688385581766144,22.0,50.0,1691688385581766144,0,0,1691688388.36
WithPD,178,1691688386128886272,22.0,50.0,1691688385581766144,1,0,1691688388.66
WithPD,179,1691688386678109184,22.0,50.0,1691688385581766144,1,0,1691688388.98
WithPD,180,1691688387228093696,22.0,50.0,1691688385581766144,1,0,1691688389.28
WithPD,181,1691688387776243200,22.0,50.0,1691688385581766144,1,0,1691688389.58
WithPD,182,1691688388325853952,22.0,50.0,1691688385581766144,1,0,1691688389.88
WithPD,183,1691688388875117312,22.0,50.0,1691688385581766144,1,0,1691688390.16
WithPD,184,1691688389422231296,22.0,50.0,1691688385581766144,1,0,1691688390.47
WithPD,185,1691688389971405568,22.0,50.0,1691688385581766144,1,0,1691688390.78
WithPD,186,1691688390520766208,22.0,50.0,1691688385581766144,1,0,1691688391.13
WithPD,187,1691688391067462656,22.0,50.0,1691688385581766144,1,0,1691688391.68
WithPD,188,1691688391616973312,22.0,50.0,1691688385581766144,1,0,1691688392.21
WithPD,189,1691688392166309120,22.0,50.0,1691688385581766144,1,0,1691688392.76
WithPD,190,1691688392712992512,22.0,50.0,1691688385581766144,1,0,1691688393.31
WithPD,191,1691688393262585088,22.0,50.0,1691688385581766144,1,0,1691688393.86
WithPD,192,1691688393812266496,22.0,50.0,1691688393812266496,0,0,1691688394.42
WithPD,193,1691688394359245568,22.0,50.0,1691688393812266496,1,0,1691688394.96
WithPD,194,1691688394908538880,22.0,50.0,1691688393812266496,1,0,1691688395.51
WithPD,195,1691688395457873664,22.0,50.0,1691688393812266496,1,0,1691688396.06
WithPD,196,1691688396004521472,22.0,50.0,1691688393812266496,1,0,1691688396.6
WithPD,197,1691688396554114048,22.0,50.0,1691688393812266496,1,0,1691688397.16
WithPD,198,1691688397103473664,22.0,50.0,1691688397103473664,0,0,1691688397.69
WithPD,199,1691688397650457088,22.0,50.0,1691688397103473664,1,0,1691688398.25
WithPD,200,1691688398199822592,22.0,50.0,1691688397103473664,1,0,1691688398.79
WithPD,201,1691688398749513984,22.0,50.0,1691688398749513984,0,0,1691688399.33
WithPD,202,1691688399296308480,22.0,50.0,1691688398749513984,1,0,1691688399.91
WithPD,203,1691688399845675776,22.0,50.0,1691688398749513984,1,0,1691688400.45
WithPD,204,1691688400394923008,22.0,50.0,1691688398749513984,1,0,1691688400.99
WithPD,205,1691688400941652736,22.0,50.0,1691688398749513984,1,0,1691688401.54
WithPD,206,1691688401490935808,22.0,50.0,1691688398749513984,1,0,1691688402.08
WithPD,207,1691688402040111360,22.0,50.0,1691688402040111360,0,0,1691688402.63
WithPD,208,1691688402587271168,22.0,50.0,1691688402040111360,1,0,1691688403.19
WithPD,209,1691688403136652544,22.0,50.0,1691688402040111360,1,0,1691688403.73
WithPD,210,1691688403686336000,22.0,50.0,1691688402040111360,1,0,1691688404.3
WithPD,211,1691688404239377408,22.0,50.0,1691688402040111360,1,0,1691688404.86
WithPD,212,1691688404788877312,22.0,50.0,1691688402040111360,1,0,1691688405.39
WithPD,213,1691688405338366464,22.0,50.0,1691688405338366464,0,0,1691688405.95
WithPD,214,1691688405885165568,22.0,50.0,1691688405338366464,1,0,1691688406.49
WithPD,215,1691688406434449664,22.0,50.0,1691688405338366464,1,0,1691688407.03
