WithPD,0,1691689245321663744,0,0,0,1,1,1691689248.1
WithPD,1,1691689245974371072,0,0,0,1,1,1691689248.37
WithPD,2,1691689246524687872,0,0,0,1,1,1691689248.68
WithPD,3,1691689247075132416,22.0,51.0,1691689247075132416,0,0,1691689249.01
WithPD,4,1691689247622285824,22.0,51.0,1691689247075132416,1,0,1691689249.32
WithPD,5,1691689248171706880,22.0,51.0,1691689247075132416,1,0,1691689249.64
WithPD,6,1691689248721248000,22.0,51.0,1691689248721248000,0,0,1691689249.97
WithPD,7,1691689249267890688,22.0,51.0,1691689248721248000,1,0,1691689250.28
WithPD,8,1691689249817528576,22.0,51.0,1691689248721248000,1,0,1691689250.59
WithPD,9,1691689250366760448,22.0,51.0,1691689250366760448,0,0,1691689250.95
WithPD,10,1691689250916794368,22.0,51.0,1691689250366760448,1,0,1691689251.51
WithPD,11,1691689251466270720,22.0,51.0,1691689250366760448,1,0,1691689252.07
WithPD,12,1691689252015622912,22.0,51.0,1691689250366760448,1,0,1691689252.61
WithPD,13,1691689252562857984,22.0,51.0,1691689250366760448,1,0,1691689253.15
WithPD,14,1691689253112534016,22.0,51.0,1691689250366760448,1,0,1691689253.71
WithPD,15,1691689253661949440,22.0,51.0,1691689253661949440,0,0,1691689254.26
WithPD,16,1691689254208797184,22.0,51.0,1691689253661949440,1,0,1691689254.8
WithPD,17,1691689254758251008,22.0,51.0,1691689253661949440,1,0,1691689255.37
WithPD,18,1691689255307501312,22.0,51.0,1691689253661949440,1,0,1691689255.91
WithPD,19,1691689255854660864,22.0,51.0,1691689253661949440,1,0,1691689256.46
WithPD,20,1691689256404133376,22.0,51.0,1691689253661949440,1,0,1691689257.01
WithPD,21,1691689256953724160,22.0,51.0,1691689256953724160,0,0,1691689257.55
WithPD,22,1691689257501135616,22.0,51.0,1691689256953724160,1,0,1691689258.11
WithPD,23,1691689258050357248,22.0,51.0,1691689256953724160,1,0,1691689258.64
WoutPD,0,This_is_noise_node0,1691689259.08
WoutPD,1,This_is_noise_node1,1691689259.12
WoutPD,2,This_is_noise_node2,1691689259.15
WoutPD,3,This_is_noise_node3,1691689259.18
WoutPD,4,This_is_noise_node4,1691689259.21
WoutPD,5,This_is_noise_node5,1691689259.24
WoutPD,6,This_is_noise_node6,1691689259.26
WoutPD,7,This_is_noise_node7,1691689259.3
WoutPD,8,This_is_noise_node8,1691689259.33
WoutPD,9,This_is_noise_node9,1691689259.35
WoutPD,10,This_is_noise_node10,1691689259.38
WoutPD,11,This_is_noise_node11,1691689259.41
WoutPD,12,This_is_noise_node12,1691689259.44
WoutPD,13,This_is_noise_node13,1691689259.47
WoutPD,14,This_is_noise_node14,1691689259.5
WoutPD,15,This_is_noise_node15,1691689259.53
WoutPD,16,This_is_noise_node16,1691689259.56
WoutPD,17,This_is_noise_node17,1691689259.58
WoutPD,18,This_is_noise_node18,1691689259.61
WoutPD,19,This_is_noise_node19,1691689259.64
WoutPD,20,This_is_noise_node20,1691689259.67
WoutPD,21,This_is_noise_node21,1691689259.71
WoutPD,22,This_is_noise_node22,1691689259.73
WoutPD,23,This_is_noise_node23,1691689259.74
WoutPD,24,This_is_noise_node24,1691689259.77
WoutPD,26,This_is_noise_node26,1691689259.83
WoutPD,28,This_is_noise_node28,1691689259.86
WoutPD,29,This_is_noise_node29,1691689259.88
WoutPD,31,This_is_noise_node31,1691689259.91
WoutPD,32,This_is_noise_node32,1691689259.95
WoutPD,33,This_is_noise_node33,1691689259.98
WoutPD,34,This_is_noise_node34,1691689259.98
WoutPD,36,This_is_noise_node36,1691689260.01
WoutPD,37,This_is_noise_node37,1691689260.04
WoutPD,39,This_is_noise_node39,1691689260.09
WoutPD,40,This_is_noise_node40,1691689260.11
WoutPD,41,This_is_noise_node41,1691689260.14
WithPD,24,1691689258599610880,22.0,51.0,1691689256953724160,1,0,1691689260.84
WithPD,25,1691689259146951936,22.0,51.0,1691689256953724160,1,0,1691689261.12
WithPD,26,1691689259696531456,22.0,51.0,1691689256953724160,1,0,1691689261.41
WithPD,27,1691689260246040576,22.0,51.0,1691689260246040576,0,0,1691689261.72
WithPD,28,1691689260792849408,22.0,51.0,1691689260246040576,1,0,1691689261.99
WithPD,29,1691689261342301440,22.0,51.0,1691689260246040576,1,0,1691689262.29
WithPD,30,1691689261891630848,22.0,51.0,1691689260246040576,1,0,1691689262.59
WithPD,31,1691689262445248256,22.0,51.0,1691689260246040576,1,0,1691689263.05
WithPD,32,1691689262994561792,22.0,51.0,1691689260246040576,1,0,1691689263.59
WithPD,33,1691689263543851520,22.0,51.0,1691689263543851520,0,0,1691689264.12
WithPD,34,1691689264091635200,22.0,51.0,1691689263543851520,1,0,1691689264.7
WithPD,35,1691689264641265152,22.0,51.0,1691689263543851520,1,0,1691689265.24
WithPD,36,1691689265190554112,22.0,51.0,1691689263543851520,1,0,1691689265.79
WithPD,37,1691689265743929856,22.0,51.0,1691689263543851520,1,0,1691689266.35
WithPD,38,1691689266293650688,22.0,51.0,1691689263543851520,1,0,1691689266.91
WithPD,39,1691689266842982400,22.0,51.0,1691689263543851520,1,0,1691689267.44
WithPD,40,1691689267396395264,22.0,51.0,1691689263543851520,1,0,1691689268.0
WithPD,41,1691689267946102528,22.0,51.0,1691689263543851520,1,0,1691689268.53
WithPD,42,1691689268495387648,22.0,51.0,1691689263543851520,1,0,1691689269.1
WithPD,43,1691689269048881408,22.0,51.0,1691689263543851520,1,0,1691689269.64
WithPD,44,1691689269598785280,22.0,51.0,1691689263543851520,1,0,1691689270.2
WithPD,45,1691689270148166144,22.0,51.0,1691689270148166144,0,0,1691689270.75
WithPD,46,1691689270695758592,22.0,51.0,1691689270148166144,1,0,1691689271.28
WithPD,47,1691689271245430784,22.0,51.0,1691689270148166144,1,0,1691689271.83
WoutPD,44,This_is_noise_node44,1691689272.0
WithPD,48,1691689271794636032,22.0,51.0,1691689271794636032,0,0,1691689272.4
WithPD,49,1691689272342344960,22.0,51.0,1691689271794636032,1,0,1691689272.95
WithPD,50,1691689272891677696,22.0,51.0,1691689271794636032,1,0,1691689273.48
WithPD,51,1691689273441204480,22.0,51.0,1691689271794636032,1,0,1691689274.03
WithPD,52,1691689273994666496,22.0,51.0,1691689271794636032,1,0,1691689274.59
WithPD,53,1691689274543923712,22.0,51.0,1691689271794636032,1,0,1691689275.14
WithPD,54,1691689275093644032,22.0,51.0,1691689271794636032,1,0,1691689275.68
WithPD,55,1691689275647291136,22.0,51.0,1691689271794636032,1,0,1691689276.25
WithPD,56,1691689276196788992,22.0,51.0,1691689271794636032,1,0,1691689276.79
WithPD,56,1691689276196788992,22.0,51.0,1691689271794636032,1,0,1691689278.91
WithPD,57,1691689276746022144,22.0,51.0,1691689276746022144,0,0,1691689279.19
WithPD,58,1691689277292901632,22.0,51.0,1691689276746022144,1,0,1691689279.46
WithPD,59,1691689277842261504,22.0,51.0,1691689276746022144,1,0,1691689279.74
WoutPD,45,This_is_noise_node45,1691689280.01
WoutPD,46,This_is_noise_node46,1691689280.05
WoutPD,47,This_is_noise_node47,1691689280.08
WithPD,60,1691689278392014592,22.0,51.0,1691689276746022144,1,0,1691689280.09
WoutPD,49,This_is_noise_node49,1691689280.13
WoutPD,50,This_is_noise_node50,1691689280.17
WoutPD,51,This_is_noise_node51,1691689280.19
WoutPD,52,This_is_noise_node52,1691689280.22
WoutPD,53,This_is_noise_node53,1691689280.26
WoutPD,54,This_is_noise_node54,1691689280.26
WoutPD,55,This_is_noise_node55,1691689280.3
WoutPD,56,This_is_noise_node56,1691689280.32
WoutPD,57,This_is_noise_node57,1691689280.35
WoutPD,58,This_is_noise_node58,1691689280.39
WoutPD,59,This_is_noise_node59,1691689280.42
WoutPD,60,This_is_noise_node60,1691689280.44
WoutPD,61,This_is_noise_node61,1691689280.47
WoutPD,62,This_is_noise_node62,1691689280.5
WoutPD,63,This_is_noise_node63,1691689280.53
WoutPD,64,This_is_noise_node64,1691689280.57
WoutPD,65,This_is_noise_node65,1691689280.59
WoutPD,66,This_is_noise_node66,1691689280.62
WoutPD,67,This_is_noise_node67,1691689280.64
WoutPD,68,This_is_noise_node68,1691689280.68
WoutPD,69,This_is_noise_node69,1691689280.7
WoutPD,70,This_is_noise_node70,1691689280.74
WoutPD,72,This_is_noise_node72,1691689280.77
WoutPD,74,This_is_noise_node74,1691689280.81
WithPD,60,1691689278392014592,22.0,51.0,1691689276746022144,1,0,1691689282.2
WithPD,61,1691689278939248128,22.0,51.0,1691689276746022144,1,0,1691689282.48
WithPD,62,1691689279488481024,22.0,51.0,1691689276746022144,1,0,1691689282.84
WithPD,63,1691689280038347776,22.0,51.0,1691689280038347776,0,0,1691689283.13
WithPD,64,1691689280585661696,22.0,51.0,1691689280038347776,1,0,1691689283.45
WithPD,65,1691689281134954496,22.0,51.0,1691689280038347776,1,0,1691689283.75
WithPD,66,1691689281684425728,22.0,51.0,1691689280038347776,1,0,1691689284.05
WithPD,67,1691689282231477248,22.0,51.0,1691689280038347776,1,0,1691689284.34
WoutPD,75,This_is_noise_node75,1691689284.62
WoutPD,76,This_is_noise_node76,1691689284.66
WoutPD,77,This_is_noise_node77,1691689284.68
WoutPD,81,This_is_noise_node81,1691689284.76
WoutPD,82,This_is_noise_node82,1691689284.79
WoutPD,83,This_is_noise_node83,1691689284.82
WoutPD,84,This_is_noise_node84,1691689284.86
WoutPD,85,This_is_noise_node85,1691689284.88
WoutPD,86,This_is_noise_node86,1691689284.89
WoutPD,87,This_is_noise_node87,1691689284.95
WoutPD,88,This_is_noise_node88,1691689284.95
WoutPD,89,This_is_noise_node89,1691689284.96
WoutPD,90,This_is_noise_node90,1691689285.01
WoutPD,91,This_is_noise_node91,1691689285.05
WoutPD,92,This_is_noise_node92,1691689285.06
WoutPD,93,This_is_noise_node93,1691689285.09
WoutPD,94,This_is_noise_node94,1691689285.13
WoutPD,95,This_is_noise_node95,1691689285.13
WoutPD,96,This_is_noise_node96,1691689285.17
WoutPD,97,This_is_noise_node97,1691689285.2
WoutPD,98,This_is_noise_node98,1691689285.23
WoutPD,99,This_is_noise_node99,1691689285.26
WithPD,68,1691689282780962560,22.0,51.0,1691689280038347776,1,0,1691689286.82
WithPD,69,1691689283330201344,22.0,51.0,1691689283330201344,0,0,1691689287.1
WithPD,70,1691689283877004032,22.0,51.0,1691689283330201344,1,0,1691689287.4
WithPD,71,1691689284426300160,22.0,51.0,1691689283330201344,1,0,1691689287.69
WithPD,72,1691689284975749376,22.0,51.0,1691689283330201344,1,0,1691689288.02
WithPD,73,1691689285522800128,22.0,51.0,1691689283330201344,1,0,1691689288.36
WithPD,74,1691689286072129536,22.0,51.0,1691689283330201344,1,0,1691689288.65
WithPD,75,1691689286621650432,22.0,50.0,1691689286621650432,0,0,1691689288.98
WithPD,76,1691689287169243136,22.0,50.0,1691689286621650432,1,0,1691689289.29
WithPD,77,1691689287718517504,22.0,50.0,1691689286621650432,1,0,1691689289.63
WithPD,78,1691689288269242368,22.0,50.0,1691689286621650432,1,0,1691689289.97
WithPD,79,1691689288816149760,22.0,50.0,1691689286621650432,1,0,1691689290.3
WithPD,80,1691689289365527296,22.0,50.0,1691689286621650432,1,0,1691689290.67
WithPD,81,1691689289914838272,22.0,50.0,1691689286621650432,1,0,1691689290.99
WithPD,82,1691689290461797120,22.0,50.0,1691689286621650432,1,0,1691689291.35
WithPD,83,1691689291011069184,22.0,50.0,1691689286621650432,1,0,1691689291.71
WithPD,84,1691689291560355840,22.0,50.0,1691689286621650432,1,0,1691689292.15
WithPD,85,1691689292107243264,22.0,50.0,1691689286621650432,1,0,1691689292.71
WithPD,86,1691689292656629760,22.0,50.0,1691689286621650432,1,0,1691689293.25
WithPD,87,1691689293205968896,22.0,50.0,1691689293205968896,0,0,1691689293.79
WithPD,88,1691689293753465856,22.0,50.0,1691689293205968896,1,0,1691689294.35
WithPD,89,1691689294303202048,22.0,50.0,1691689293205968896,1,0,1691689294.89
WoutPD,100,This_is_noise_node100,1691689295.13
WoutPD,101,This_is_noise_node101,1691689295.17
WoutPD,102,This_is_noise_node102,1691689295.2
WoutPD,103,This_is_noise_node103,1691689295.23
WoutPD,104,This_is_noise_node104,1691689295.26
WoutPD,105,This_is_noise_node105,1691689295.28
WoutPD,106,This_is_noise_node106,1691689295.31
WoutPD,107,This_is_noise_node107,1691689295.34
WoutPD,108,This_is_noise_node108,1691689295.37
WithPD,90,1691689294852500736,22.0,51.0,1691689294852500736,0,0,1691689295.49
WithPD,91,1691689295399541760,22.0,51.0,1691689294852500736,1,0,1691689296.0
WithPD,91,1691689295399541760,22.0,51.0,1691689294852500736,1,0,1691689298.1
WithPD,92,1691689295949178880,22.0,51.0,1691689294852500736,1,0,1691689298.43
WithPD,93,1691689296498226176,22.0,51.0,1691689294852500736,1,0,1691689298.75
WithPD,94,1691689297044860160,22.0,51.0,1691689294852500736,1,0,1691689299.04
WithPD,95,1691689297594246400,22.0,51.0,1691689294852500736,1,0,1691689299.36
WithPD,96,1691689298143560960,22.0,51.0,1691689294852500736,1,0,1691689299.64
WithPD,97,1691689298697185280,22.0,51.0,1691689294852500736,1,0,1691689300.0
WithPD,98,1691689299246292480,22.0,51.0,1691689294852500736,1,0,1691689300.28
WithPD,99,1691689299795576576,22.0,51.0,1691689294852500736,1,0,1691689300.62
WithPD,100,1691689300349119232,22.0,51.0,1691689294852500736,1,0,1691689300.99
WithPD,101,1691689300898420736,22.0,51.0,1691689294852500736,1,0,1691689301.5
WithPD,102,1691689301447581952,22.0,51.0,1691689294852500736,1,0,1691689302.06
WithPD,103,1691689302001167616,22.0,51.0,1691689294852500736,1,0,1691689302.6
WithPD,104,1691689302550585344,22.0,51.0,1691689294852500736,1,0,1691689303.14
WithPD,105,1691689303100333312,22.0,51.0,1691689294852500736,1,0,1691689303.68
WithPD,106,1691689303647218176,22.0,51.0,1691689294852500736,1,0,1691689304.24
WithPD,107,1691689304196909824,22.0,51.0,1691689294852500736,1,0,1691689304.79
WithPD,108,1691689304746800384,22.0,51.0,1691689294852500736,1,0,1691689305.34
WithPD,109,1691689305293595392,22.0,51.0,1691689294852500736,1,0,1691689305.89
WithPD,110,1691689305842892288,22.0,51.0,1691689294852500736,1,0,1691689306.43
WithPD,111,1691689306392287232,22.0,51.0,1691689306392287232,0,0,1691689307.0
WithPD,112,1691689306939639040,22.0,51.0,1691689306392287232,1,0,1691689307.54
WithPD,113,1691689307489330944,22.0,51.0,1691689306392287232,1,0,1691689308.08
WithPD,114,1691689308038727424,22.0,51.0,1691689308038727424,0,0,1691689308.62
WithPD,115,1691689308585640960,22.0,51.0,1691689308038727424,1,0,1691689309.19
WithPD,116,1691689309135254528,22.0,51.0,1691689308038727424,1,0,1691689309.74
WithPD,117,1691689309684830976,22.0,51.0,1691689308038727424,1,0,1691689310.27
WithPD,118,1691689310238380800,22.0,51.0,1691689308038727424,1,0,1691689310.83
WithPD,119,1691689310788055808,22.0,51.0,1691689308038727424,1,0,1691689311.38
WithPD,120,1691689311337774336,22.0,51.0,1691689308038727424,1,0,1691689311.92
WoutPD,109,This_is_noise_node109,1691689312.35
WoutPD,110,This_is_noise_node110,1691689312.38
WoutPD,111,This_is_noise_node111,1691689312.4
WoutPD,112,This_is_noise_node112,1691689312.44
WoutPD,113,This_is_noise_node113,1691689312.46
WoutPD,114,This_is_noise_node114,1691689312.49
WoutPD,115,This_is_noise_node115,1691689312.52
WoutPD,116,This_is_noise_node116,1691689312.55
WithPD,121,1691689311884470272,22.0,51.0,1691689308038727424,1,0,1691689312.56
WoutPD,118,This_is_noise_node118,1691689312.59
WoutPD,119,This_is_noise_node119,1691689312.63
WoutPD,120,This_is_noise_node120,1691689312.66
WoutPD,121,This_is_noise_node121,1691689312.68
WoutPD,122,This_is_noise_node122,1691689312.72
WoutPD,123,This_is_noise_node123,1691689312.75
WoutPD,124,This_is_noise_node124,1691689312.78
WoutPD,125,This_is_noise_node125,1691689312.8
WoutPD,126,This_is_noise_node126,1691689312.83
WoutPD,127,This_is_noise_node127,1691689312.86
WoutPD,128,This_is_noise_node128,1691689312.89
WoutPD,129,This_is_noise_node129,1691689312.89
WoutPD,130,This_is_noise_node130,1691689312.93
WoutPD,131,This_is_noise_node131,1691689312.96
WoutPD,132,This_is_noise_node132,1691689312.99
WoutPD,133,This_is_noise_node133,1691689313.02
WoutPD,134,This_is_noise_node134,1691689313.06
WoutPD,135,This_is_noise_node135,1691689313.09
WoutPD,136,This_is_noise_node136,1691689313.1
WoutPD,137,This_is_noise_node137,1691689313.14
WoutPD,139,This_is_noise_node139,1691689313.18
WoutPD,140,This_is_noise_node140,1691689313.2
WoutPD,142,This_is_noise_node142,1691689313.24
WoutPD,143,This_is_noise_node143,1691689313.24
WithPD,122,1691689312433915648,22.0,51.0,1691689308038727424,1,0,1691689314.4
WithPD,123,1691689312983325184,22.0,50.0,1691689312983325184,0,0,1691689314.72
WithPD,124,1691689313530606080,22.0,50.0,1691689312983325184,1,0,1691689315.02
WoutPD,149,This_is_noise_node149,1691689315.15
WoutPD,150,This_is_noise_node150,1691689315.19
WoutPD,151,This_is_noise_node151,1691689315.19
WoutPD,152,This_is_noise_node152,1691689315.23
WoutPD,153,This_is_noise_node153,1691689315.27
WoutPD,154,This_is_noise_node154,1691689315.3
WoutPD,155,This_is_noise_node155,1691689315.33
WoutPD,156,This_is_noise_node156,1691689315.35
WoutPD,157,This_is_noise_node157,1691689315.38
WoutPD,158,This_is_noise_node158,1691689315.41
WoutPD,160,This_is_noise_node160,1691689315.45
WoutPD,161,This_is_noise_node161,1691689315.49
WoutPD,162,This_is_noise_node162,1691689315.51
WoutPD,163,This_is_noise_node163,1691689315.54
WoutPD,164,This_is_noise_node164,1691689315.59
WoutPD,165,This_is_noise_node165,1691689315.59
WoutPD,166,This_is_noise_node166,1691689315.62
WoutPD,167,This_is_noise_node167,1691689315.65
WithPD,125,1691689314080573696,22.0,50.0,1691689312983325184,1,0,1691689317.48
WithPD,126,1691689314630053120,22.0,50.0,1691689312983325184,1,0,1691689317.75
WithPD,127,1691689315183236096,22.0,50.0,1691689312983325184,1,0,1691689318.07
WithPD,128,1691689315732396544,22.0,50.0,1691689312983325184,1,0,1691689318.35
WithPD,129,1691689316281762304,22.0,50.0,1691689316281762304,0,0,1691689318.72
WithPD,130,1691689316828613888,22.0,50.0,1691689316281762304,1,0,1691689319.12
WithPD,131,1691689317377984768,22.0,50.0,1691689316281762304,1,0,1691689319.48
WithPD,132,1691689317927258624,22.0,50.0,1691689316281762304,1,0,1691689319.86
WithPD,133,1691689318473946368,22.0,50.0,1691689316281762304,1,0,1691689320.24
WithPD,134,1691689319023198208,22.0,50.0,1691689316281762304,1,0,1691689320.58
WithPD,135,1691689319572531968,22.0,50.0,1691689316281762304,1,0,1691689320.92
WithPD,136,1691689320119427584,22.0,50.0,1691689316281762304,1,0,1691689321.35
WithPD,137,1691689320668790272,22.0,50.0,1691689316281762304,1,0,1691689321.72
WithPD,138,1691689321218066176,22.0,50.0,1691689316281762304,1,0,1691689322.11
WithPD,139,1691689321771270912,22.0,50.0,1691689316281762304,1,0,1691689322.49
WithPD,140,1691689322320438272,22.0,50.0,1691689316281762304,1,0,1691689322.92
WithPD,141,1691689322870046464,22.0,50.0,1691689316281762304,1,0,1691689323.47
WithPD,142,1691689323416901632,22.0,50.0,1691689316281762304,1,0,1691689324.02
WoutPD,168,This_is_noise_node168,1691689324.55
WoutPD,169,This_is_noise_node169,1691689324.57
WoutPD,176,This_is_noise_node176,1691689324.7
WoutPD,177,This_is_noise_node177,1691689324.74
WoutPD,178,This_is_noise_node178,1691689324.75
WoutPD,179,This_is_noise_node179,1691689324.8
WoutPD,180,This_is_noise_node180,1691689324.81
WoutPD,181,This_is_noise_node181,1691689324.85
WoutPD,182,This_is_noise_node182,1691689324.86
WoutPD,183,This_is_noise_node183,1691689324.9
WoutPD,184,This_is_noise_node184,1691689324.92
WoutPD,185,This_is_noise_node185,1691689324.96
WoutPD,186,This_is_noise_node186,1691689324.99
WoutPD,187,This_is_noise_node187,1691689325.02
WoutPD,188,This_is_noise_node188,1691689325.04
WoutPD,189,This_is_noise_node189,1691689325.07
WoutPD,190,This_is_noise_node190,1691689325.08
WoutPD,191,This_is_noise_node191,1691689325.12
WoutPD,192,This_is_noise_node192,1691689325.14
WithPD,143,1691689323967292416,22.0,50.0,1691689316281762304,1,0,1691689326.21
WithPD,144,1691689324516668672,22.0,50.0,1691689324516668672,0,0,1691689326.5
WithPD,145,1691689325063465728,22.0,50.0,1691689324516668672,1,0,1691689326.8
WithPD,146,1691689325612823552,22.0,50.0,1691689324516668672,1,0,1691689327.13
WithPD,147,1691689326162329600,22.0,50.0,1691689326162329600,0,0,1691689327.43
WithPD,148,1691689326709120000,22.0,50.0,1691689326162329600,1,0,1691689327.75
WithPD,149,1691689327258279680,22.0,50.0,1691689326162329600,1,0,1691689328.07
WithPD,150,1691689327807607552,22.0,50.0,1691689327807607552,0,0,1691689328.42
WithPD,151,1691689328355032576,22.0,50.0,1691689327807607552,1,0,1691689328.94
WithPD,153,1691689329454032128,22.0,50.0,1691689329454032128,0,0,1691689330.05
WithPD,154,1691689330000835328,22.0,50.0,1691689329454032128,1,0,1691689330.59
WithPD,155,1691689330550180352,22.0,50.0,1691689329454032128,1,0,1691689331.15
WithPD,156,1691689331099760384,22.0,50.0,1691689329454032128,1,0,1691689331.69
WithPD,156,1691689331099760384,22.0,50.0,1691689329454032128,1,0,1691689333.83
WithPD,157,1691689331653449728,22.0,50.0,1691689329454032128,1,0,1691689334.13
WithPD,158,1691689332202744832,22.0,50.0,1691689329454032128,1,0,1691689334.4
WithPD,159,1691689332752058368,22.0,50.0,1691689329454032128,1,0,1691689334.71
WithPD,160,1691689333305416704,22.0,50.0,1691689329454032128,1,0,1691689335.03
WithPD,161,1691689333854782464,22.0,50.0,1691689329454032128,1,0,1691689335.34
WithPD,162,1691689334404170752,22.0,50.0,1691689329454032128,1,0,1691689335.65
WithPD,163,1691689334951135488,22.0,50.0,1691689329454032128,1,0,1691689335.94
WoutPD,195,This_is_noise_node195,1691689336.09
WoutPD,196,This_is_noise_node196,1691689336.12
WoutPD,197,This_is_noise_node197,1691689336.15
WoutPD,198,This_is_noise_node198,1691689336.18
WoutPD,199,This_is_noise_node199,1691689336.21
WoutPD,200,This_is_noise_node200,1691689336.24
WoutPD,201,This_is_noise_node201,1691689336.27
WoutPD,202,This_is_noise_node202,1691689336.3
WoutPD,203,This_is_noise_node203,1691689336.33
WoutPD,204,This_is_noise_node204,1691689336.36
WoutPD,205,This_is_noise_node205,1691689336.38
WoutPD,206,This_is_noise_node206,1691689336.42
WoutPD,207,This_is_noise_node207,1691689336.44
WoutPD,208,This_is_noise_node208,1691689336.48
WoutPD,209,This_is_noise_node209,1691689336.51
WoutPD,210,This_is_noise_node210,1691689336.53
WoutPD,211,This_is_noise_node211,1691689336.56
WoutPD,212,This_is_noise_node212,1691689336.58
WoutPD,213,This_is_noise_node213,1691689336.61
WoutPD,214,This_is_noise_node214,1691689336.65
WoutPD,215,This_is_noise_node215,1691689336.67
WoutPD,216,This_is_noise_node216,1691689336.7
WoutPD,217,This_is_noise_node217,1691689336.74
WoutPD,218,This_is_noise_node218,1691689336.76
WoutPD,219,This_is_noise_node219,1691689336.8
WoutPD,220,This_is_noise_node220,1691689336.82
WithPD,163,1691689334951135488,22.0,50.0,1691689329454032128,1,0,1691689337.56
WithPD,164,1691689335500316416,22.0,50.0,1691689329454032128,1,0,1691689337.89
WithPD,165,1691689336049908736,22.0,50.0,1691689329454032128,1,0,1691689338.15
WithPD,166,1691689336602981376,22.0,50.0,1691689329454032128,1,0,1691689338.46
WithPD,167,1691689337152394496,22.0,50.0,1691689329454032128,1,0,1691689338.73
WithPD,168,1691689337702035200,22.0,50.0,1691689337702035200,0,0,1691689339.04
WithPD,169,1691689338249202176,22.0,50.0,1691689337702035200,1,0,1691689339.42
WithPD,170,1691689338798594816,22.0,50.0,1691689337702035200,1,0,1691689339.72
WithPD,171,1691689339347955200,22.0,50.0,1691689337702035200,1,0,1691689340.03
WithPD,172,1691689339901417472,22.0,50.0,1691689337702035200,1,0,1691689340.49
WithPD,173,1691689340450669824,22.0,50.0,1691689337702035200,1,0,1691689341.05
WithPD,174,1691689341000429824,22.0,50.0,1691689337702035200,1,0,1691689341.59
WithPD,175,1691689341547194112,22.0,50.0,1691689337702035200,1,0,1691689342.13
WithPD,176,1691689342096480000,22.0,50.0,1691689337702035200,1,0,1691689342.69
WithPD,177,1691689342645809664,22.0,50.0,1691689337702035200,1,0,1691689343.24
WithPD,178,1691689343192809984,22.0,50.0,1691689337702035200,1,0,1691689343.79
WithPD,179,1691689343742189056,22.0,50.0,1691689337702035200,1,0,1691689344.35
WithPD,180,1691689344291445248,22.0,50.0,1691689337702035200,1,0,1691689344.87
WithPD,182,1691689345394321152,22.0,50.0,1691689337702035200,1,0,1691689345.99
WithPD,183,1691689345943732224,22.0,50.0,1691689337702035200,1,0,1691689346.54
WithPD,184,1691689346497194496,22.0,50.0,1691689337702035200,1,0,1691689347.09
WithPD,186,1691689347595671040,22.0,50.0,1691689347595671040,0,0,1691689348.19
WithPD,187,1691689348142734848,22.0,50.0,1691689347595671040,1,0,1691689348.75
WithPD,188,1691689348692135680,22.0,50.0,1691689347595671040,1,0,1691689349.3
WithPD,189,1691689349241613824,22.0,50.0,1691689349241613824,0,0,1691689349.84
WithPD,190,1691689349788537856,22.0,50.0,1691689349241613824,1,0,1691689350.38
WithPD,191,1691689350338009344,22.0,50.0,1691689349241613824,1,0,1691689350.92
WithPD,192,1691689350887548160,22.0,50.0,1691689349241613824,1,0,1691689351.49
WithPD,193,1691689351434693120,22.0,50.0,1691689349241613824,1,0,1691689352.02
WithPD,194,1691689351984072960,22.0,50.0,1691689349241613824,1,0,1691689352.59
WithPD,195,1691689352533819904,22.0,50.0,1691689352533819904,0,0,1691689353.13
WithPD,196,1691689353081393664,22.0,50.0,1691689352533819904,1,0,1691689353.69
WithPD,197,1691689353630830080,22.0,50.0,1691689352533819904,1,0,1691689354.22
WithPD,198,1691689354180059392,22.0,50.0,1691689354180059392,0,0,1691689354.77
WithPD,199,1691689354727317248,22.0,50.0,1691689354180059392,1,0,1691689355.34
WithPD,200,1691689355276636928,22.0,50.0,1691689354180059392,1,0,1691689355.87
WithPD,201,1691689355826179328,22.0,50.0,1691689355826179328,0,0,1691689356.42
WithPD,202,1691689356373518848,22.0,50.0,1691689355826179328,1,0,1691689356.98
WithPD,204,1691689357472038144,22.0,50.0,1691689355826179328,1,0,1691689358.06
WithPD,205,1691689358019484928,22.0,50.0,1691689355826179328,1,0,1691689358.63
WithPD,206,1691689358568854016,22.0,50.0,1691689355826179328,1,0,1691689359.17
WithPD,207,1691689359118436096,22.0,50.0,1691689359118436096,0,0,1691689359.72
WithPD,208,1691689359665716992,22.0,50.0,1691689359118436096,1,0,1691689360.26
WithPD,209,1691689360215085056,22.0,50.0,1691689359118436096,1,0,1691689360.82
WithPD,210,1691689360764663040,22.0,51.0,1691689360764663040,0,0,1691689361.35
WithPD,211,1691689361311982592,22.0,51.0,1691689360764663040,1,0,1691689361.92
WithPD,212,1691689361861575936,22.0,51.0,1691689360764663040,1,0,1691689362.47
WoutPD,222,This_is_noise_node222,1691689362.67
WoutPD,223,This_is_noise_node223,1691689362.7
WoutPD,224,This_is_noise_node224,1691689362.74
WoutPD,225,This_is_noise_node225,1691689362.74
WoutPD,226,This_is_noise_node226,1691689362.77
WoutPD,227,This_is_noise_node227,1691689362.81
WoutPD,228,This_is_noise_node228,1691689362.83
WoutPD,229,This_is_noise_node229,1691689362.86
WoutPD,230,This_is_noise_node230,1691689362.89
WoutPD,231,This_is_noise_node231,1691689362.92
WoutPD,232,This_is_noise_node232,1691689362.95
WoutPD,233,This_is_noise_node233,1691689362.98
WoutPD,234,This_is_noise_node234,1691689363.01
WoutPD,235,This_is_noise_node235,1691689363.04
WoutPD,236,This_is_noise_node236,1691689363.06
WoutPD,237,This_is_noise_node237,1691689363.09
WoutPD,238,This_is_noise_node238,1691689363.13
WoutPD,239,This_is_noise_node239,1691689363.16
WoutPD,240,This_is_noise_node240,1691689363.19
WoutPD,241,This_is_noise_node241,1691689363.22
WoutPD,242,This_is_noise_node242,1691689363.22
WoutPD,243,This_is_noise_node243,1691689363.26
WoutPD,244,This_is_noise_node244,1691689363.29
WoutPD,245,This_is_noise_node245,1691689363.32
WoutPD,246,This_is_noise_node246,1691689363.35
WoutPD,247,This_is_noise_node247,1691689363.38
WoutPD,248,This_is_noise_node248,1691689363.41
WoutPD,249,This_is_noise_node249,1691689363.44
WoutPD,251,This_is_noise_node251,1691689363.48
WoutPD,252,This_is_noise_node252,1691689363.5
WoutPD,255,This_is_noise_node255,1691689363.53
WoutPD,257,This_is_noise_node257,1691689363.56
WoutPD,258,This_is_noise_node258,1691689363.59
WoutPD,259,This_is_noise_node259,1691689363.62
WoutPD,260,This_is_noise_node260,1691689363.63
WoutPD,262,This_is_noise_node262,1691689363.68
WoutPD,263,This_is_noise_node263,1691689363.7
WoutPD,265,This_is_noise_node265,1691689363.72
WoutPD,266,This_is_noise_node266,1691689363.77
WithPD,213,1691689362410795776,22.0,51.0,1691689362410795776,0,0,1691689365.14
