WithPD,0,1691697858561681152,0,0,0,1,1,1691697861.29
WithPD,1,1691697859215991808,0,0,0,1,1,1691697861.61
WithPD,2,1691697859766448640,0,0,0,1,1,1691697861.96
WithPD,3,1691697860316133120,22.0,52.0,1691697860316133120,0,0,1691697862.27
WithPD,4,1691697860862984960,22.0,52.0,1691697860316133120,1,0,1691697862.64
WithPD,5,1691697861412855296,22.0,52.0,1691697860316133120,1,0,1691697862.95
WithPD,6,1691697861962185984,22.0,52.0,1691697860316133120,1,0,1691697863.31
WithPD,7,1691697862509122816,22.0,52.0,1691697860316133120,1,0,1691697863.69
WithPD,8,1691697863058374144,22.0,52.0,1691697860316133120,1,0,1691697864.05
WithPD,8,1691697863058374144,22.0,52.0,1691697860316133120,1,0,1691697865.65
WithPD,9,1691697863607602688,22.0,52.0,1691697860316133120,1,0,1691697865.98
WithPD,10,1691697864154582016,22.0,52.0,1691697860316133120,1,0,1691697866.28
WithPD,11,1691697864703840768,22.0,52.0,1691697860316133120,1,0,1691697866.6
WithPD,12,1691697865253799424,22.0,52.0,1691697860316133120,1,0,1691697866.95
WithPD,13,1691697865800700928,22.0,52.0,1691697860316133120,1,0,1691697867.25
WithPD,14,1691697866350303232,22.0,52.0,1691697860316133120,1,0,1691697867.62
WithPD,15,1691697866899675648,22.0,52.0,1691697860316133120,1,0,1691697867.91
WithPD,16,1691697867449660672,22.0,52.0,1691697860316133120,1,0,1691697868.26
WithPD,17,1691697867998918656,22.0,52.0,1691697860316133120,1,0,1691697868.61
WithPD,18,1691697868548503552,22.0,52.0,1691697860316133120,1,0,1691697869.15
WithPD,19,1691697869095307264,22.0,52.0,1691697860316133120,1,0,1691697869.71
WithPD,20,1691697869644818944,22.0,52.0,1691697860316133120,1,0,1691697870.26
WithPD,21,1691697870194183168,22.0,52.0,1691697860316133120,1,0,1691697870.81
WithPD,22,1691697870740906240,22.0,52.0,1691697860316133120,1,0,1691697871.36
WithPD,23,1691697871290207232,22.0,52.0,1691697860316133120,1,0,1691697871.9
WithPD,24,1691697871839454464,22.0,52.0,1691697860316133120,1,0,1691697872.47
WithPD,25,1691697872392823296,22.0,52.0,1691697860316133120,1,0,1691697873.0
WithPD,26,1691697872942826496,22.0,52.0,1691697860316133120,1,0,1691697873.56
WithPD,27,1691697873492633600,22.0,52.0,1691697860316133120,1,0,1691697874.11
WithPD,28,1691697874039520256,22.0,52.0,1691697860316133120,1,0,1691697874.66
WithPD,29,1691697874588952832,22.0,52.0,1691697860316133120,1,0,1691697875.2
WithPD,30,1691697875138234624,22.0,52.0,1691697860316133120,1,0,1691697875.75
WithPD,31,1691697875685041920,22.0,52.0,1691697860316133120,1,0,1691697876.3
WithPD,32,1691697876234504960,22.0,52.0,1691697860316133120,1,0,1691697876.83
WithPD,33,1691697876783800320,22.0,52.0,1691697860316133120,1,0,1691697877.4
WithPD,34,1691697877337411584,22.0,52.0,1691697860316133120,1,0,1691697877.95
WithPD,35,1691697877886552320,22.0,52.0,1691697860316133120,1,0,1691697878.5
WithPD,36,1691697878436340224,22.0,52.0,1691697860316133120,1,0,1691697879.04
WithPD,37,1691697878989964032,22.0,52.0,1691697860316133120,1,0,1691697879.59
WithPD,38,1691697879539485952,22.0,52.0,1691697860316133120,1,0,1691697880.16
WithPD,39,1691697880088905984,22.0,52.0,1691697860316133120,1,0,1691697880.7
WithPD,40,1691697880642313216,22.0,52.0,1691697860316133120,1,0,1691697881.24
WithPD,41,1691697881191613184,22.0,52.0,1691697860316133120,1,0,1691697881.8
WithPD,42,1691697881741177600,22.0,52.0,1691697860316133120,1,0,1691697882.35
WithPD,43,1691697882294452224,22.0,52.0,1691697860316133120,1,0,1691697882.91
WithPD,44,1691697882843740928,22.0,52.0,1691697860316133120,1,0,1691697883.45
WithPD,45,1691697883393292032,22.0,52.0,1691697860316133120,1,0,1691697884.0
WithPD,46,1691697883946201344,22.0,52.0,1691697860316133120,1,0,1691697884.55
WithPD,47,1691697884495514880,22.0,52.0,1691697860316133120,1,0,1691697885.09
WithPD,48,1691697885045452544,22.0,52.0,1691697860316133120,1,0,1691697885.67
WithPD,49,1691697885592181760,22.0,52.0,1691697860316133120,1,0,1691697886.2
WithPD,50,1691697886142123264,22.0,52.0,1691697860316133120,1,0,1691697886.75
WithPD,51,1691697886691505408,22.0,52.0,1691697860316133120,1,0,1691697887.31
WithPD,52,1691697887245402112,22.0,52.0,1691697860316133120,1,0,1691697887.86
WithPD,53,1691697887794556160,22.0,52.0,1691697860316133120,1,0,1691697888.4
WithPD,54,1691697888343722240,22.0,50.0,1691697888343722240,0,0,1691697888.94
WithPD,55,1691697888891729152,22.0,50.0,1691697888343722240,1,0,1691697889.5
WithPD,56,1691697889441223936,22.0,50.0,1691697888343722240,1,0,1691697890.06
WithPD,57,1691697889990598656,22.0,50.0,1691697888343722240,1,0,1691697890.61
WithPD,58,1691697890543676160,22.0,50.0,1691697888343722240,1,0,1691697891.15
WithPD,59,1691697891093440512,22.0,50.0,1691697888343722240,1,0,1691697891.7
WithPD,60,1691697891642691072,22.0,50.0,1691697888343722240,1,0,1691697892.25
WithPD,61,1691697892189535744,22.0,50.0,1691697888343722240,1,0,1691697892.81
WithPD,62,1691697892739257856,22.0,50.0,1691697888343722240,1,0,1691697893.35
WithPD,63,1691697893288567296,22.0,50.0,1691697888343722240,1,0,1691697893.89
WithPD,64,1691697893835291136,22.0,50.0,1691697888343722240,1,0,1691697894.46
WithPD,65,1691697894385367040,22.0,50.0,1691697888343722240,1,0,1691697894.98
WithPD,66,1691697894934656768,22.0,50.0,1691697894934656768,0,0,1691697895.56
WithPD,67,1691697895481318144,22.0,50.0,1691697894934656768,1,0,1691697896.08
WithPD,68,1691697896030597120,22.0,50.0,1691697894934656768,1,0,1691697896.63
WithPD,69,1691697896579998720,22.0,50.0,1691697894934656768,1,0,1691697897.21
WithPD,70,1691697897134802688,22.0,50.0,1691697894934656768,1,0,1691697897.75
WithPD,71,1691697897684184320,22.0,50.0,1691697894934656768,1,0,1691697898.3
WithPD,72,1691697898233774592,22.0,50.0,1691697894934656768,1,0,1691697898.84
WithPD,73,1691697898780445440,22.0,50.0,1691697894934656768,1,0,1691697899.39
WithPD,74,1691697899329964800,22.0,50.0,1691697894934656768,1,0,1691697899.94
WithPD,75,1691697899879228416,22.0,50.0,1691697899879228416,0,0,1691697900.48
WithPD,76,1691697900426374912,22.0,50.0,1691697899879228416,1,0,1691697901.03
WithPD,77,1691697900975730944,22.0,50.0,1691697899879228416,1,0,1691697901.58
WithPD,78,1691697901525563648,22.0,50.0,1691697901525563648,0,0,1691697902.14
WithPD,79,1691697902072704256,22.0,50.0,1691697901525563648,1,0,1691697902.69
WithPD,79,1691697902072704256,22.0,50.0,1691697901525563648,1,0,1691697904.32
WithPD,80,1691697902621967872,22.0,50.0,1691697901525563648,1,0,1691697904.6
WithPD,81,1691697903171208960,22.0,50.0,1691697901525563648,1,0,1691697904.9
WithPD,82,1691697903717956864,22.0,50.0,1691697901525563648,1,0,1691697905.22
WithPD,83,1691697904267641856,22.0,50.0,1691697901525563648,1,0,1691697905.53
WithPD,84,1691697904817332224,22.0,50.0,1691697901525563648,1,0,1691697905.86
WithPD,85,1691697905363887616,22.0,50.0,1691697901525563648,1,0,1691697906.21
WithPD,86,1691697905913923328,22.0,50.0,1691697901525563648,1,0,1691697906.56
WithPD,87,1691697906463213568,22.0,50.0,1691697901525563648,1,0,1691697907.06
WithPD,88,1691697907010262016,22.0,50.0,1691697901525563648,1,0,1691697907.62
WithPD,90,1691697908109593088,22.0,50.0,1691697901525563648,1,0,1691697908.71
WithPD,92,1691697909205722112,22.0,50.0,1691697901525563648,1,0,1691697909.81
WithPD,93,1691697909755322624,22.0,50.0,1691697901525563648,1,0,1691697910.36
WithPD,94,1691697910308403968,22.0,50.0,1691697901525563648,1,0,1691697910.92
WithPD,95,1691697910858118400,22.0,50.0,1691697901525563648,1,0,1691697911.46
WithPD,96,1691697911407478528,22.0,50.0,1691697901525563648,1,0,1691697912.01
WithPD,98,1691697912503854336,22.0,50.0,1691697901525563648,1,0,1691697913.11
WithPD,99,1691697913053672704,22.0,50.0,1691697901525563648,1,0,1691697913.66
WithPD,100,1691697913600405760,22.0,50.0,1691697901525563648,1,0,1691697914.21
WithPD,101,1691697914149710080,22.0,50.0,1691697901525563648,1,0,1691697914.77
WithPD,102,1691697914698929664,22.0,50.0,1691697901525563648,1,0,1691697915.3
WithPD,103,1691697915246019840,22.0,50.0,1691697901525563648,1,0,1691697915.86
WithPD,104,1691697915795231488,22.0,50.0,1691697901525563648,1,0,1691697916.39
WithPD,105,1691697916344485376,22.0,49.0,1691697916344485376,0,0,1691697916.96
WithPD,106,1691697916891929600,22.0,49.0,1691697916344485376,1,0,1691697917.51
WithPD,107,1691697917441467648,22.0,49.0,1691697916344485376,1,0,1691697918.05
WithPD,108,1691697917990867712,22.0,49.0,1691697917990867712,0,0,1691697918.6
WithPD,109,1691697918537647104,22.0,49.0,1691697917990867712,1,0,1691697919.14
WithPD,110,1691697919087197952,22.0,49.0,1691697917990867712,1,0,1691697919.7
WithPD,111,1691697919636433408,22.0,49.0,1691697917990867712,1,0,1691697920.24
WithPD,112,1691697920183248896,22.0,49.0,1691697917990867712,1,0,1691697920.78
WithPD,113,1691697920732446464,22.0,49.0,1691697917990867712,1,0,1691697921.33
WithPD,114,1691697921281948672,22.0,49.0,1691697921281948672,0,0,1691697921.89
WithPD,115,1691697921828822272,22.0,49.0,1691697921281948672,1,0,1691697922.43
WithPD,116,1691697922378221824,22.0,49.0,1691697921281948672,1,0,1691697923.01
WithPD,117,1691697922927846400,22.0,49.0,1691697921281948672,1,0,1691697923.53
WithPD,118,1691697923474875648,22.0,49.0,1691697921281948672,1,0,1691697924.07
WithPD,119,1691697924024097024,22.0,49.0,1691697921281948672,1,0,1691697924.64
WithPD,120,1691697924573630208,22.0,49.0,1691697921281948672,1,0,1691697925.18
WithPD,121,1691697925120234240,22.0,49.0,1691697921281948672,1,0,1691697925.73
WithPD,122,1691697925669719296,22.0,49.0,1691697921281948672,1,0,1691697926.28
WithPD,123,1691697926219081472,22.0,49.0,1691697921281948672,1,0,1691697926.83
WithPD,124,1691697926765830912,22.0,49.0,1691697921281948672,1,0,1691697927.38
WithPD,125,1691697927315174400,22.0,49.0,1691697921281948672,1,0,1691697927.94
WithPD,126,1691697927864465408,22.0,49.0,1691697927864465408,0,0,1691697928.48
WithPD,127,1691697928411435776,22.0,49.0,1691697927864465408,1,0,1691697929.02
WithPD,128,1691697928960828928,22.0,49.0,1691697927864465408,1,0,1691697929.56
WithPD,129,1691697929510213376,22.0,49.0,1691697927864465408,1,0,1691697930.14
WithPD,130,1691697930063418112,22.0,49.0,1691697927864465408,1,0,1691697930.68
WithPD,131,1691697930612810240,22.0,49.0,1691697927864465408,1,0,1691697931.23
WithPD,132,1691697931162162688,22.0,49.0,1691697927864465408,1,0,1691697931.78
WithPD,133,1691697931708714240,22.0,49.0,1691697927864465408,1,0,1691697932.32
WithPD,134,1691697932258340608,22.0,49.0,1691697927864465408,1,0,1691697932.87
WithPD,135,1691697932807460864,22.0,49.0,1691697932807460864,0,0,1691697933.42
WithPD,136,1691697933354221824,22.0,49.0,1691697932807460864,1,0,1691697933.97
WithPD,137,1691697933903946240,22.0,49.0,1691697932807460864,1,0,1691697934.53
WithPD,138,1691697934453636352,22.0,49.0,1691697932807460864,1,0,1691697935.08
WithPD,139,1691697935006676736,22.0,49.0,1691697932807460864,1,0,1691697935.62
WithPD,140,1691697935555890944,22.0,49.0,1691697932807460864,1,0,1691697936.18
WithPD,141,1691697936105614592,22.0,49.0,1691697932807460864,1,0,1691697936.71
WithPD,142,1691697936652265472,22.0,49.0,1691697932807460864,1,0,1691697937.27
WithPD,143,1691697937201726464,22.0,49.0,1691697932807460864,1,0,1691697937.81
WithPD,144,1691697937750987520,22.0,49.0,1691697932807460864,1,0,1691697938.35
WithPD,145,1691697938297758720,22.0,49.0,1691697932807460864,1,0,1691697938.91
WithPD,146,1691697938846998528,22.0,49.0,1691697932807460864,1,0,1691697939.45
WithPD,147,1691697939396286976,22.0,49.0,1691697932807460864,1,0,1691697940.01
WithPD,148,1691697939943126272,22.0,49.0,1691697932807460864,1,0,1691697940.56
WithPD,149,1691697940492378624,22.0,49.0,1691697932807460864,1,0,1691697941.09
WithPD,150,1691697941041761792,22.0,49.0,1691697932807460864,1,0,1691697941.65
WithPD,151,1691697941588442624,22.0,49.0,1691697932807460864,1,0,1691697942.19
WithPD,152,1691697942137833728,22.0,49.0,1691697932807460864,1,0,1691697942.76
WithPD,153,1691697942687114752,22.0,49.0,1691697932807460864,1,0,1691697943.3
WithPD,154,1691697943240375040,22.0,49.0,1691697932807460864,1,0,1691697943.85
WithPD,155,1691697943789805824,22.0,49.0,1691697932807460864,1,0,1691697944.4
WithPD,156,1691697944339028224,22.0,49.0,1691697932807460864,1,0,1691697944.93
WithPD,157,1691697944892017152,22.0,49.0,1691697932807460864,1,0,1691697945.49
WithPD,158,1691697945441885440,22.0,49.0,1691697932807460864,1,0,1691697946.06
WithPD,159,1691697945991070976,22.0,49.0,1691697932807460864,1,0,1691697946.61
WithPD,160,1691697946537883904,22.0,49.0,1691697932807460864,1,0,1691697947.15
WithPD,161,1691697947087293184,22.0,49.0,1691697932807460864,1,0,1691697947.71
WithPD,162,1691697947636550400,22.0,49.0,1691697947636550400,0,0,1691697948.26
WithPD,163,1691697948183393792,22.0,49.0,1691697947636550400,1,0,1691697948.81
WithPD,164,1691697948732690944,22.0,49.0,1691697947636550400,1,0,1691697949.33
WithPD,165,1691697949282418176,22.0,49.0,1691697947636550400,1,0,1691697949.88
WithPD,166,1691697949829017088,22.0,49.0,1691697947636550400,1,0,1691697950.45
WithPD,167,1691697950378468352,22.0,49.0,1691697947636550400,1,0,1691697951.0
WithPD,168,1691697950928152832,22.0,49.0,1691697947636550400,1,0,1691697951.55
WithPD,169,1691697951481406208,22.0,49.0,1691697947636550400,1,0,1691697952.09
WithPD,170,1691697952030715392,22.0,49.0,1691697947636550400,1,0,1691697952.64
WithPD,172,1691697953133316864,22.0,49.0,1691697947636550400,1,0,1691697953.75
WithPD,173,1691697953682679296,22.0,49.0,1691697947636550400,1,0,1691697954.3
WithPD,174,1691697954231971840,22.0,49.0,1691697947636550400,1,0,1691697954.84
WithPD,175,1691697954785441792,22.0,49.0,1691697947636550400,1,0,1691697955.4
WithPD,176,1691697955334733312,22.0,49.0,1691697947636550400,1,0,1691697955.95
WithPD,177,1691697955884075520,22.0,49.0,1691697947636550400,1,0,1691697956.49
WithPD,178,1691697956431013376,22.0,49.0,1691697947636550400,1,0,1691697957.04
WithPD,179,1691697956980257024,22.0,49.0,1691697947636550400,1,0,1691697957.59
WithPD,180,1691697957529792512,22.0,49.0,1691697947636550400,1,0,1691697958.13
WithPD,181,1691697958076533760,22.0,49.0,1691697947636550400,1,0,1691697958.68
WithPD,182,1691697958626103808,22.0,49.0,1691697947636550400,1,0,1691697959.24
WithPD,183,1691697959175381248,22.0,49.0,1691697959175381248,0,0,1691697959.78
WithPD,184,1691697959722298624,22.0,49.0,1691697959175381248,1,0,1691697960.35
WithPD,185,1691697960271672064,22.0,49.0,1691697959175381248,1,0,1691697960.88
WithPD,186,1691697960821305600,22.0,49.0,1691697959175381248,1,0,1691697961.44
WithPD,187,1691697961374342144,22.0,49.0,1691697959175381248,1,0,1691697961.99
WithPD,188,1691697961924093952,22.0,49.0,1691697959175381248,1,0,1691697962.53
WithPD,190,1691697963020530176,22.0,49.0,1691697959175381248,1,0,1691697963.62
WithPD,191,1691697963570078720,22.0,49.0,1691697959175381248,1,0,1691697964.16
WithPD,192,1691697964119577600,22.0,49.0,1691697959175381248,1,0,1691697964.73
WithPD,193,1691697964672864000,22.0,49.0,1691697959175381248,1,0,1691697965.29
WithPD,194,1691697965222145536,22.0,49.0,1691697959175381248,1,0,1691697965.83
WithPD,195,1691697965771806464,22.0,49.0,1691697959175381248,1,0,1691697966.4
WithPD,196,1691697966326086400,22.0,49.0,1691697959175381248,1,0,1691697966.92
WithPD,197,1691697966875560448,22.0,49.0,1691697959175381248,1,0,1691697967.49
WithPD,198,1691697967425543680,22.0,49.0,1691697959175381248,1,0,1691697968.05
WithPD,199,1691697967979194624,22.0,49.0,1691697959175381248,1,0,1691697968.59
WithPD,200,1691697968528480256,22.0,49.0,1691697959175381248,1,0,1691697969.15
WithPD,201,1691697969078160384,22.0,49.0,1691697959175381248,1,0,1691697969.68
WithPD,202,1691697969631299840,22.0,49.0,1691697959175381248,1,0,1691697970.24
WithPD,203,1691697970180819456,22.0,49.0,1691697959175381248,1,0,1691697970.81
WithPD,204,1691697970730218240,22.0,49.0,1691697959175381248,1,0,1691697971.33
WithPD,205,1691697971277210624,22.0,49.0,1691697959175381248,1,0,1691697971.89
WithPD,206,1691697971826401280,22.0,49.0,1691697959175381248,1,0,1691697972.42
WithPD,207,1691697972375733760,22.0,49.0,1691697972375733760,0,0,1691697972.97
WithPD,208,1691697972922886400,22.0,49.0,1691697972375733760,1,0,1691697973.54
WithPD,209,1691697973472212992,22.0,49.0,1691697972375733760,1,0,1691697974.09
WithPD,210,1691697974021587200,22.0,49.0,1691697972375733760,1,0,1691697974.64
WithPD,211,1691697974574753024,22.0,49.0,1691697972375733760,1,0,1691697975.19
WithPD,212,1691697975124117504,22.0,49.0,1691697972375733760,1,0,1691697975.75
WithPD,213,1691697975673449728,22.0,49.0,1691697975673449728,0,0,1691697976.29
WithPD,214,1691697976220381184,22.0,49.0,1691697975673449728,1,0,1691697976.84
WithPD,215,1691697976769797888,22.0,49.0,1691697975673449728,1,0,1691697977.46
