WithPD,0,1683001788540075264,50.0,50.0,1683001788540075264,0,0,4,3,2
WithPD,0,1683001788540075264,50.0,50.0,1683001788540075264,0,0,7,6,3
WithPD,0,1683001788540075264,50.0,50.0,1683001788540075264,0,0,10,9,4
WithPD,0,1683001788540075264,50.0,50.0,1683001788540075264,0,0,13,12,5
WithPD,0,1683001788540075264,50.0,50.0,1683001788540075264,0,0,16,15,6
WithPD,0,1683001788540075264,50.0,50.0,1683001788540075264,0,0,19,18,7
WithPD,0,1683001788540075264,50.0,50.0,1683001788540075264,0,0,22,21,8
WithPD,0,1683001788540075264,50.0,50.0,1683001788540075264,0,0,25,24,9
WithPD,0,1683001788540075264,50.0,50.0,1683001788540075264,0,0,28,27,10
WithPD,0,1683001788540075264,50.0,50.0,1683001788540075264,0,0,31,30,11
WithPD,0,1683001788540075264,50.0,50.0,1683001788540075264,0,0,34,33,12
WithPD,0,1683001788540075264,50.0,50.0,1683001788540075264,0,0,37,36,13
WoutPD,1,This_is_noise_node1,39,37,14
WoutPD,2,This_is_noise_node2,40,38,15
WoutPD,3,This_is_noise_node3,41,39,16
WoutPD,4,This_is_noise_node4,42,40,17
WoutPD,5,This_is_noise_node5,43,41,18
WoutPD,6,This_is_noise_node6,44,42,19
WoutPD,7,This_is_noise_node7,45,43,20
WoutPD,8,This_is_noise_node8,46,44,21
WoutPD,9,This_is_noise_node9,47,45,22
WoutPD,10,This_is_noise_node10,48,46,23
WoutPD,11,This_is_noise_node11,49,47,24
WoutPD,12,This_is_noise_node12,50,48,25
WoutPD,13,This_is_noise_node13,51,49,26
WoutPD,14,This_is_noise_node14,52,50,27
WoutPD,15,This_is_noise_node15,53,51,28
WoutPD,16,This_is_noise_node16,54,52,29
WoutPD,17,This_is_noise_node17,55,53,30
WoutPD,18,This_is_noise_node18,56,54,31
WoutPD,19,This_is_noise_node19,57,55,32
WoutPD,20,This_is_noise_node20,58,56,33
WoutPD,21,This_is_noise_node21,59,57,34
WoutPD,22,This_is_noise_node22,60,58,35
WoutPD,23,This_is_noise_node23,61,59,36
WoutPD,24,This_is_noise_node24,62,60,37
WoutPD,25,This_is_noise_node25,63,61,38
WoutPD,26,This_is_noise_node26,64,62,39
WoutPD,27,This_is_noise_node27,65,63,40
WoutPD,28,This_is_noise_node28,66,64,41
WoutPD,29,This_is_noise_node29,67,65,42
WithPD,0,1683001788540075264,50.0,50.0,1683001788540075264,0,0,68,66,43
WoutPD,40,This_is_noise_node40,70,68,44
WoutPD,42,This_is_noise_node42,71,69,45
WoutPD,43,This_is_noise_node43,72,70,46
WoutPD,44,This_is_noise_node44,73,71,47
WoutPD,45,This_is_noise_node45,74,72,48
WoutPD,46,This_is_noise_node46,75,73,49
WoutPD,47,This_is_noise_node47,76,74,50
WoutPD,48,This_is_noise_node48,77,75,51
WoutPD,49,This_is_noise_node49,78,76,52
WithPD,0,1683001788540075264,50.0,50.0,1683001788540075264,0,0,79,77,53
WithPD,0,1683001788540075264,50.0,50.0,1683001788540075264,0,0,82,80,54
WithPD,0,1683001788540075264,50.0,50.0,1683001788540075264,0,0,85,83,55
WithPD,0,1683001788540075264,50.0,50.0,1683001788540075264,0,0,88,86,56
WithPD,0,1683001788540075264,50.0,50.0,1683001788540075264,0,0,91,89,57
WithPD,0,1683001788540075264,50.0,50.0,1683001788540075264,0,0,94,92,58
WithPD,0,1683001788540075264,50.0,50.0,1683001788540075264,0,0,97,95,59
WithPD,0,1683001788540075264,50.0,50.0,1683001788540075264,0,0,100,98,60
WithPD,0,1683001788540075264,50.0,50.0,1683001788540075264,0,0,103,101,61
WithPD,1,1683001788560810240,50.0,50.0,1683001788560810240,0,0,106,104,62
WithPD,1,1683001788560810240,50.0,50.0,1683001788560810240,0,0,109,107,63
WithPD,1,1683001788560810240,50.0,50.0,1683001788560810240,0,0,112,110,64
WithPD,1,1683001788560810240,50.0,50.0,1683001788560810240,0,0,115,113,65
WithPD,1,1683001788560810240,50.0,50.0,1683001788560810240,0,0,118,116,66
WithPD,1,1683001788560810240,50.0,50.0,1683001788560810240,0,0,121,119,67
WoutPD,50,This_is_noise_node50,124,122,68
WoutPD,51,This_is_noise_node51,125,123,69
WoutPD,52,This_is_noise_node52,126,124,70
WoutPD,53,This_is_noise_node53,127,125,71
WoutPD,54,This_is_noise_node54,128,126,72
WoutPD,55,This_is_noise_node55,129,127,73
WoutPD,56,This_is_noise_node56,130,128,74
WoutPD,57,This_is_noise_node57,131,129,75
WoutPD,58,This_is_noise_node58,132,130,76
WoutPD,59,This_is_noise_node59,133,131,77
WoutPD,60,This_is_noise_node60,134,132,78
WoutPD,61,This_is_noise_node61,135,133,79
WoutPD,62,This_is_noise_node62,136,134,80
WoutPD,63,This_is_noise_node63,137,135,81
WoutPD,64,This_is_noise_node64,138,136,82
WoutPD,65,This_is_noise_node65,139,137,83
WoutPD,66,This_is_noise_node66,140,138,84
WoutPD,67,This_is_noise_node67,141,139,85
WoutPD,68,This_is_noise_node68,142,140,86
WoutPD,69,This_is_noise_node69,143,141,87
WoutPD,70,This_is_noise_node70,144,142,88
WoutPD,71,This_is_noise_node71,145,143,89
WithPD,1,1683001788560810240,50.0,50.0,1683001788560810240,0,0,146,144,90
WoutPD,81,This_is_noise_node81,148,146,91
WoutPD,82,This_is_noise_node82,149,147,92
WoutPD,83,This_is_noise_node83,150,148,93
WoutPD,84,This_is_noise_node84,151,149,94
WoutPD,85,This_is_noise_node85,152,150,95
WoutPD,86,This_is_noise_node86,153,151,96
WoutPD,87,This_is_noise_node87,155,153,97
WoutPD,88,This_is_noise_node88,156,154,98
WoutPD,89,This_is_noise_node89,157,155,99
WoutPD,90,This_is_noise_node90,158,156,100
WoutPD,91,This_is_noise_node91,159,157,101
WoutPD,92,This_is_noise_node92,160,158,102
WoutPD,93,This_is_noise_node93,161,159,103
WoutPD,94,This_is_noise_node94,162,160,104
WoutPD,95,This_is_noise_node95,163,161,105
WoutPD,96,This_is_noise_node96,164,162,106
WoutPD,97,This_is_noise_node97,165,163,107
WoutPD,98,This_is_noise_node98,166,164,108
WoutPD,99,This_is_noise_node99,167,165,109
WoutPD,100,This_is_noise_node100,168,166,110
WoutPD,101,This_is_noise_node101,169,167,111
WoutPD,103,This_is_noise_node103,170,168,112
WoutPD,104,This_is_noise_node104,171,169,113
WoutPD,106,This_is_noise_node106,172,170,114
WoutPD,107,This_is_noise_node107,173,171,115
WoutPD,108,This_is_noise_node108,174,172,116
WoutPD,109,This_is_noise_node109,175,173,117
WoutPD,110,This_is_noise_node110,176,174,118
WoutPD,111,This_is_noise_node111,177,175,119
WoutPD,112,This_is_noise_node112,178,176,120
WoutPD,113,This_is_noise_node113,179,177,121
WoutPD,115,This_is_noise_node115,180,178,122
WoutPD,116,This_is_noise_node116,181,179,123
WoutPD,118,This_is_noise_node118,182,180,124
WoutPD,119,This_is_noise_node119,183,181,125
WoutPD,120,This_is_noise_node120,184,182,126
WoutPD,121,This_is_noise_node121,185,183,127
WoutPD,122,This_is_noise_node122,186,184,128
WoutPD,123,This_is_noise_node123,187,185,129
WoutPD,124,This_is_noise_node124,188,186,130
WoutPD,125,This_is_noise_node125,189,187,131
WoutPD,137,This_is_noise_node137,191,189,132
WoutPD,138,This_is_noise_node138,192,190,133
WoutPD,140,This_is_noise_node140,193,191,134
WoutPD,141,This_is_noise_node141,194,192,135
WoutPD,142,This_is_noise_node142,195,193,136
WoutPD,143,This_is_noise_node143,196,194,137
WoutPD,144,This_is_noise_node144,198,196,138
WoutPD,145,This_is_noise_node145,199,197,139
WoutPD,146,This_is_noise_node146,200,198,140
WoutPD,147,This_is_noise_node147,201,199,141
WoutPD,148,This_is_noise_node148,202,200,142
WoutPD,149,This_is_noise_node149,203,201,143
WithPD,1,1683001788560810240,50.0,50.0,1683001788560810240,0,0,204,202,144
WithPD,1,1683001788560810240,50.0,50.0,1683001788560810240,0,0,207,205,145
WithPD,1,1683001788560810240,50.0,50.0,1683001788560810240,0,0,210,208,146
WithPD,1,1683001788560810240,50.0,50.0,1683001788560810240,0,0,213,211,147
WithPD,1,1683001788560810240,50.0,50.0,1683001788560810240,0,0,216,214,148
WithPD,1,1683001788560810240,50.0,50.0,1683001788560810240,0,0,219,217,149
WithPD,1,1683001788560810240,50.0,50.0,1683001788560810240,0,0,222,220,150
WithPD,1,1683001788560810240,50.0,50.0,1683001788560810240,0,0,225,223,151
WithPD,1,1683001788560810240,50.0,50.0,1683001788560810240,0,0,228,226,152
WoutPD,150,This_is_noise_node150,231,229,153
WoutPD,151,This_is_noise_node151,232,230,154
WoutPD,152,This_is_noise_node152,233,231,155
WithPD,1,1683001788560810240,50.0,50.0,1683001788560810240,0,0,234,232,156
WoutPD,155,This_is_noise_node155,236,233,157
WoutPD,156,This_is_noise_node156,237,234,158
WoutPD,157,This_is_noise_node157,238,235,159
WoutPD,158,This_is_noise_node158,239,236,160
WoutPD,159,This_is_noise_node159,240,237,161
WoutPD,160,This_is_noise_node160,241,238,162
WoutPD,161,This_is_noise_node161,242,239,163
WoutPD,162,This_is_noise_node162,243,240,164
WoutPD,163,This_is_noise_node163,244,241,165
WoutPD,164,This_is_noise_node164,245,242,166
WoutPD,165,This_is_noise_node165,246,243,167
WoutPD,166,This_is_noise_node166,247,244,168
WoutPD,167,This_is_noise_node167,248,245,169
WoutPD,168,This_is_noise_node168,249,246,170
WoutPD,169,This_is_noise_node169,250,247,171
WoutPD,170,This_is_noise_node170,251,248,172
WoutPD,171,This_is_noise_node171,252,249,173
WoutPD,172,This_is_noise_node172,253,250,174
WoutPD,173,This_is_noise_node173,254,251,175
WoutPD,174,This_is_noise_node174,255,252,176
WoutPD,175,This_is_noise_node175,256,253,177
WoutPD,176,This_is_noise_node176,257,254,178
WoutPD,177,This_is_noise_node177,258,255,179
WoutPD,178,This_is_noise_node178,259,256,180
WoutPD,179,This_is_noise_node179,260,257,181
WoutPD,180,This_is_noise_node180,261,258,182
WoutPD,181,This_is_noise_node181,262,259,183
WoutPD,182,This_is_noise_node182,263,260,184
WoutPD,183,This_is_noise_node183,264,261,185
WoutPD,184,This_is_noise_node184,265,262,186
WoutPD,185,This_is_noise_node185,266,263,187
WoutPD,186,This_is_noise_node186,267,264,188
WoutPD,187,This_is_noise_node187,268,265,189
WoutPD,189,This_is_noise_node189,269,266,190
WoutPD,190,This_is_noise_node190,270,267,191
WoutPD,191,This_is_noise_node191,271,268,192
WoutPD,192,This_is_noise_node192,272,269,193
WoutPD,193,This_is_noise_node193,273,270,194
WoutPD,194,This_is_noise_node194,274,271,195
WoutPD,196,This_is_noise_node196,275,272,196
WoutPD,198,This_is_noise_node198,276,273,197
WoutPD,199,This_is_noise_node199,277,274,198
WithPD,1,1683001788560810240,50.0,50.0,1683001788560810240,0,0,279,275,199
WithPD,1,1683001788560810240,50.0,50.0,1683001788560810240,0,0,282,278,200
WithPD,1,1683001788560810240,50.0,50.0,1683001788560810240,0,0,285,281,201
WithPD,3,1683001788602312448,50.0,50.0,1683001788602312448,0,0,288,284,202
WithPD,4,1683001788622820096,50.0,50.0,1683001788622820096,0,0,291,287,203
WithPD,5,1683001788643416576,50.0,50.0,1683001788643416576,0,0,294,290,204
WithPD,6,1683001788664250112,50.0,50.0,1683001788664250112,0,0,297,293,205
WithPD,7,1683001788684817408,50.0,50.0,1683001788684817408,0,0,300,296,206
WithPD,8,1683001788705405440,50.0,50.0,1683001788705405440,0,0,303,299,207
WoutPD,200,This_is_noise_node200,306,302,208
WoutPD,201,This_is_noise_node201,307,303,209
WoutPD,202,This_is_noise_node202,308,304,210
WoutPD,203,This_is_noise_node203,309,305,211
WoutPD,204,This_is_noise_node204,310,306,212
WoutPD,205,This_is_noise_node205,311,307,213
WoutPD,206,This_is_noise_node206,312,308,214
WoutPD,207,This_is_noise_node207,313,309,215
WoutPD,208,This_is_noise_node208,314,310,216
WoutPD,209,This_is_noise_node209,315,311,217
WoutPD,210,This_is_noise_node210,316,312,218
WoutPD,211,This_is_noise_node211,317,313,219
WoutPD,212,This_is_noise_node212,318,314,220
WoutPD,213,This_is_noise_node213,319,315,221
WoutPD,214,This_is_noise_node214,320,316,222
WoutPD,215,This_is_noise_node215,321,317,223
WoutPD,216,This_is_noise_node216,322,318,224
WoutPD,217,This_is_noise_node217,323,319,225
WoutPD,218,This_is_noise_node218,324,320,226
WoutPD,219,This_is_noise_node219,325,321,227
WoutPD,220,This_is_noise_node220,326,322,228
WoutPD,221,This_is_noise_node221,327,323,229
WoutPD,222,This_is_noise_node222,328,324,230
WoutPD,223,This_is_noise_node223,329,325,231
WoutPD,224,This_is_noise_node224,330,326,232
WoutPD,225,This_is_noise_node225,331,327,233
WoutPD,226,This_is_noise_node226,332,328,234
WoutPD,227,This_is_noise_node227,333,329,235
WoutPD,228,This_is_noise_node228,334,330,236
WoutPD,229,This_is_noise_node229,335,331,237
WoutPD,230,This_is_noise_node230,336,332,238
WoutPD,231,This_is_noise_node231,337,333,239
WoutPD,232,This_is_noise_node232,338,334,240
WithPD,8,1683001788705405440,50.0,50.0,1683001788705405440,0,0,339,335,241
WoutPD,243,This_is_noise_node243,341,337,242
WoutPD,245,This_is_noise_node245,342,338,243
WoutPD,246,This_is_noise_node246,343,339,244
WoutPD,247,This_is_noise_node247,344,340,245
WoutPD,248,This_is_noise_node248,345,341,246
WoutPD,249,This_is_noise_node249,346,342,247
WithPD,8,1683001788705405440,50.0,50.0,1683001788705405440,0,0,348,344,248
WithPD,10,1683001788747085568,50.0,50.0,1683001788747085568,0,0,351,347,249
WithPD,11,1683001788767853056,50.0,50.0,1683001788767853056,0,0,354,350,250
WithPD,12,1683001788788657152,50.0,50.0,1683001788788657152,0,0,357,353,251
WithPD,13,1683001788809741056,50.0,50.0,1683001788809741056,0,0,360,356,252
WithPD,14,1683001788830551808,50.0,50.0,1683001788830551808,0,0,363,359,253
WithPD,15,1683001788851345408,50.0,50.0,1683001788851345408,0,0,366,362,254
WithPD,15,1683001788851345408,50.0,50.0,1683001788851345408,0,0,369,365,255
WithPD,15,1683001788851345408,50.0,50.0,1683001788851345408,0,0,372,368,256
WithPD,15,1683001788851345408,50.0,50.0,1683001788851345408,0,0,375,371,257
WithPD,17,1683001788892929792,50.0,50.0,1683001788892929792,0,0,378,374,258
WithPD,18,1683001788914514432,50.0,50.0,1683001788914514432,0,0,381,377,259
WithPD,19,1683001788935333120,50.0,50.0,1683001788935333120,0,0,384,380,260
WithPD,20,1683001788956128768,50.0,50.0,1683001788956128768,0,0,387,383,261
WithPD,21,1683001788977220352,50.0,50.0,1683001788977220352,0,0,390,386,262
WithPD,22,1683001788998495488,50.0,50.0,1683001788998495488,0,0,393,389,263
WithPD,23,1683001789019145728,50.0,50.0,1683001789019145728,0,0,396,392,264
WithPD,24,1683001789039755520,50.0,50.0,1683001789039755520,0,0,399,395,265
WithPD,24,1683001789039755520,50.0,50.0,1683001789039755520,0,0,402,398,266
WithPD,24,1683001789039755520,50.0,50.0,1683001789039755520,0,0,405,401,267
WoutPD,250,This_is_noise_node250,408,404,268
WoutPD,251,This_is_noise_node251,409,405,269
WoutPD,252,This_is_noise_node252,410,406,270
WoutPD,253,This_is_noise_node253,411,407,271
WoutPD,254,This_is_noise_node254,412,408,272
WoutPD,255,This_is_noise_node255,413,409,273
WoutPD,256,This_is_noise_node256,414,410,274
WoutPD,257,This_is_noise_node257,415,411,275
WoutPD,258,This_is_noise_node258,416,412,276
WoutPD,259,This_is_noise_node259,417,413,277
WoutPD,260,This_is_noise_node260,418,414,278
WoutPD,261,This_is_noise_node261,419,415,279
WoutPD,262,This_is_noise_node262,420,416,280
WoutPD,263,This_is_noise_node263,421,417,281
WoutPD,264,This_is_noise_node264,422,418,282
WoutPD,265,This_is_noise_node265,423,419,283
WoutPD,266,This_is_noise_node266,424,420,284
WoutPD,267,This_is_noise_node267,425,421,285
WoutPD,268,This_is_noise_node268,426,422,286
WoutPD,269,This_is_noise_node269,427,423,287
WoutPD,270,This_is_noise_node270,428,424,288
WoutPD,271,This_is_noise_node271,429,425,289
WoutPD,272,This_is_noise_node272,430,426,290
WithPD,25,1683001789068829184,50.0,50.0,1683001789068829184,0,0,431,427,291
WoutPD,274,This_is_noise_node274,432,428,292
WoutPD,275,This_is_noise_node275,433,429,293
WoutPD,276,This_is_noise_node276,434,430,294
WoutPD,277,This_is_noise_node277,435,431,295
WoutPD,278,This_is_noise_node278,436,432,296
WoutPD,279,This_is_noise_node279,437,433,297
WoutPD,280,This_is_noise_node280,438,434,298
WoutPD,281,This_is_noise_node281,439,435,299
WoutPD,282,This_is_noise_node282,440,436,300
WoutPD,283,This_is_noise_node283,441,437,301
WoutPD,284,This_is_noise_node284,442,438,302
WoutPD,286,This_is_noise_node286,443,439,303
WoutPD,288,This_is_noise_node288,444,440,304
WoutPD,289,This_is_noise_node289,445,441,305
WoutPD,290,This_is_noise_node290,446,442,306
WoutPD,291,This_is_noise_node291,447,443,307
WoutPD,293,This_is_noise_node293,448,444,308
WoutPD,294,This_is_noise_node294,449,445,309
WoutPD,296,This_is_noise_node296,450,446,310
WoutPD,297,This_is_noise_node297,451,447,311
WoutPD,298,This_is_noise_node298,452,448,312
WoutPD,299,This_is_noise_node299,453,449,313
WithPD,25,1683001789068829184,50.0,50.0,1683001789068829184,0,0,454,450,314
WithPD,25,1683001789068829184,50.0,50.0,1683001789068829184,0,0,457,453,315
WithPD,27,1683001789110239232,50.0,50.0,1683001789110239232,0,0,460,456,316
WithPD,28,1683001789130993408,50.0,50.0,1683001789130993408,0,0,463,459,317
WithPD,29,1683001789151820288,50.0,50.0,1683001789151820288,0,0,466,462,318
WithPD,30,1683001789172440832,50.0,50.0,1683001789172440832,0,0,469,465,319
WithPD,31,1683001789193035776,50.0,50.0,1683001789193035776,0,0,472,468,320
WithPD,32,1683001789213751552,50.0,50.0,1683001789213751552,0,0,475,471,321
WithPD,33,1683001789234541312,50.0,50.0,1683001789234541312,0,0,478,474,322
WithPD,34,1683001789255475200,50.0,50.0,1683001789255475200,0,0,481,477,323
WithPD,34,1683001789255475200,50.0,50.0,1683001789255475200,0,0,484,480,324
WithPD,34,1683001789255475200,50.0,50.0,1683001789255475200,0,0,487,483,325
WithPD,34,1683001789255475200,50.0,50.0,1683001789255475200,0,0,490,486,326
WithPD,34,1683001789255475200,50.0,50.0,1683001789255475200,0,0,493,489,327
WithPD,34,1683001789255475200,50.0,50.0,1683001789255475200,0,0,496,492,328
WithPD,34,1683001789255475200,50.0,50.0,1683001789255475200,0,0,499,495,329
WithPD,36,1683001789296686848,50.0,50.0,1683001789296686848,0,0,502,498,330
WithPD,37,1683001789317855744,50.0,50.0,1683001789317855744,0,0,505,501,331
WithPD,38,1683001789338675456,50.0,50.0,1683001789338675456,0,0,508,504,332
WithPD,39,1683001789359616512,50.0,50.0,1683001789359616512,0,0,511,507,333
WithPD,40,1683001789380229888,50.0,50.0,1683001789380229888,0,0,514,510,334
WithPD,41,1683001789401373440,50.0,50.0,1683001789401373440,0,0,517,513,335
WithPD,42,1683001789421992960,50.0,50.0,1683001789421992960,0,0,520,516,336
WithPD,43,1683001789443113216,50.0,50.0,1683001789443113216,0,0,523,519,337
WithPD,44,1683001789464212736,50.0,50.0,1683001789464212736,0,0,526,522,338
WithPD,45,1683001789484930048,50.0,50.0,1683001789484930048,0,0,529,525,339
WithPD,46,1683001789505966336,50.0,50.0,1683001789505966336,0,0,532,528,340
WithPD,47,1683001789526611456,50.0,50.0,1683001789526611456,0,0,535,531,341
WithPD,48,1683001789547235584,50.0,50.0,1683001789547235584,0,0,538,534,342
WithPD,49,1683001789567903488,50.0,50.0,1683001789567903488,0,0,541,537,343
WithPD,50,1683001789588536064,50.0,50.0,1683001789588536064,0,0,544,540,344
WithPD,51,1683001789609472256,50.0,50.0,1683001789609472256,0,0,547,543,345
WithPD,52,1683001789630259200,50.0,50.0,1683001789630259200,0,0,550,546,346
WithPD,52,1683001789630259200,50.0,50.0,1683001789630259200,0,0,552,547,347
WithPD,53,1683001789650915584,50.0,50.0,1683001789650915584,0,0,555,550,348
WithPD,54,1683001789671699968,50.0,50.0,1683001789671699968,0,0,558,553,349
WithPD,55,1683001789692304128,50.0,50.0,1683001789692304128,0,0,561,556,350
WoutPD,300,This_is_noise_node300,564,559,351
WoutPD,301,This_is_noise_node301,565,560,352
WoutPD,302,This_is_noise_node302,566,561,353
WoutPD,303,This_is_noise_node303,567,562,354
WoutPD,304,This_is_noise_node304,568,563,355
WoutPD,305,This_is_noise_node305,569,564,356
WoutPD,306,This_is_noise_node306,570,565,357
WoutPD,307,This_is_noise_node307,571,566,358
WoutPD,308,This_is_noise_node308,572,567,359
WoutPD,309,This_is_noise_node309,573,568,360
WoutPD,310,This_is_noise_node310,574,569,361
WoutPD,311,This_is_noise_node311,575,570,362
WoutPD,312,This_is_noise_node312,576,571,363
WoutPD,313,This_is_noise_node313,577,572,364
WoutPD,314,This_is_noise_node314,578,573,365
WoutPD,315,This_is_noise_node315,579,574,366
WoutPD,316,This_is_noise_node316,580,575,367
WoutPD,317,This_is_noise_node317,581,576,368
WoutPD,318,This_is_noise_node318,582,577,369
WoutPD,319,This_is_noise_node319,583,578,370
WoutPD,320,This_is_noise_node320,584,579,371
WoutPD,321,This_is_noise_node321,585,580,372
WoutPD,322,This_is_noise_node322,586,581,373
WoutPD,323,This_is_noise_node323,587,582,374
WoutPD,324,This_is_noise_node324,588,583,375
WoutPD,325,This_is_noise_node325,589,584,376
WoutPD,326,This_is_noise_node326,590,585,377
WoutPD,327,This_is_noise_node327,591,586,378
WoutPD,328,This_is_noise_node328,592,587,379
WoutPD,329,This_is_noise_node329,593,588,380
WoutPD,330,This_is_noise_node330,594,589,381
WoutPD,331,This_is_noise_node331,595,590,382
WoutPD,332,This_is_noise_node332,596,591,383
WoutPD,333,This_is_noise_node333,597,592,384
WoutPD,334,This_is_noise_node334,598,593,385
WoutPD,337,This_is_noise_node337,599,594,386
WoutPD,338,This_is_noise_node338,600,595,387
WoutPD,339,This_is_noise_node339,601,596,388
WoutPD,341,This_is_noise_node341,602,597,389
WoutPD,342,This_is_noise_node342,603,598,390
WoutPD,343,This_is_noise_node343,604,599,391
WoutPD,344,This_is_noise_node344,605,600,392
WoutPD,347,This_is_noise_node347,606,601,393
WoutPD,348,This_is_noise_node348,607,602,394
WoutPD,349,This_is_noise_node349,608,603,395
WithPD,55,1683001789692304128,50.0,50.0,1683001789692304128,0,0,609,604,396
WithPD,55,1683001789692304128,50.0,50.0,1683001789692304128,0,0,612,607,397
WithPD,55,1683001789692304128,50.0,50.0,1683001789692304128,0,0,615,610,398
WithPD,57,1683001789733732096,50.0,50.0,1683001789733732096,0,0,618,613,399
WithPD,58,1683001789754468096,50.0,50.0,1683001789754468096,0,0,621,616,400
WoutPD,350,This_is_noise_node350,624,619,401
WoutPD,351,This_is_noise_node351,625,620,402
WoutPD,352,This_is_noise_node352,626,621,403
WoutPD,353,This_is_noise_node353,627,622,404
WoutPD,354,This_is_noise_node354,628,623,405
WoutPD,355,This_is_noise_node355,629,624,406
WoutPD,356,This_is_noise_node356,630,625,407
WoutPD,365,This_is_noise_node365,632,627,408
WoutPD,366,This_is_noise_node366,633,628,409
WoutPD,367,This_is_noise_node367,634,629,410
WoutPD,368,This_is_noise_node368,635,630,411
WoutPD,369,This_is_noise_node369,636,631,412
WoutPD,370,This_is_noise_node370,637,632,413
WoutPD,371,This_is_noise_node371,638,633,414
WoutPD,372,This_is_noise_node372,639,634,415
WoutPD,373,This_is_noise_node373,640,635,416
WoutPD,374,This_is_noise_node374,641,636,417
WoutPD,375,This_is_noise_node375,642,637,418
WoutPD,376,This_is_noise_node376,643,638,419
WoutPD,377,This_is_noise_node377,644,639,420
WoutPD,378,This_is_noise_node378,645,640,421
WoutPD,379,This_is_noise_node379,646,641,422
WoutPD,380,This_is_noise_node380,647,642,423
WoutPD,381,This_is_noise_node381,648,643,424
WoutPD,382,This_is_noise_node382,649,644,425
WoutPD,383,This_is_noise_node383,650,645,426
WoutPD,384,This_is_noise_node384,651,646,427
WoutPD,385,This_is_noise_node385,652,647,428
WoutPD,386,This_is_noise_node386,653,648,429
WoutPD,387,This_is_noise_node387,654,649,430
WoutPD,388,This_is_noise_node388,655,650,431
WoutPD,389,This_is_noise_node389,656,651,432
WoutPD,390,This_is_noise_node390,657,652,433
WoutPD,391,This_is_noise_node391,658,653,434
WoutPD,392,This_is_noise_node392,659,654,435
WoutPD,393,This_is_noise_node393,660,655,436
WoutPD,394,This_is_noise_node394,661,656,437
WoutPD,396,This_is_noise_node396,662,657,438
WoutPD,397,This_is_noise_node397,663,658,439
WoutPD,399,This_is_noise_node399,664,659,440
WithPD,58,1683001789754468096,50.0,50.0,1683001789754468096,0,0,665,660,441
WithPD,60,1683001789795886080,50.0,50.0,1683001789795886080,0,0,668,663,442
WithPD,61,1683001789816526848,50.0,50.0,1683001789816526848,0,0,671,666,443
WithPD,62,1683001789837409280,50.0,50.0,1683001789837409280,0,0,674,669,444
WithPD,63,1683001789858082304,50.0,50.0,1683001789858082304,0,0,677,672,445
WithPD,64,1683001789878880768,50.0,50.0,1683001789878880768,0,0,680,675,446
WithPD,65,1683001789899626752,50.0,50.0,1683001789899626752,0,0,683,678,447
WithPD,66,1683001789920399104,50.0,50.0,1683001789920399104,0,0,686,681,448
WithPD,67,1683001789941126912,50.0,50.0,1683001789941126912,0,0,689,684,449
WithPD,68,1683001789961841408,50.0,50.0,1683001789961841408,0,0,692,687,450
WithPD,69,1683001789982578432,50.0,50.0,1683001789982578432,0,0,695,690,451
WithPD,70,1683001790003307008,50.0,50.0,1683001790003307008,0,0,698,693,452
WithPD,71,1683001790024021760,50.0,50.0,1683001790024021760,0,0,701,696,453
WithPD,72,1683001790044722688,50.0,50.0,1683001790044722688,0,0,704,699,454
WithPD,73,1683001790065592320,50.0,50.0,1683001790065592320,0,0,707,702,455
WithPD,74,1683001790086306816,50.0,50.0,1683001790086306816,0,0,710,705,456
WithPD,75,1683001790107134208,50.0,50.0,1683001790107134208,0,0,713,708,457
WithPD,76,1683001790128156160,50.0,50.0,1683001790128156160,0,0,716,711,458
WithPD,77,1683001790148926464,50.0,50.0,1683001790148926464,0,0,719,714,459
WithPD,78,1683001790170260736,50.0,50.0,1683001790170260736,0,0,722,717,460
WithPD,79,1683001790190951680,50.0,50.0,1683001790190951680,0,0,725,720,461
WithPD,80,1683001790211888896,50.0,50.0,1683001790211888896,0,0,728,723,462
WithPD,80,1683001790211888896,50.0,50.0,1683001790211888896,0,0,730,724,463
WithPD,81,1683001790232784128,50.0,50.0,1683001790232784128,0,0,733,727,464
WoutPD,400,This_is_noise_node400,736,730,465
WoutPD,401,This_is_noise_node401,737,731,466
WoutPD,402,This_is_noise_node402,738,732,467
WoutPD,403,This_is_noise_node403,739,733,468
WoutPD,404,This_is_noise_node404,740,734,469
WoutPD,405,This_is_noise_node405,741,735,470
WoutPD,406,This_is_noise_node406,742,736,471
WoutPD,407,This_is_noise_node407,743,737,472
WoutPD,408,This_is_noise_node408,744,738,473
WoutPD,409,This_is_noise_node409,745,739,474
WoutPD,410,This_is_noise_node410,746,740,475
WoutPD,411,This_is_noise_node411,747,741,476
WoutPD,412,This_is_noise_node412,748,742,477
WoutPD,413,This_is_noise_node413,749,743,478
WoutPD,414,This_is_noise_node414,750,744,479
WoutPD,415,This_is_noise_node415,751,745,480
WoutPD,416,This_is_noise_node416,752,746,481
WoutPD,417,This_is_noise_node417,753,747,482
WoutPD,418,This_is_noise_node418,754,748,483
WoutPD,419,This_is_noise_node419,755,749,484
WoutPD,420,This_is_noise_node420,756,750,485
WoutPD,421,This_is_noise_node421,757,751,486
WoutPD,422,This_is_noise_node422,758,752,487
WoutPD,423,This_is_noise_node423,759,753,488
WoutPD,424,This_is_noise_node424,760,754,489
WoutPD,425,This_is_noise_node425,761,755,490
WoutPD,426,This_is_noise_node426,762,756,491
WithPD,81,1683001790232784128,50.0,50.0,1683001790232784128,0,0,763,757,492
WoutPD,436,This_is_noise_node436,765,759,493
WoutPD,437,This_is_noise_node437,766,760,494
WoutPD,438,This_is_noise_node438,767,761,495
WoutPD,439,This_is_noise_node439,768,762,496
WoutPD,440,This_is_noise_node440,769,763,497
WoutPD,441,This_is_noise_node441,770,764,498
WoutPD,442,This_is_noise_node442,771,765,499
WoutPD,443,This_is_noise_node443,772,766,500
WoutPD,444,This_is_noise_node444,773,767,501
WoutPD,445,This_is_noise_node445,774,768,502
WoutPD,446,This_is_noise_node446,775,769,503
WoutPD,447,This_is_noise_node447,776,770,504
WoutPD,448,This_is_noise_node448,777,771,505
WoutPD,449,This_is_noise_node449,778,772,506
WithPD,81,1683001790232784128,50.0,50.0,1683001790232784128,0,0,779,773,507
WithPD,83,1683001790274157312,50.0,50.0,1683001790274157312,0,0,782,776,508
WithPD,84,1683001790295198464,50.0,50.0,1683001790295198464,0,0,785,779,509
WithPD,84,1683001790295198464,50.0,50.0,1683001790295198464,0,0,788,781,510
WithPD,85,1683001790316137216,50.0,50.0,1683001790316137216,0,0,791,784,511
WithPD,86,1683001790336715264,50.0,50.0,1683001790336715264,0,0,794,787,512
WithPD,87,1683001790357352704,50.0,50.0,1683001790357352704,0,0,797,790,513
WithPD,87,1683001790357352704,50.0,50.0,1683001790357352704,0,0,800,793,514
WithPD,87,1683001790357352704,50.0,50.0,1683001790357352704,0,0,803,796,515
WithPD,87,1683001790357352704,50.0,50.0,1683001790357352704,0,0,806,799,516
WithPD,87,1683001790357352704,50.0,50.0,1683001790357352704,0,0,809,802,517
WithPD,87,1683001790357352704,50.0,50.0,1683001790357352704,0,0,812,805,518
WithPD,87,1683001790357352704,50.0,50.0,1683001790357352704,0,0,815,808,519
WithPD,87,1683001790357352704,50.0,50.0,1683001790357352704,0,0,818,811,520
WithPD,87,1683001790357352704,50.0,50.0,1683001790357352704,0,0,821,814,521
WithPD,89,1683001790398903552,50.0,50.0,1683001790398903552,0,0,824,817,522
WithPD,90,1683001790420019712,50.0,50.0,1683001790420019712,0,0,827,820,523
WoutPD,450,This_is_noise_node450,828,821,524
WoutPD,457,This_is_noise_node457,830,823,525
WoutPD,458,This_is_noise_node458,831,824,526
WoutPD,459,This_is_noise_node459,832,825,527
WoutPD,460,This_is_noise_node460,833,826,528
WoutPD,461,This_is_noise_node461,834,827,529
WoutPD,462,This_is_noise_node462,835,828,530
WoutPD,463,This_is_noise_node463,836,829,531
WoutPD,464,This_is_noise_node464,837,830,532
WoutPD,465,This_is_noise_node465,838,831,533
WoutPD,475,This_is_noise_node475,841,833,534
WoutPD,476,This_is_noise_node476,842,834,535
WoutPD,477,This_is_noise_node477,843,835,536
WoutPD,478,This_is_noise_node478,844,836,537
WoutPD,479,This_is_noise_node479,845,837,538
WoutPD,480,This_is_noise_node480,846,838,539
WoutPD,481,This_is_noise_node481,847,839,540
WoutPD,482,This_is_noise_node482,848,840,541
WoutPD,483,This_is_noise_node483,849,841,542
WoutPD,484,This_is_noise_node484,850,842,543
WoutPD,485,This_is_noise_node485,851,843,544
WithPD,92,1683001790461905664,50.0,50.0,1683001790461905664,0,0,852,844,545
WoutPD,488,This_is_noise_node488,854,845,546
WoutPD,489,This_is_noise_node489,855,846,547
WoutPD,490,This_is_noise_node490,856,847,548
WoutPD,491,This_is_noise_node491,857,848,549
WoutPD,492,This_is_noise_node492,858,849,550
WoutPD,493,This_is_noise_node493,859,850,551
WoutPD,494,This_is_noise_node494,860,851,552
WoutPD,495,This_is_noise_node495,861,852,553
WoutPD,496,This_is_noise_node496,862,853,554
WoutPD,497,This_is_noise_node497,863,854,555
WoutPD,498,This_is_noise_node498,864,855,556
WoutPD,499,This_is_noise_node499,865,856,557
WoutPD,500,This_is_noise_node500,866,857,558
WoutPD,501,This_is_noise_node501,867,858,559
WoutPD,502,This_is_noise_node502,868,859,560
WoutPD,503,This_is_noise_node503,869,860,561
WoutPD,504,This_is_noise_node504,870,861,562
WoutPD,505,This_is_noise_node505,871,862,563
WoutPD,506,This_is_noise_node506,872,863,564
WoutPD,507,This_is_noise_node507,873,864,565
WoutPD,508,This_is_noise_node508,874,865,566
WoutPD,509,This_is_noise_node509,875,866,567
WoutPD,510,This_is_noise_node510,876,867,568
WoutPD,511,This_is_noise_node511,877,868,569
WoutPD,513,This_is_noise_node513,878,869,570
WoutPD,514,This_is_noise_node514,879,870,571
WoutPD,516,This_is_noise_node516,880,871,572
WoutPD,517,This_is_noise_node517,881,872,573
WoutPD,519,This_is_noise_node519,882,873,574
WoutPD,521,This_is_noise_node521,883,874,575
WoutPD,522,This_is_noise_node522,884,875,576
WoutPD,523,This_is_noise_node523,885,876,577
WoutPD,524,This_is_noise_node524,886,877,578
WoutPD,525,This_is_noise_node525,887,878,579
WoutPD,526,This_is_noise_node526,888,879,580
WoutPD,527,This_is_noise_node527,889,880,581
WoutPD,528,This_is_noise_node528,890,881,582
WoutPD,529,This_is_noise_node529,891,882,583
WoutPD,530,This_is_noise_node530,892,883,584
WoutPD,533,This_is_noise_node533,893,884,585
WoutPD,535,This_is_noise_node535,895,885,586
WoutPD,537,This_is_noise_node537,897,886,587
WoutPD,538,This_is_noise_node538,898,887,588
WoutPD,540,This_is_noise_node540,899,888,589
WoutPD,541,This_is_noise_node541,900,889,590
WoutPD,542,This_is_noise_node542,901,890,591
WoutPD,544,This_is_noise_node544,902,891,592
WoutPD,545,This_is_noise_node545,903,892,593
WoutPD,546,This_is_noise_node546,904,893,594
WoutPD,547,This_is_noise_node547,905,894,595
WoutPD,548,This_is_noise_node548,906,895,596
WoutPD,549,This_is_noise_node549,907,896,597
WithPD,92,1683001790461905664,50.0,50.0,1683001790461905664,0,0,908,897,598
WoutPD,550,This_is_noise_node550,911,900,599
WoutPD,551,This_is_noise_node551,912,901,600
WoutPD,552,This_is_noise_node552,913,902,601
WoutPD,553,This_is_noise_node553,914,903,602
WoutPD,554,This_is_noise_node554,915,904,603
WoutPD,555,This_is_noise_node555,916,905,604
WoutPD,556,This_is_noise_node556,917,906,605
WithPD,93,1683001790482797568,50.0,50.0,1683001790482797568,0,0,918,907,606
WoutPD,564,This_is_noise_node564,920,909,607
WoutPD,565,This_is_noise_node565,921,910,608
WoutPD,566,This_is_noise_node566,922,911,609
WoutPD,567,This_is_noise_node567,924,913,610
WoutPD,568,This_is_noise_node568,925,914,611
WoutPD,569,This_is_noise_node569,926,915,612
WoutPD,570,This_is_noise_node570,927,916,613
WoutPD,571,This_is_noise_node571,928,917,614
WoutPD,572,This_is_noise_node572,929,918,615
WoutPD,573,This_is_noise_node573,930,919,616
WithPD,94,1683001790503637760,50.0,50.0,1683001790503637760,0,0,931,920,617
WoutPD,576,This_is_noise_node576,933,921,618
WoutPD,577,This_is_noise_node577,934,922,619
WoutPD,578,This_is_noise_node578,935,923,620
WoutPD,579,This_is_noise_node579,936,924,621
WoutPD,580,This_is_noise_node580,937,925,622
WoutPD,581,This_is_noise_node581,938,926,623
WoutPD,582,This_is_noise_node582,939,927,624
WoutPD,583,This_is_noise_node583,940,928,625
WoutPD,584,This_is_noise_node584,941,929,626
WoutPD,585,This_is_noise_node585,942,930,627
WoutPD,586,This_is_noise_node586,943,931,628
WoutPD,587,This_is_noise_node587,944,932,629
WoutPD,588,This_is_noise_node588,945,933,630
WoutPD,589,This_is_noise_node589,946,934,631
WoutPD,590,This_is_noise_node590,947,935,632
WoutPD,591,This_is_noise_node591,948,936,633
WoutPD,592,This_is_noise_node592,949,937,634
WoutPD,593,This_is_noise_node593,950,938,635
WoutPD,594,This_is_noise_node594,951,939,636
WoutPD,595,This_is_noise_node595,952,940,637
WoutPD,596,This_is_noise_node596,953,941,638
WoutPD,597,This_is_noise_node597,954,942,639
WoutPD,598,This_is_noise_node598,955,943,640
WoutPD,599,This_is_noise_node599,956,944,641
WoutPD,601,This_is_noise_node601,957,945,642
WoutPD,604,This_is_noise_node604,958,946,643
WoutPD,605,This_is_noise_node605,959,947,644
WoutPD,606,This_is_noise_node606,960,948,645
WoutPD,608,This_is_noise_node608,961,949,646
WoutPD,609,This_is_noise_node609,962,950,647
WoutPD,610,This_is_noise_node610,963,951,648
WoutPD,611,This_is_noise_node611,964,952,649
WoutPD,613,This_is_noise_node613,965,953,650
WoutPD,614,This_is_noise_node614,966,954,651
WoutPD,615,This_is_noise_node615,967,955,652
WoutPD,616,This_is_noise_node616,968,956,653
WoutPD,618,This_is_noise_node618,969,957,654
WoutPD,619,This_is_noise_node619,970,958,655
WoutPD,620,This_is_noise_node620,971,959,656
WoutPD,621,This_is_noise_node621,972,960,657
WoutPD,623,This_is_noise_node623,973,961,658
WoutPD,625,This_is_noise_node625,975,962,659
WoutPD,626,This_is_noise_node626,976,963,660
WoutPD,628,This_is_noise_node628,977,964,661
WoutPD,629,This_is_noise_node629,978,965,662
WoutPD,630,This_is_noise_node630,979,966,663
WoutPD,631,This_is_noise_node631,980,967,664
WoutPD,632,This_is_noise_node632,981,968,665
WoutPD,633,This_is_noise_node633,982,969,666
WoutPD,635,This_is_noise_node635,983,970,667
WoutPD,636,This_is_noise_node636,984,971,668
WoutPD,638,This_is_noise_node638,985,972,669
WoutPD,640,This_is_noise_node640,987,973,670
WoutPD,642,This_is_noise_node642,989,974,671
WoutPD,644,This_is_noise_node644,991,975,672
WoutPD,645,This_is_noise_node645,992,976,673
WoutPD,648,This_is_noise_node648,993,977,674
WoutPD,650,This_is_noise_node650,994,978,675
WoutPD,652,This_is_noise_node652,995,979,676
WoutPD,653,This_is_noise_node653,996,980,677
WoutPD,654,This_is_noise_node654,997,981,678
WoutPD,655,This_is_noise_node655,998,982,679
WoutPD,656,This_is_noise_node656,999,983,680
WoutPD,657,This_is_noise_node657,1000,984,681
WoutPD,658,This_is_noise_node658,1001,985,682
WoutPD,659,This_is_noise_node659,1002,986,683
WoutPD,660,This_is_noise_node660,1003,987,684
WoutPD,661,This_is_noise_node661,1004,988,685
WoutPD,662,This_is_noise_node662,1005,989,686
WoutPD,663,This_is_noise_node663,1006,990,687
WoutPD,665,This_is_noise_node665,1007,991,688
WoutPD,666,This_is_noise_node666,1008,992,689
WoutPD,668,This_is_noise_node668,1009,993,690
WoutPD,669,This_is_noise_node669,1010,994,691
WoutPD,670,This_is_noise_node670,1011,995,692
WoutPD,671,This_is_noise_node671,1012,996,693
WoutPD,672,This_is_noise_node672,1013,997,694
WoutPD,674,This_is_noise_node674,1014,998,695
WoutPD,675,This_is_noise_node675,1015,999,696
WoutPD,676,This_is_noise_node676,1016,1000,697
WoutPD,677,This_is_noise_node677,1017,1001,698
WoutPD,679,This_is_noise_node679,1018,1002,699
WoutPD,682,This_is_noise_node682,1019,1003,700
WoutPD,683,This_is_noise_node683,1020,1004,701
WoutPD,684,This_is_noise_node684,1021,1005,702
WoutPD,685,This_is_noise_node685,1022,1006,703
WoutPD,687,This_is_noise_node687,1023,1007,704
WoutPD,689,This_is_noise_node689,1024,1008,705
WoutPD,690,This_is_noise_node690,1025,1009,706
WoutPD,691,This_is_noise_node691,1026,1010,707
WoutPD,692,This_is_noise_node692,1027,1011,708
WoutPD,694,This_is_noise_node694,1028,1012,709
WoutPD,695,This_is_noise_node695,1029,1013,710
WoutPD,696,This_is_noise_node696,1030,1014,711
WoutPD,697,This_is_noise_node697,1031,1015,712
WoutPD,698,This_is_noise_node698,1032,1016,713
WoutPD,699,This_is_noise_node699,1033,1017,714
WithPD,94,1683001790503637760,50.0,50.0,1683001790503637760,0,0,1034,1018,715
WithPD,95,1683001790524539136,50.0,50.0,1683001790524539136,0,0,1037,1021,716
WithPD,96,1683001790545500928,50.0,50.0,1683001790545500928,0,0,1040,1024,717
WithPD,97,1683001790566394368,50.0,50.0,1683001790566394368,0,0,1043,1027,718
WithPD,98,1683001790589203456,50.0,50.0,1683001790589203456,0,0,1046,1030,719
WithPD,99,1683001790615123456,50.0,50.0,1683001790615123456,0,0,1049,1033,720
WithPD,100,1683001790639787776,50.0,50.0,1683001790639787776,0,0,1052,1036,721
WithPD,101,1683001790660921600,50.0,50.0,1683001790660921600,0,0,1055,1039,722
WithPD,102,1683001790681659904,50.0,50.0,1683001790681659904,0,0,1058,1042,723
WithPD,103,1683001790702318592,50.0,50.0,1683001790702318592,0,0,1061,1045,724
WithPD,104,1683001790722954496,50.0,50.0,1683001790722954496,0,0,1064,1048,725
WithPD,104,1683001790722954496,50.0,50.0,1683001790722954496,0,0,1067,1051,726
WithPD,104,1683001790722954496,50.0,50.0,1683001790722954496,0,0,1070,1054,727
WithPD,106,1683001790764448512,50.0,50.0,1683001790764448512,0,0,1073,1057,728
WithPD,107,1683001790785165312,50.0,50.0,1683001790785165312,0,0,1076,1060,729
WithPD,108,1683001790805932032,50.0,50.0,1683001790805932032,0,0,1079,1063,730
WithPD,109,1683001790826559232,50.0,50.0,1683001790826559232,0,0,1082,1066,731
WithPD,110,1683001790847269632,50.0,50.0,1683001790847269632,0,0,1085,1069,732
WithPD,111,1683001790868200448,50.0,50.0,1683001790868200448,0,0,1088,1072,733
WithPD,111,1683001790868200448,50.0,50.0,1683001790868200448,0,0,1091,1075,734
WithPD,111,1683001790868200448,50.0,50.0,1683001790868200448,0,0,1094,1078,735
WithPD,112,1683001790888891392,50.0,50.0,1683001790888891392,0,0,1096,1079,736
WithPD,112,1683001790888891392,50.0,50.0,1683001790888891392,0,0,1099,1082,737
WithPD,112,1683001790888891392,50.0,50.0,1683001790888891392,0,0,1102,1085,738
WithPD,112,1683001790888891392,50.0,50.0,1683001790888891392,0,0,1105,1088,739
WithPD,114,1683001790930819840,50.0,50.0,1683001790930819840,0,0,1108,1091,740
WithPD,115,1683001790951919104,50.0,50.0,1683001790951919104,0,0,1111,1094,741
WithPD,116,1683001790975188480,50.0,50.0,1683001790975188480,0,0,1114,1097,742
WithPD,116,1683001790975188480,50.0,50.0,1683001790975188480,0,0,1117,1100,743
WithPD,116,1683001790975188480,50.0,50.0,1683001790975188480,0,0,1120,1103,744
WithPD,118,1683001791034537728,50.0,50.0,1683001791034537728,0,0,1123,1106,745
WithPD,118,1683001791034537728,50.0,50.0,1683001791034537728,0,0,1126,1109,746
WithPD,118,1683001791034537728,50.0,50.0,1683001791034537728,0,0,1129,1112,747
WithPD,120,1683001791076029440,50.0,50.0,1683001791076029440,0,0,1132,1115,748
WithPD,121,1683001791096795392,50.0,50.0,1683001791096795392,0,0,1135,1118,749
WithPD,122,1683001791117638400,50.0,50.0,1683001791117638400,0,0,1138,1121,750
WithPD,122,1683001791117638400,50.0,50.0,1683001791117638400,0,0,1141,1124,751
WithPD,122,1683001791117638400,50.0,50.0,1683001791117638400,0,0,1144,1127,752
WithPD,124,1683001791159067136,50.0,50.0,1683001791159067136,0,0,1147,1130,753
WithPD,125,1683001791179861760,50.0,50.0,1683001791179861760,0,0,1150,1133,754
WithPD,126,1683001791200656896,50.0,50.0,1683001791200656896,0,0,1153,1136,755
WithPD,127,1683001791221538048,50.0,50.0,1683001791221538048,0,0,1156,1139,756
WithPD,127,1683001791221538048,50.0,50.0,1683001791221538048,0,0,1158,1140,757
WithPD,128,1683001791242449408,50.0,50.0,1683001791242449408,0,0,1161,1143,758
WithPD,129,1683001791263281152,50.0,50.0,1683001791263281152,0,0,1164,1146,759
WithPD,130,1683001791284060416,50.0,50.0,1683001791284060416,0,0,1167,1149,760
WithPD,131,1683001791304862976,50.0,50.0,1683001791304862976,0,0,1170,1152,761
WithPD,132,1683001791325720064,50.0,50.0,1683001791325720064,0,0,1173,1155,762
WithPD,133,1683001791346520064,50.0,50.0,1683001791346520064,0,0,1176,1158,763
WithPD,134,1683001791367323392,50.0,50.0,1683001791367323392,0,0,1179,1161,764
WithPD,135,1683001791388137472,50.0,50.0,1683001791388137472,0,0,1182,1164,765
WithPD,136,1683001791408823808,50.0,50.0,1683001791408823808,0,0,1185,1167,766
WoutPD,700,This_is_noise_node700,1188,1170,767
WoutPD,701,This_is_noise_node701,1189,1171,768
WoutPD,702,This_is_noise_node702,1190,1172,769
WoutPD,710,This_is_noise_node710,1192,1174,770
WoutPD,711,This_is_noise_node711,1193,1175,771
WoutPD,712,This_is_noise_node712,1195,1177,772
WoutPD,713,This_is_noise_node713,1196,1178,773
WoutPD,714,This_is_noise_node714,1197,1179,774
WoutPD,715,This_is_noise_node715,1198,1180,775
WoutPD,716,This_is_noise_node716,1199,1181,776
WoutPD,717,This_is_noise_node717,1200,1182,777
WoutPD,718,This_is_noise_node718,1201,1183,778
WoutPD,719,This_is_noise_node719,1202,1184,779
WithPD,138,1683001791450492672,50.0,50.0,1683001791450492672,0,0,1203,1185,780
WoutPD,722,This_is_noise_node722,1205,1186,781
WoutPD,723,This_is_noise_node723,1206,1187,782
WoutPD,724,This_is_noise_node724,1207,1188,783
WoutPD,725,This_is_noise_node725,1208,1189,784
WoutPD,726,This_is_noise_node726,1209,1190,785
WoutPD,727,This_is_noise_node727,1210,1191,786
WoutPD,728,This_is_noise_node728,1211,1192,787
WoutPD,729,This_is_noise_node729,1212,1193,788
WoutPD,730,This_is_noise_node730,1213,1194,789
WoutPD,731,This_is_noise_node731,1214,1195,790
WoutPD,732,This_is_noise_node732,1215,1196,791
WoutPD,733,This_is_noise_node733,1216,1197,792
WoutPD,734,This_is_noise_node734,1217,1198,793
WoutPD,735,This_is_noise_node735,1218,1199,794
WoutPD,736,This_is_noise_node736,1219,1200,795
WoutPD,737,This_is_noise_node737,1220,1201,796
WoutPD,738,This_is_noise_node738,1221,1202,797
WoutPD,739,This_is_noise_node739,1222,1203,798
WoutPD,740,This_is_noise_node740,1223,1204,799
WoutPD,741,This_is_noise_node741,1224,1205,800
WoutPD,742,This_is_noise_node742,1225,1206,801
WoutPD,744,This_is_noise_node744,1226,1207,802
WoutPD,745,This_is_noise_node745,1227,1208,803
WoutPD,746,This_is_noise_node746,1228,1209,804
WoutPD,748,This_is_noise_node748,1229,1210,805
WoutPD,749,This_is_noise_node749,1230,1211,806
WithPD,138,1683001791450492672,50.0,50.0,1683001791450492672,0,0,1231,1212,807
WithPD,139,1683001791471180544,50.0,50.0,1683001791471180544,0,0,1234,1215,808
WithPD,140,1683001791491938304,50.0,50.0,1683001791491938304,0,0,1237,1218,809
WithPD,141,1683001791512717824,50.0,50.0,1683001791512717824,0,0,1240,1221,810
WithPD,142,1683001791533574912,50.0,50.0,1683001791533574912,0,0,1243,1224,811
WithPD,143,1683001791554356992,50.0,50.0,1683001791554356992,0,0,1246,1227,812
WithPD,144,1683001791575137536,50.0,50.0,1683001791575137536,0,0,1249,1230,813
WithPD,145,1683001791595916288,50.0,50.0,1683001791595916288,0,0,1252,1233,814
WithPD,146,1683001791616623360,50.0,50.0,1683001791616623360,0,0,1255,1236,815
WithPD,147,1683001791637426944,50.0,50.0,1683001791637426944,0,0,1258,1239,816
WithPD,148,1683001791658113280,50.0,50.0,1683001791658113280,0,0,1261,1242,817
WithPD,149,1683001791678888192,50.0,50.0,1683001791678888192,0,0,1264,1245,818
WithPD,150,1683001791699704832,50.0,50.0,1683001791699704832,0,0,1267,1248,819
WithPD,151,1683001791720499712,50.0,50.0,1683001791720499712,0,0,1270,1251,820
WithPD,152,1683001791741321472,50.0,50.0,1683001791741321472,0,0,1273,1254,821
WithPD,153,1683001791762092032,50.0,50.0,1683001791762092032,0,0,1276,1257,822
WithPD,154,1683001791782887680,50.0,50.0,1683001791782887680,0,0,1279,1260,823
WithPD,155,1683001791803597056,50.0,50.0,1683001791803597056,0,0,1282,1263,824
WithPD,156,1683001791824383488,50.0,50.0,1683001791824383488,0,0,1285,1266,825
WithPD,157,1683001791845093120,50.0,50.0,1683001791845093120,0,0,1288,1269,826
WithPD,158,1683001791865932288,50.0,50.0,1683001791865932288,0,0,1291,1272,827
WithPD,159,1683001791886736384,50.0,50.0,1683001791886736384,0,0,1294,1275,828
WithPD,160,1683001791907565568,50.0,50.0,1683001791907565568,0,0,1297,1278,829
WithPD,161,1683001791928359424,50.0,50.0,1683001791928359424,0,0,1300,1281,830
WithPD,162,1683001791949134848,50.0,50.0,1683001791949134848,0,0,1303,1284,831
WithPD,163,1683001791969980672,50.0,50.0,1683001791969980672,0,0,1306,1287,832
WithPD,164,1683001791990776576,50.0,50.0,1683001791990776576,0,0,1309,1290,833
WoutPD,750,This_is_noise_node750,1311,1291,834
WoutPD,751,This_is_noise_node751,1312,1292,835
WoutPD,752,This_is_noise_node752,1313,1293,836
WoutPD,753,This_is_noise_node753,1314,1294,837
WoutPD,754,This_is_noise_node754,1315,1295,838
WoutPD,755,This_is_noise_node755,1316,1296,839
WoutPD,756,This_is_noise_node756,1317,1297,840
WoutPD,757,This_is_noise_node757,1318,1298,841
WoutPD,758,This_is_noise_node758,1319,1299,842
WoutPD,759,This_is_noise_node759,1320,1300,843
WoutPD,760,This_is_noise_node760,1321,1301,844
WoutPD,761,This_is_noise_node761,1322,1302,845
WoutPD,762,This_is_noise_node762,1323,1303,846
WoutPD,763,This_is_noise_node763,1324,1304,847
WoutPD,764,This_is_noise_node764,1325,1305,848
WoutPD,765,This_is_noise_node765,1326,1306,849
WoutPD,766,This_is_noise_node766,1327,1307,850
WoutPD,767,This_is_noise_node767,1328,1308,851
WoutPD,768,This_is_noise_node768,1329,1309,852
WoutPD,769,This_is_noise_node769,1330,1310,853
WoutPD,770,This_is_noise_node770,1331,1311,854
WoutPD,771,This_is_noise_node771,1332,1312,855
WoutPD,772,This_is_noise_node772,1333,1313,856
WoutPD,773,This_is_noise_node773,1334,1314,857
WoutPD,774,This_is_noise_node774,1335,1315,858
WoutPD,775,This_is_noise_node775,1336,1316,859
WoutPD,776,This_is_noise_node776,1337,1317,860
WoutPD,777,This_is_noise_node777,1338,1318,861
WoutPD,778,This_is_noise_node778,1339,1319,862
WoutPD,779,This_is_noise_node779,1340,1320,863
WoutPD,780,This_is_noise_node780,1341,1321,864
WoutPD,781,This_is_noise_node781,1342,1322,865
WoutPD,782,This_is_noise_node782,1343,1323,866
WoutPD,783,This_is_noise_node783,1344,1324,867
WoutPD,785,This_is_noise_node785,1345,1325,868
WoutPD,786,This_is_noise_node786,1346,1326,869
WoutPD,787,This_is_noise_node787,1347,1327,870
WoutPD,788,This_is_noise_node788,1348,1328,871
WoutPD,790,This_is_noise_node790,1349,1329,872
WoutPD,791,This_is_noise_node791,1350,1330,873
WoutPD,793,This_is_noise_node793,1351,1331,874
WoutPD,794,This_is_noise_node794,1352,1332,875
WoutPD,795,This_is_noise_node795,1353,1333,876
WoutPD,797,This_is_noise_node797,1354,1334,877
WoutPD,798,This_is_noise_node798,1355,1335,878
WithPD,164,1683001791990776576,50.0,50.0,1683001791990776576,0,0,1356,1336,879
WithPD,165,1683001792011594240,50.0,50.0,1683001792011594240,0,0,1359,1339,880
WithPD,166,1683001792032323328,50.0,50.0,1683001792032323328,0,0,1362,1342,881
WithPD,167,1683001792053102848,50.0,50.0,1683001792053102848,0,0,1365,1345,882
WithPD,168,1683001792073959936,50.0,50.0,1683001792073959936,0,0,1368,1348,883
WithPD,169,1683001792094658560,50.0,50.0,1683001792094658560,0,0,1371,1351,884
WoutPD,800,This_is_noise_node800,1374,1354,885
WithPD,170,1683001792115431168,50.0,50.0,1683001792115431168,0,0,1375,1355,886
WoutPD,802,This_is_noise_node802,1377,1356,887
WoutPD,803,This_is_noise_node803,1378,1357,888
WoutPD,804,This_is_noise_node804,1379,1358,889
WoutPD,805,This_is_noise_node805,1380,1359,890
WoutPD,806,This_is_noise_node806,1381,1360,891
WoutPD,807,This_is_noise_node807,1382,1361,892
WoutPD,808,This_is_noise_node808,1383,1362,893
WoutPD,809,This_is_noise_node809,1384,1363,894
WoutPD,810,This_is_noise_node810,1385,1364,895
WoutPD,811,This_is_noise_node811,1386,1365,896
WoutPD,812,This_is_noise_node812,1387,1366,897
WoutPD,813,This_is_noise_node813,1388,1367,898
WoutPD,814,This_is_noise_node814,1389,1368,899
WoutPD,815,This_is_noise_node815,1390,1369,900
WoutPD,816,This_is_noise_node816,1391,1370,901
WoutPD,817,This_is_noise_node817,1392,1371,902
WoutPD,818,This_is_noise_node818,1393,1372,903
WoutPD,819,This_is_noise_node819,1394,1373,904
WoutPD,820,This_is_noise_node820,1395,1374,905
WoutPD,821,This_is_noise_node821,1396,1375,906
WoutPD,822,This_is_noise_node822,1397,1376,907
WoutPD,823,This_is_noise_node823,1398,1377,908
WoutPD,824,This_is_noise_node824,1399,1378,909
WoutPD,825,This_is_noise_node825,1400,1379,910
WoutPD,826,This_is_noise_node826,1401,1380,911
WoutPD,827,This_is_noise_node827,1402,1381,912
WoutPD,828,This_is_noise_node828,1403,1382,913
WoutPD,829,This_is_noise_node829,1404,1383,914
WoutPD,830,This_is_noise_node830,1405,1384,915
WoutPD,831,This_is_noise_node831,1406,1385,916
WoutPD,832,This_is_noise_node832,1407,1386,917
WoutPD,833,This_is_noise_node833,1408,1387,918
WoutPD,834,This_is_noise_node834,1409,1388,919
WoutPD,835,This_is_noise_node835,1410,1389,920
WoutPD,836,This_is_noise_node836,1411,1390,921
WoutPD,837,This_is_noise_node837,1412,1391,922
WoutPD,838,This_is_noise_node838,1413,1392,923
WoutPD,840,This_is_noise_node840,1414,1393,924
WoutPD,841,This_is_noise_node841,1415,1394,925
WoutPD,843,This_is_noise_node843,1416,1395,926
WoutPD,844,This_is_noise_node844,1417,1396,927
WoutPD,845,This_is_noise_node845,1418,1397,928
WoutPD,846,This_is_noise_node846,1419,1398,929
WoutPD,848,This_is_noise_node848,1420,1399,930
WoutPD,849,This_is_noise_node849,1421,1400,931
WithPD,170,1683001792115431168,50.0,50.0,1683001792115431168,0,0,1422,1401,932
WithPD,171,1683001792136247808,50.0,50.0,1683001792136247808,0,0,1425,1404,933
WithPD,172,1683001792157057024,50.0,50.0,1683001792157057024,0,0,1428,1407,934
WithPD,173,1683001792177936640,50.0,50.0,1683001792177936640,0,0,1431,1410,935
WithPD,174,1683001792199066368,50.0,50.0,1683001792199066368,0,0,1434,1413,936
WithPD,175,1683001792220150528,50.0,50.0,1683001792220150528,0,0,1437,1416,937
WithPD,175,1683001792220150528,50.0,50.0,1683001792220150528,0,0,1440,1418,938
WithPD,176,1683001792240941824,50.0,50.0,1683001792240941824,0,0,1443,1421,939
WithPD,177,1683001792261810688,50.0,50.0,1683001792261810688,0,0,1446,1424,940
WithPD,178,1683001792282495744,50.0,50.0,1683001792282495744,0,0,1449,1427,941
WithPD,179,1683001792303308800,50.0,50.0,1683001792303308800,0,0,1452,1430,942
WithPD,180,1683001792324105216,50.0,50.0,1683001792324105216,0,0,1455,1433,943
WithPD,181,1683001792344915712,50.0,50.0,1683001792344915712,0,0,1458,1436,944
WithPD,182,1683001792365760512,50.0,50.0,1683001792365760512,0,0,1461,1439,945
WithPD,183,1683001792386542592,50.0,50.0,1683001792386542592,0,0,1464,1442,946
WithPD,184,1683001792407325184,50.0,50.0,1683001792407325184,0,0,1467,1445,947
WithPD,185,1683001792428114176,50.0,50.0,1683001792428114176,0,0,1470,1448,948
WithPD,186,1683001792448871424,50.0,50.0,1683001792448871424,0,0,1473,1451,949
WithPD,187,1683001792469722624,50.0,50.0,1683001792469722624,0,0,1476,1454,950
WithPD,188,1683001792490534656,50.0,50.0,1683001792490534656,0,0,1479,1457,951
WithPD,188,1683001792490534656,50.0,50.0,1683001792490534656,0,0,1482,1460,952
WithPD,188,1683001792490534656,50.0,50.0,1683001792490534656,0,0,1485,1463,953
WithPD,188,1683001792490534656,50.0,50.0,1683001792490534656,0,0,1488,1466,954
WithPD,188,1683001792490534656,50.0,50.0,1683001792490534656,0,0,1491,1469,955
WithPD,190,1683001792532028160,50.0,50.0,1683001792532028160,0,0,1494,1472,956
WithPD,191,1683001792552834816,50.0,50.0,1683001792552834816,0,0,1497,1475,957
WithPD,192,1683001792573743360,50.0,50.0,1683001792573743360,0,0,1500,1478,958
WithPD,193,1683001792594542592,50.0,50.0,1683001792594542592,0,0,1503,1481,959
WithPD,194,1683001792615337728,50.0,50.0,1683001792615337728,0,0,1506,1484,960
WithPD,194,1683001792615337728,50.0,50.0,1683001792615337728,0,0,1509,1487,961
WithPD,194,1683001792615337728,50.0,50.0,1683001792615337728,0,0,1512,1490,962
WithPD,196,1683001792656984832,50.0,50.0,1683001792656984832,0,0,1515,1493,963
WithPD,197,1683001792677838080,50.0,50.0,1683001792677838080,0,0,1518,1496,964
WithPD,198,1683001792698627328,50.0,50.0,1683001792698627328,0,0,1521,1499,965
WithPD,199,1683001792719483648,50.0,50.0,1683001792719483648,0,0,1524,1502,966
WithPD,200,1683001792740167168,50.0,50.0,1683001792740167168,0,0,1527,1505,967
WithPD,201,1683001792760966144,50.0,50.0,1683001792760966144,0,0,1530,1508,968
WithPD,202,1683001792781865216,50.0,50.0,1683001792781865216,0,0,1533,1511,969
WoutPD,850,This_is_noise_node850,1535,1512,970
WoutPD,851,This_is_noise_node851,1536,1513,971
WoutPD,852,This_is_noise_node852,1537,1514,972
WoutPD,853,This_is_noise_node853,1538,1515,973
WoutPD,854,This_is_noise_node854,1539,1516,974
WoutPD,855,This_is_noise_node855,1540,1517,975
WoutPD,856,This_is_noise_node856,1541,1518,976
WoutPD,857,This_is_noise_node857,1542,1519,977
WoutPD,858,This_is_noise_node858,1543,1520,978
WoutPD,859,This_is_noise_node859,1544,1521,979
WoutPD,860,This_is_noise_node860,1545,1522,980
WoutPD,861,This_is_noise_node861,1546,1523,981
WoutPD,862,This_is_noise_node862,1547,1524,982
WoutPD,863,This_is_noise_node863,1548,1525,983
WoutPD,864,This_is_noise_node864,1549,1526,984
WoutPD,865,This_is_noise_node865,1550,1527,985
WoutPD,866,This_is_noise_node866,1551,1528,986
WoutPD,867,This_is_noise_node867,1552,1529,987
WoutPD,868,This_is_noise_node868,1553,1530,988
WoutPD,869,This_is_noise_node869,1554,1531,989
WoutPD,870,This_is_noise_node870,1555,1532,990
WoutPD,871,This_is_noise_node871,1556,1533,991
WoutPD,872,This_is_noise_node872,1557,1534,992
WoutPD,873,This_is_noise_node873,1558,1535,993
WoutPD,874,This_is_noise_node874,1559,1536,994
WoutPD,875,This_is_noise_node875,1560,1537,995
WoutPD,876,This_is_noise_node876,1561,1538,996
WoutPD,877,This_is_noise_node877,1562,1539,997
WoutPD,878,This_is_noise_node878,1563,1540,998
WoutPD,879,This_is_noise_node879,1564,1541,999
WoutPD,880,This_is_noise_node880,1565,1542,1000
WoutPD,881,This_is_noise_node881,1566,1543,1001
WoutPD,882,This_is_noise_node882,1567,1544,1002
WoutPD,883,This_is_noise_node883,1568,1545,1003
WoutPD,884,This_is_noise_node884,1569,1546,1004
WoutPD,895,This_is_noise_node895,1571,1548,1005
WoutPD,897,This_is_noise_node897,1572,1549,1006
WoutPD,898,This_is_noise_node898,1573,1550,1007
WoutPD,899,This_is_noise_node899,1574,1551,1008
WithPD,203,1683001792802571776,50.0,50.0,1683001792802571776,0,0,1576,1553,1009
WithPD,204,1683001792823370752,50.0,50.0,1683001792823370752,0,0,1579,1556,1010
WithPD,205,1683001792844157184,50.0,50.0,1683001792844157184,0,0,1582,1559,1011
WoutPD,900,This_is_noise_node900,1585,1562,1012
WoutPD,901,This_is_noise_node901,1586,1563,1013
WoutPD,902,This_is_noise_node902,1587,1564,1014
WoutPD,903,This_is_noise_node903,1588,1565,1015
WithPD,206,1683001792864940032,50.0,50.0,1683001792864940032,0,0,1589,1566,1016
WoutPD,912,This_is_noise_node912,1591,1568,1017
WoutPD,913,This_is_noise_node913,1592,1569,1018
WoutPD,914,This_is_noise_node914,1594,1570,1019
WoutPD,915,This_is_noise_node915,1595,1571,1020
WoutPD,916,This_is_noise_node916,1596,1572,1021
WoutPD,917,This_is_noise_node917,1597,1573,1022
WoutPD,918,This_is_noise_node918,1598,1574,1023
WoutPD,919,This_is_noise_node919,1599,1575,1024
WoutPD,920,This_is_noise_node920,1600,1576,1025
WoutPD,921,This_is_noise_node921,1601,1577,1026
WithPD,207,1683001792885729536,50.0,50.0,1683001792885729536,0,0,1602,1578,1027
WoutPD,924,This_is_noise_node924,1604,1579,1028
WoutPD,925,This_is_noise_node925,1605,1580,1029
WoutPD,926,This_is_noise_node926,1606,1581,1030
WoutPD,927,This_is_noise_node927,1607,1582,1031
WoutPD,928,This_is_noise_node928,1608,1583,1032
WoutPD,929,This_is_noise_node929,1609,1584,1033
WoutPD,930,This_is_noise_node930,1610,1585,1034
WoutPD,931,This_is_noise_node931,1611,1586,1035
WoutPD,932,This_is_noise_node932,1612,1587,1036
WoutPD,933,This_is_noise_node933,1613,1588,1037
WoutPD,934,This_is_noise_node934,1614,1589,1038
WoutPD,935,This_is_noise_node935,1615,1590,1039
WoutPD,936,This_is_noise_node936,1616,1591,1040
WoutPD,937,This_is_noise_node937,1617,1592,1041
WoutPD,938,This_is_noise_node938,1618,1593,1042
WoutPD,939,This_is_noise_node939,1619,1594,1043
WoutPD,940,This_is_noise_node940,1620,1595,1044
WoutPD,941,This_is_noise_node941,1621,1596,1045
WoutPD,942,This_is_noise_node942,1622,1597,1046
WoutPD,943,This_is_noise_node943,1623,1598,1047
WoutPD,944,This_is_noise_node944,1624,1599,1048
WoutPD,945,This_is_noise_node945,1625,1600,1049
WoutPD,946,This_is_noise_node946,1626,1601,1050
WoutPD,947,This_is_noise_node947,1627,1602,1051
WoutPD,948,This_is_noise_node948,1628,1603,1052
WoutPD,950,This_is_noise_node950,1629,1604,1053
WoutPD,951,This_is_noise_node951,1630,1605,1054
WoutPD,952,This_is_noise_node952,1631,1606,1055
WoutPD,953,This_is_noise_node953,1632,1607,1056
WoutPD,954,This_is_noise_node954,1633,1608,1057
WoutPD,955,This_is_noise_node955,1634,1609,1058
WoutPD,957,This_is_noise_node957,1635,1610,1059
WoutPD,958,This_is_noise_node958,1636,1611,1060
WoutPD,959,This_is_noise_node959,1637,1612,1061
WoutPD,961,This_is_noise_node961,1638,1613,1062
WoutPD,962,This_is_noise_node962,1639,1614,1063
WoutPD,964,This_is_noise_node964,1640,1615,1064
WoutPD,966,This_is_noise_node966,1641,1616,1065
WoutPD,967,This_is_noise_node967,1642,1617,1066
WoutPD,968,This_is_noise_node968,1643,1618,1067
WoutPD,969,This_is_noise_node969,1644,1619,1068
WoutPD,972,This_is_noise_node972,1645,1620,1069
WoutPD,973,This_is_noise_node973,1646,1621,1070
WoutPD,974,This_is_noise_node974,1647,1622,1071
WoutPD,975,This_is_noise_node975,1648,1623,1072
WoutPD,976,This_is_noise_node976,1649,1624,1073
WoutPD,977,This_is_noise_node977,1650,1625,1074
WoutPD,978,This_is_noise_node978,1651,1626,1075
WoutPD,979,This_is_noise_node979,1652,1627,1076
WoutPD,980,This_is_noise_node980,1653,1628,1077
WoutPD,981,This_is_noise_node981,1654,1629,1078
WoutPD,983,This_is_noise_node983,1655,1630,1079
WoutPD,984,This_is_noise_node984,1656,1631,1080
WoutPD,985,This_is_noise_node985,1657,1632,1081
WoutPD,986,This_is_noise_node986,1658,1633,1082
WoutPD,989,This_is_noise_node989,1659,1634,1083
WoutPD,991,This_is_noise_node991,1660,1635,1084
WoutPD,992,This_is_noise_node992,1661,1636,1085
WoutPD,994,This_is_noise_node994,1662,1637,1086
WoutPD,995,This_is_noise_node995,1663,1638,1087
WoutPD,996,This_is_noise_node996,1664,1639,1088
WoutPD,999,This_is_noise_node999,1665,1640,1089
WithPD,207,1683001792885729536,50.0,50.0,1683001792885729536,0,0,1666,1641,1090
WithPD,208,1683001792906489600,50.0,50.0,1683001792906489600,0,0,1669,1644,1091
WithPD,209,1683001792927296000,50.0,50.0,1683001792927296000,0,0,1672,1647,1092
WithPD,210,1683001792948110592,50.0,50.0,1683001792948110592,0,0,1675,1650,1093
WithPD,211,1683001792970721024,50.0,50.0,1683001792970721024,0,0,1678,1653,1094
WithPD,212,1683001792991491328,50.0,50.0,1683001792991491328,0,0,1681,1656,1095
WithPD,213,1683001793012305920,50.0,50.0,1683001793012305920,0,0,1684,1659,1096
WithPD,214,1683001793033029120,50.0,50.0,1683001793033029120,0,0,1687,1662,1097
WithPD,215,1683001793053927936,50.0,50.0,1683001793053927936,0,0,1690,1665,1098
WithPD,216,1683001793074729984,50.0,50.0,1683001793074729984,0,0,1693,1668,1099
WithPD,217,1683001793095532800,50.0,50.0,1683001793095532800,0,0,1696,1671,1100
WithPD,218,1683001793116340480,50.0,50.0,1683001793116340480,0,0,1699,1674,1101
WithPD,219,1683001793137176064,50.0,50.0,1683001793137176064,0,0,1702,1677,1102
WithPD,220,1683001793158072576,50.0,50.0,1683001793158072576,0,0,1705,1680,1103
WithPD,221,1683001793178862592,50.0,50.0,1683001793178862592,0,0,1708,1683,1104
WithPD,222,1683001793199637760,50.0,50.0,1683001793199637760,0,0,1711,1686,1105
WithPD,223,1683001793220427520,50.0,50.0,1683001793220427520,0,0,1714,1689,1106
WithPD,224,1683001793241326336,50.0,50.0,1683001793241326336,0,0,1717,1692,1107
WithPD,225,1683001793262103296,50.0,50.0,1683001793262103296,0,0,1720,1695,1108
WithPD,226,1683001793282859520,50.0,50.0,1683001793282859520,0,0,1723,1698,1109
WithPD,227,1683001793303641344,50.0,50.0,1683001793303641344,0,0,1726,1701,1110
WithPD,228,1683001793324326400,50.0,50.0,1683001793324326400,0,0,1729,1704,1111
