WithPD,1,1682902898751396608,50.0,50.0,1682902898751396608,0,0,1682902901.41
WithPD,2,1682902898772096256,50.0,50.0,1682902898772096256,0,0,1682902901.77
WithPD,3,1682902898792502784,50.0,50.0,1682902898792502784,0,0,1682902902.22
WithPD,4,1682902898812900096,50.0,50.0,1682902898812900096,0,0,1682902902.64
WithPD,4,1682902898812900096,50.0,50.0,1682902898812900096,0,0,1682902904.24
WithPD,4,1682902898812900096,50.0,50.0,1682902898812900096,0,0,1682902906.34
WithPD,5,1682902898833253120,50.0,50.0,1682902898833253120,0,0,1682902906.64
WithPD,5,1682902898833253120,50.0,50.0,1682902898833253120,0,0,1682902908.22
WithPD,6,1682902898853578752,50.0,50.0,1682902898853578752,0,0,1682902908.54
WithPD,6,1682902898853578752,50.0,50.0,1682902898853578752,0,0,1682902910.13
WithPD,7,1682902898873919488,50.0,50.0,1682902898873919488,0,0,1682902910.48
WithPD,8,1682902898894250752,50.0,50.0,1682902898894250752,0,0,1682902910.83
WithPD,9,1682902898914572544,50.0,50.0,1682902898914572544,0,0,1682902911.25
WithPD,10,1682902898934883840,50.0,50.0,1682902898934883840,0,0,1682902911.66
WithPD,11,1682902898955188480,50.0,50.0,1682902898955188480,0,0,1682902912.08
WithPD,11,1682902898955188480,50.0,50.0,1682902898955188480,0,0,1682902914.21
WithPD,12,1682902898975533056,50.0,50.0,1682902898975533056,0,0,1682902914.52
WithPD,13,1682902898995911680,50.0,50.0,1682902898995911680,0,0,1682902914.86
WithPD,13,1682902898995911680,50.0,50.0,1682902898995911680,0,0,1682902916.48
WithPD,14,1682902899016241408,50.0,50.0,1682902899016241408,0,0,1682902916.81
WithPD,15,1682902899036563968,50.0,50.0,1682902899036563968,0,0,1682902917.18
WithPD,16,1682902899056882432,50.0,50.0,1682902899056882432,0,0,1682902917.56
WithPD,17,1682902899077196032,50.0,50.0,1682902899077196032,0,0,1682902917.96
WithPD,18,1682902899097549056,50.0,50.0,1682902899097549056,0,0,1682902918.39
WithPD,19,1682902899117883392,50.0,50.0,1682902899117883392,0,0,1682902918.83
WithPD,19,1682902899117883392,50.0,50.0,1682902899117883392,0,0,1682902920.9
WithPD,20,1682902899138196480,50.0,50.0,1682902899138196480,0,0,1682902921.22
WithPD,21,1682902899158547456,50.0,50.0,1682902899158547456,0,0,1682902921.55
WithPD,22,1682902899178890240,50.0,50.0,1682902899178890240,0,0,1682902921.93
WithPD,23,1682902899199465728,50.0,50.0,1682902899199465728,0,0,1682902922.36
WithPD,23,1682902899199465728,50.0,50.0,1682902899199465728,0,0,1682902923.97
WithPD,24,1682902899219945216,50.0,50.0,1682902899219945216,0,0,1682902924.26
WithPD,24,1682902899219945216,50.0,50.0,1682902899219945216,0,0,1682902925.84
WithPD,25,1682902899240377344,50.0,50.0,1682902899240377344,0,0,1682902926.16
WithPD,26,1682902899261073664,50.0,50.0,1682902899261073664,0,0,1682902926.49
WithPD,27,1682902899281582848,50.0,50.0,1682902899281582848,0,0,1682902926.88
WithPD,28,1682902899302099968,50.0,50.0,1682902899302099968,0,0,1682902927.31
WithPD,29,1682902899322567168,50.0,50.0,1682902899322567168,0,0,1682902927.74
WithPD,30,1682902899343109376,50.0,50.0,1682902899343109376,0,0,1682902928.13
WithPD,31,1682902899363689216,50.0,50.0,1682902899363689216,0,0,1682902928.56
WithPD,32,1682902899384228864,50.0,50.0,1682902899384228864,0,0,1682902928.98
WithPD,33,1682902899404756992,50.0,50.0,1682902899404756992,0,0,1682902929.38
WithPD,34,1682902899425136384,50.0,50.0,1682902899425136384,0,0,1682902929.81
WithPD,35,1682902899445485056,50.0,50.0,1682902899445485056,0,0,1682902930.25
WithPD,35,1682902899445485056,50.0,50.0,1682902899445485056,0,0,1682902931.83
WithPD,36,1682902899465851904,50.0,50.0,1682902899465851904,0,0,1682902932.15
WithPD,37,1682902899486220544,50.0,50.0,1682902899486220544,0,0,1682902932.5
WithPD,38,1682902899506812928,50.0,50.0,1682902899506812928,0,0,1682902932.91
WithPD,39,1682902899527258368,50.0,50.0,1682902899527258368,0,0,1682902933.28
WithPD,40,1682902899547961856,50.0,50.0,1682902899547961856,0,0,1682902933.68
WithPD,40,1682902899547961856,50.0,50.0,1682902899547961856,0,0,1682902935.77
WithPD,41,1682902899568540672,50.0,50.0,1682902899568540672,0,0,1682902936.11
WithPD,42,1682902899589155072,50.0,50.0,1682902899589155072,0,0,1682902936.49
WithPD,43,1682902899609814784,50.0,50.0,1682902899609814784,0,0,1682902936.9
WithPD,44,1682902899630509824,50.0,50.0,1682902899630509824,0,0,1682902937.29
WithPD,45,1682902899651017728,50.0,50.0,1682902899651017728,0,0,1682902937.71
WithPD,45,1682902899651017728,50.0,50.0,1682902899651017728,0,0,1682902939.8
WithPD,46,1682902899671488512,50.0,50.0,1682902899671488512,0,0,1682902940.11
WithPD,47,1682902899692183040,50.0,50.0,1682902899692183040,0,0,1682902940.44
WithPD,48,1682902899712638464,50.0,50.0,1682902899712638464,0,0,1682902940.84
WithPD,49,1682902899733204736,50.0,50.0,1682902899733204736,0,0,1682902941.22
WithPD,50,1682902899753859584,50.0,50.0,1682902899753859584,0,0,1682902941.67
WithPD,50,1682902899753859584,50.0,50.0,1682902899753859584,0,0,1682902943.77
WithPD,51,1682902899774640640,50.0,50.0,1682902899774640640,0,0,1682902944.07
WithPD,52,1682902899795251200,50.0,50.0,1682902899795251200,0,0,1682902944.42
WithPD,52,1682902899795251200,50.0,50.0,1682902899795251200,0,0,1682902946.55
WithPD,53,1682902899816047104,50.0,50.0,1682902899816047104,0,0,1682902946.86
WithPD,54,1682902899836664832,50.0,50.0,1682902899836664832,0,0,1682902947.26
WithPD,54,1682902899836664832,50.0,50.0,1682902899836664832,0,0,1682902948.85
WithPD,55,1682902899857213696,50.0,50.0,1682902899857213696,0,0,1682902949.15
WithPD,56,1682902899877830144,50.0,50.0,1682902899877830144,0,0,1682902949.52
WithPD,57,1682902899898307584,50.0,50.0,1682902899898307584,0,0,1682902949.91
WithPD,58,1682902899918948864,50.0,50.0,1682902899918948864,0,0,1682902950.33
WithPD,59,1682902899939419136,50.0,50.0,1682902899939419136,0,0,1682902950.74
WithPD,60,1682902899960002816,50.0,50.0,1682902899960002816,0,0,1682902951.14
WithPD,61,1682902899980477440,50.0,50.0,1682902899980477440,0,0,1682902951.59
WithPD,62,1682902900000926208,50.0,50.0,1682902900000926208,0,0,1682902952.01
WithPD,63,1682902900021425664,50.0,50.0,1682902900021425664,0,0,1682902952.45
WithPD,63,1682902900021425664,50.0,50.0,1682902900021425664,0,0,1682902954.56
WithPD,64,1682902900041956352,50.0,50.0,1682902900041956352,0,0,1682902954.88
WithPD,65,1682902900062406912,50.0,50.0,1682902900062406912,0,0,1682902955.25
WithPD,66,1682902900082931712,50.0,50.0,1682902900082931712,0,0,1682902955.64
WithPD,67,1682902900103552512,50.0,50.0,1682902900103552512,0,0,1682902956.08
WithPD,68,1682902900124813824,50.0,50.0,1682902900124813824,0,0,1682902956.48
WithPD,69,1682902900145528576,50.0,50.0,1682902900145528576,0,0,1682902956.87
WithPD,70,1682902900166221056,50.0,50.0,1682902900166221056,0,0,1682902957.29
WithPD,71,1682902900186741760,50.0,50.0,1682902900186741760,0,0,1682902957.75
WithPD,72,1682902900207132672,50.0,50.0,1682902900207132672,0,0,1682902958.19
WithPD,73,1682902900227559936,50.0,50.0,1682902900227559936,0,0,1682902958.61
WithPD,73,1682902900227559936,50.0,50.0,1682902900227559936,0,0,1682902960.71
WithPD,73,1682902900227559936,50.0,50.0,1682902900227559936,0,0,1682902962.8
WithPD,74,1682902900247992320,50.0,50.0,1682902900247992320,0,0,1682902963.1
WithPD,75,1682902900268369408,50.0,50.0,1682902900268369408,0,0,1682902963.46
WithPD,75,1682902900268369408,50.0,50.0,1682902900268369408,0,0,1682902965.06
WithPD,76,1682902900288788992,50.0,50.0,1682902900288788992,0,0,1682902965.41
WithPD,77,1682902900309185536,50.0,50.0,1682902900309185536,0,0,1682902965.75
WithPD,77,1682902900309185536,50.0,50.0,1682902900309185536,0,0,1682902967.35
WithPD,78,1682902900329615616,50.0,50.0,1682902900329615616,0,0,1682902967.68
WithPD,79,1682902900349968384,50.0,50.0,1682902900349968384,0,0,1682902968.04
WithPD,79,1682902900349968384,50.0,50.0,1682902900349968384,0,0,1682902969.67
WithPD,80,1682902900370366976,50.0,50.0,1682902900370366976,0,0,1682902969.98
WithPD,80,1682902900370366976,50.0,50.0,1682902900370366976,0,0,1682902972.09
WithPD,80,1682902900370366976,50.0,50.0,1682902900370366976,0,0,1682902973.73
WithPD,81,1682902900390717184,50.0,50.0,1682902900390717184,0,0,1682902974.05
WithPD,82,1682902900411050496,50.0,50.0,1682902900411050496,0,0,1682902974.41
WithPD,83,1682902900431433728,50.0,50.0,1682902900431433728,0,0,1682902974.83
WithPD,84,1682902900451933952,50.0,50.0,1682902900451933952,0,0,1682902975.26
WithPD,85,1682902900472353792,50.0,50.0,1682902900472353792,0,0,1682902975.67
WithPD,85,1682902900472353792,50.0,50.0,1682902900472353792,0,0,1682902977.77
WithPD,86,1682902900492705280,50.0,50.0,1682902900492705280,0,0,1682902978.07
WithPD,87,1682902900513041152,50.0,50.0,1682902900513041152,0,0,1682902978.43
WithPD,88,1682902900533426176,50.0,50.0,1682902900533426176,0,0,1682902978.81
WithPD,89,1682902900553771776,50.0,50.0,1682902900553771776,0,0,1682902979.21
WithPD,90,1682902900574198784,50.0,50.0,1682902900574198784,0,0,1682902979.64
WithPD,91,1682902900594612736,50.0,50.0,1682902900594612736,0,0,1682902980.07
WithPD,92,1682902900614966272,50.0,50.0,1682902900614966272,0,0,1682902980.47
WithPD,93,1682902900635367680,50.0,50.0,1682902900635367680,0,0,1682902980.85
WithPD,94,1682902900655768320,50.0,50.0,1682902900655768320,0,0,1682902981.27
WithPD,94,1682902900655768320,50.0,50.0,1682902900655768320,0,0,1682902982.9
WithPD,95,1682902900676432640,50.0,50.0,1682902900676432640,0,0,1682902983.22
WithPD,96,1682902900696936704,50.0,50.0,1682902900696936704,0,0,1682902983.57
WithPD,97,1682902900717421056,50.0,50.0,1682902900717421056,0,0,1682902983.97
WithPD,98,1682902900737911808,50.0,50.0,1682902900737911808,0,0,1682902984.39
WithPD,99,1682902900758391296,50.0,50.0,1682902900758391296,0,0,1682902984.8
WithPD,100,1682902900778891264,50.0,50.0,1682902900778891264,0,0,1682902985.18
WithPD,101,1682902900799396352,50.0,50.0,1682902900799396352,0,0,1682902985.59
WithPD,102,1682902900819931392,50.0,50.0,1682902900819931392,0,0,1682902985.98
WithPD,102,1682902900819931392,50.0,50.0,1682902900819931392,0,0,1682902988.05
WithPD,103,1682902900840305152,50.0,50.0,1682902900840305152,0,0,1682902988.41
WithPD,104,1682902900860660480,50.0,50.0,1682902900860660480,0,0,1682902988.77
WithPD,104,1682902900860660480,50.0,50.0,1682902900860660480,0,0,1682902990.41
WithPD,105,1682902900881188608,50.0,50.0,1682902900881188608,0,0,1682902990.71
WithPD,106,1682902900901750016,50.0,50.0,1682902900901750016,0,0,1682902991.04
WithPD,107,1682902900922269952,50.0,50.0,1682902900922269952,0,0,1682902991.44
WithPD,108,1682902900942781952,50.0,50.0,1682902900942781952,0,0,1682902991.85
WithPD,109,1682902900963860224,50.0,50.0,1682902900963860224,0,0,1682902992.28
WithPD,109,1682902900963860224,50.0,50.0,1682902900963860224,0,0,1682902993.87
WithPD,110,1682902900984526592,50.0,50.0,1682902900984526592,0,0,1682902994.19
WithPD,111,1682902901005309696,50.0,50.0,1682902901005309696,0,0,1682902994.55
WithPD,112,1682902901026255616,50.0,50.0,1682902901026255616,0,0,1682902994.97
WithPD,112,1682902901026255616,50.0,50.0,1682902901026255616,0,0,1682902996.54
WithPD,113,1682902901047024128,50.0,50.0,1682902901047024128,0,0,1682902996.85
WithPD,114,1682902901068086272,50.0,50.0,1682902901068086272,0,0,1682902997.17
WithPD,115,1682902901088891904,50.0,50.0,1682902901088891904,0,0,1682902997.59
WithPD,116,1682902901109645312,50.0,50.0,1682902901109645312,0,0,1682902998.0
WithPD,117,1682902901130464512,50.0,50.0,1682902901130464512,0,0,1682902998.41
WithPD,118,1682902901151147520,50.0,50.0,1682902901151147520,0,0,1682902998.8
WithPD,119,1682902901171963392,50.0,50.0,1682902901171963392,0,0,1682902999.23
WithPD,120,1682902901192740864,50.0,50.0,1682902901192740864,0,0,1682902999.64
WithPD,121,1682902901213506560,50.0,50.0,1682902901213506560,0,0,1682903000.03
WithPD,122,1682902901234267392,50.0,50.0,1682902901234267392,0,0,1682903000.4
WithPD,123,1682902901255048704,50.0,50.0,1682902901255048704,0,0,1682903000.84
WithPD,123,1682902901255048704,50.0,50.0,1682902901255048704,0,0,1682903002.42
WithPD,124,1682902901275931904,50.0,50.0,1682902901275931904,0,0,1682903002.71
WithPD,125,1682902901296705280,50.0,50.0,1682902901296705280,0,0,1682903003.08
WithPD,126,1682902901317432832,50.0,50.0,1682902901317432832,0,0,1682903003.47
WithPD,127,1682902901338208000,50.0,50.0,1682902901338208000,0,0,1682903003.89
WithPD,127,1682902901338208000,50.0,50.0,1682902901338208000,0,0,1682903005.95
WithPD,128,1682902901358909184,50.0,50.0,1682902901358909184,0,0,1682903008.37
WithPD,129,1682902901380062720,50.0,50.0,1682902901380062720,0,0,1682903008.69
WithPD,130,1682902901400918016,50.0,50.0,1682902901400918016,0,0,1682903009.07
WithPD,131,1682902901421708544,50.0,50.0,1682902901421708544,0,0,1682903009.43
WithPD,132,1682902901442430464,50.0,50.0,1682902901442430464,0,0,1682903009.84
WithPD,133,1682902901463232256,50.0,50.0,1682902901463232256,0,0,1682903010.26
WithPD,134,1682902901484088832,50.0,50.0,1682902901484088832,0,0,1682903010.69
WithPD,134,1682902901484088832,50.0,50.0,1682902901484088832,0,0,1682903012.77
WithPD,134,1682902901484088832,50.0,50.0,1682902901484088832,0,0,1682903014.9
WithPD,135,1682902901504875776,50.0,50.0,1682902901504875776,0,0,1682903015.22
WithPD,136,1682902901525665536,50.0,50.0,1682902901525665536,0,0,1682903015.6
WithPD,137,1682902901546447872,50.0,50.0,1682902901546447872,0,0,1682903016.0
WithPD,138,1682902901567270656,50.0,50.0,1682902901567270656,0,0,1682903016.42
WithPD,138,1682902901567270656,50.0,50.0,1682902901567270656,0,0,1682903018.03
WithPD,139,1682902901588167936,50.0,50.0,1682902901588167936,0,0,1682903018.36
WithPD,140,1682902901608964864,50.0,50.0,1682902901608964864,0,0,1682903018.71
WithPD,141,1682902901629741056,50.0,50.0,1682902901629741056,0,0,1682903019.09
WithPD,142,1682902901650516992,50.0,50.0,1682902901650516992,0,0,1682903019.52
WithPD,142,1682902901650516992,50.0,50.0,1682902901650516992,0,0,1682903021.16
WithPD,143,1682902901671323136,50.0,50.0,1682902901671323136,0,0,1682903021.44
WithPD,143,1682902901671323136,50.0,50.0,1682902901671323136,0,0,1682903023.03
WithPD,144,1682902901692197376,50.0,50.0,1682902901692197376,0,0,1682903023.38
WithPD,145,1682902901712887808,50.0,50.0,1682902901712887808,0,0,1682903023.77
WithPD,146,1682902901734642944,50.0,50.0,1682902901734642944,0,0,1682903024.16
WithPD,147,1682902901755435264,50.0,50.0,1682902901755435264,0,0,1682903024.56
WithPD,148,1682902901776271872,50.0,50.0,1682902901776271872,0,0,1682903025.0
WithPD,149,1682902901797090304,50.0,50.0,1682902901797090304,0,0,1682903025.44
WithPD,150,1682902901817861632,50.0,50.0,1682902901817861632,0,0,1682903025.84
WithPD,150,1682902901817861632,50.0,50.0,1682902901817861632,0,0,1682903027.93
WithPD,151,1682902901838639104,50.0,50.0,1682902901838639104,0,0,1682903028.28
WithPD,151,1682902901838639104,50.0,50.0,1682902901838639104,0,0,1682903029.91
WithPD,152,1682902901859430912,50.0,50.0,1682902901859430912,0,0,1682903030.25
WithPD,152,1682902901859430912,50.0,50.0,1682902901859430912,0,0,1682903032.37
WithPD,153,1682902901880281088,50.0,50.0,1682902901880281088,0,0,1682903032.69
WithPD,154,1682902901901105152,50.0,50.0,1682902901901105152,0,0,1682903033.04
WithPD,155,1682902901921858560,50.0,50.0,1682902901921858560,0,0,1682903033.49
WithPD,156,1682902901942621696,50.0,50.0,1682902901942621696,0,0,1682903033.92
WithPD,156,1682902901942621696,50.0,50.0,1682902901942621696,0,0,1682903035.52
WithPD,157,1682902901963314688,50.0,50.0,1682902901963314688,0,0,1682903035.82
WithPD,158,1682902901984144128,50.0,50.0,1682902901984144128,0,0,1682903036.17
WithPD,159,1682902902004937216,50.0,50.0,1682902902004937216,0,0,1682903036.58
WithPD,159,1682902902004937216,50.0,50.0,1682902902004937216,0,0,1682903038.69
WithPD,160,1682902902025728000,50.0,50.0,1682902902025728000,0,0,1682903039.0
WithPD,161,1682902902046547200,50.0,50.0,1682902902046547200,0,0,1682903039.36
WithPD,162,1682902902067374592,50.0,50.0,1682902902067374592,0,0,1682903039.75
WithPD,163,1682902902088295168,50.0,50.0,1682902902088295168,0,0,1682903040.17
WithPD,163,1682902902088295168,50.0,50.0,1682902902088295168,0,0,1682903042.27
WithPD,164,1682902902109107968,50.0,50.0,1682902902109107968,0,0,1682903042.57
WithPD,165,1682902902130089216,50.0,50.0,1682902902130089216,0,0,1682903042.91
WithPD,166,1682902902150931712,50.0,50.0,1682902902150931712,0,0,1682903043.28
WithPD,167,1682902902171794944,50.0,50.0,1682902902171794944,0,0,1682903043.71
WithPD,167,1682902902171794944,50.0,50.0,1682902902171794944,0,0,1682903045.29
WithPD,168,1682902902192684288,50.0,50.0,1682902902192684288,0,0,1682903045.59
WithPD,169,1682902902213521920,50.0,50.0,1682902902213521920,0,0,1682903045.97
WithPD,170,1682902902234343168,50.0,50.0,1682902902234343168,0,0,1682903048.49
WithPD,171,1682902902255169792,50.0,50.0,1682902902255169792,0,0,1682903048.81
WithPD,172,1682902902275993856,50.0,50.0,1682902902275993856,0,0,1682903049.19
WithPD,173,1682902902296824320,50.0,50.0,1682902902296824320,0,0,1682903049.59
WithPD,174,1682902902317507584,50.0,50.0,1682902902317507584,0,0,1682903050.0
WithPD,175,1682902902338300160,50.0,50.0,1682902902338300160,0,0,1682903050.41
WithPD,176,1682902902359223552,50.0,50.0,1682902902359223552,0,0,1682903050.81
WithPD,177,1682902902380050176,50.0,50.0,1682902902380050176,0,0,1682903051.25
WithPD,177,1682902902380050176,50.0,50.0,1682902902380050176,0,0,1682903052.84
WithPD,178,1682902902401389824,50.0,50.0,1682902902401389824,0,0,1682903053.14
WithPD,179,1682902902422255360,50.0,50.0,1682902902422255360,0,0,1682903053.52
WithPD,180,1682902902443022080,50.0,50.0,1682902902443022080,0,0,1682903053.93
WithPD,181,1682902902463892992,50.0,50.0,1682902902463892992,0,0,1682903054.35
WithPD,182,1682902902484728320,50.0,50.0,1682902902484728320,0,0,1682903054.78
WithPD,182,1682902902484728320,50.0,50.0,1682902902484728320,0,0,1682903056.39
WithPD,183,1682902902505555456,50.0,50.0,1682902902505555456,0,0,1682903056.73
WithPD,184,1682902902526340096,50.0,50.0,1682902902526340096,0,0,1682903057.12
WithPD,184,1682902902526340096,50.0,50.0,1682902902526340096,0,0,1682903059.22
WithPD,185,1682902902547123200,50.0,50.0,1682902902547123200,0,0,1682903059.51
WithPD,186,1682902902568238080,50.0,50.0,1682902902568238080,0,0,1682903059.86
WithPD,187,1682902902589040896,50.0,50.0,1682902902589040896,0,0,1682903060.3
WithPD,189,1682902902630658048,50.0,50.0,1682902902630658048,0,0,1682903061.12
WithPD,190,1682902902651453696,50.0,50.0,1682902902651453696,0,0,1682903061.51
WithPD,190,1682902902651453696,50.0,50.0,1682902902651453696,0,0,1682903063.61
WithPD,191,1682902902672323328,50.0,50.0,1682902902672323328,0,0,1682903063.95
WithPD,192,1682902902693116160,50.0,50.0,1682902902693116160,0,0,1682903064.32
WithPD,193,1682902902713817344,50.0,50.0,1682902902713817344,0,0,1682903064.72
WithPD,194,1682902902734577408,50.0,50.0,1682902902734577408,0,0,1682903065.13
WithPD,195,1682902902755387648,50.0,50.0,1682902902755387648,0,0,1682903065.56
WithPD,196,1682902902776229376,50.0,50.0,1682902902776229376,0,0,1682903066.0
WithPD,197,1682902902797029632,50.0,50.0,1682902902797029632,0,0,1682903066.4
WithPD,198,1682902902817811456,50.0,50.0,1682902902817811456,0,0,1682903066.83
WithPD,198,1682902902817811456,50.0,50.0,1682902902817811456,0,0,1682903068.41
WithPD,199,1682902902838603264,50.0,50.0,1682902902838603264,0,0,1682903068.71
WithPD,200,1682902902859402496,50.0,50.0,1682902902859402496,0,0,1682903069.05
WithPD,201,1682902902880312576,50.0,50.0,1682902902880312576,0,0,1682903069.43
WithPD,201,1682902902880312576,50.0,50.0,1682902902880312576,0,0,1682903071.04
WithPD,202,1682902902901070592,50.0,50.0,1682902902901070592,0,0,1682903071.34
WithPD,203,1682902902921878016,50.0,50.0,1682902902921878016,0,0,1682903071.69
WithPD,203,1682902902921878016,50.0,50.0,1682902902921878016,0,0,1682903073.79
WithPD,204,1682902902942573568,50.0,50.0,1682902902942573568,0,0,1682903074.07
WithPD,205,1682902902963355904,50.0,50.0,1682902902963355904,0,0,1682903074.45
WithPD,206,1682902902984273408,50.0,50.0,1682902902984273408,0,0,1682903074.84
WithPD,206,1682902902984273408,50.0,50.0,1682902902984273408,0,0,1682903076.94
WithPD,207,1682902903005061376,50.0,50.0,1682902903005061376,0,0,1682903077.3
WithPD,208,1682902903025869312,50.0,50.0,1682902903025869312,0,0,1682903077.66
WithPD,209,1682902903046648064,50.0,50.0,1682902903046648064,0,0,1682903078.06
