WithPD,0,1691698675621659136,0,0,0,1,1,1691698678.36
WithPD,1,1691698676262091008,0,0,0,1,1,1691698678.68
WithPD,2,1691698676812395520,0,0,0,1,1,1691698678.96
WithPD,4,1691698677910296832,22.0,51.0,1691698677363244544,1,0,1691698681.72
WithPD,5,1691698678459602176,22.0,51.0,1691698677363244544,1,0,1691698682.05
WithPD,6,1691698679009168640,22.0,49.0,1691698679009168640,0,0,1691698682.38
WithPD,8,1691698680105475584,22.0,49.0,1691698679009168640,1,0,1691698683.02
WithPD,10,1691698681207753984,22.0,49.0,1691698679009168640,1,0,1691698683.64
WithPD,11,1691698681757330688,22.0,49.0,1691698679009168640,1,0,1691698683.91
WithPD,12,1691698682306691072,22.0,49.0,1691698679009168640,1,0,1691698684.25
WithPD,14,1691698683402814464,22.0,49.0,1691698679009168640,1,0,1691698684.95
WithPD,15,1691698683952090880,22.0,49.0,1691698679009168640,1,0,1691698685.31
WithPD,15,1691698683952090880,22.0,49.0,1691698679009168640,1,0,1691698687.44
WithPD,17,1691698685054426624,22.0,49.0,1691698679009168640,1,0,1691698687.98
WithPD,21,1691698687255875840,22.0,49.0,1691698679009168640,1,0,1691698690.71
WithPD,22,1691698687802705920,22.0,49.0,1691698679009168640,1,0,1691698691.01
WithPD,23,1691698688352108032,22.0,49.0,1691698679009168640,1,0,1691698691.33
WithPD,25,1691698689448462848,23.0,49.0,1691698688901797120,1,0,1691698691.95
WithPD,26,1691698689998436352,23.0,49.0,1691698688901797120,1,0,1691698692.34
WithPD,28,1691698691094716672,23.0,49.0,1691698690547654912,1,0,1691698692.99
WithPD,29,1691698691644001280,23.0,49.0,1691698690547654912,1,0,1691698693.37
WithPD,31,1691698692740103168,23.0,49.0,1691698690547654912,1,0,1691698694.06
WithPD,34,1691698694392203008,23.0,49.0,1691698690547654912,1,0,1691698695.13
WithPD,35,1691698694941675264,23.0,49.0,1691698690547654912,1,0,1691698695.55
WithPD,37,1691698696037782528,23.0,49.0,1691698690547654912,1,0,1691698696.65
WithPD,42,1691698698789257728,23.0,49.0,1691698698789257728,0,0,1691698699.39
WithPD,43,1691698699335786240,23.0,49.0,1691698698789257728,1,0,1691698699.94
WithPD,44,1691698699885446144,23.0,49.0,1691698698789257728,1,0,1691698700.49
WithPD,45,1691698700434902016,23.0,49.0,1691698698789257728,1,0,1691698701.04
WithPD,47,1691698701530940416,23.0,49.0,1691698698789257728,1,0,1691698702.15
WithPD,48,1691698702080580352,23.0,49.0,1691698698789257728,1,0,1691698702.7
WithPD,49,1691698702633877248,23.0,49.0,1691698698789257728,1,0,1691698703.24
WithPD,52,1691698704279885312,23.0,49.0,1691698703732921600,1,0,1691698704.9
WithPD,53,1691698704829609984,23.0,49.0,1691698703732921600,1,0,1691698705.43
WithPD,55,1691698705925665536,23.0,49.0,1691698703732921600,1,0,1691698706.52
WithPD,56,1691698706475322112,23.0,49.0,1691698703732921600,1,0,1691698707.07
WithPD,56,1691698706475322112,23.0,49.0,1691698703732921600,1,0,1691698708.86
WithPD,57,1691698707024988416,23.0,49.0,1691698703732921600,1,0,1691698711.17
WithPD,59,1691698708121502208,23.0,49.0,1691698703732921600,1,0,1691698712.13
WithPD,62,1691698709766950912,23.0,49.0,1691698703732921600,1,0,1691698715.32
WithPD,63,1691698710317439744,23.0,49.0,1691698703732921600,1,0,1691698715.8
WithPD,64,1691698710864264704,23.0,49.0,1691698703732921600,1,0,1691698716.35
WithPD,64,1691698710864264704,23.0,49.0,1691698703732921600,1,0,1691698717.76
WithPD,65,1691698711414396160,23.0,49.0,1691698703732921600,1,0,1691698718.09
WithPD,66,1691698711963714816,23.0,49.0,1691698703732921600,1,0,1691698718.37
WithPD,67,1691698712510841856,23.0,49.0,1691698703732921600,1,0,1691698718.69
WithPD,67,1691698712510841856,23.0,49.0,1691698703732921600,1,0,1691698720.3
WithPD,70,1691698714156853760,23.0,49.0,1691698703732921600,1,0,1691698721.09
WithPD,71,1691698714706339840,23.0,49.0,1691698703732921600,1,0,1691698721.41
WithPD,73,1691698715802894080,23.0,49.0,1691698703732921600,1,0,1691698722.03
WithPD,75,1691698716901639168,23.0,49.0,1691698703732921600,1,0,1691698722.67
WithPD,76,1691698717454862336,23.0,49.0,1691698703732921600,1,0,1691698723.04
WithPD,77,1691698718004147456,23.0,49.0,1691698703732921600,1,0,1691698723.39
WithPD,79,1691698719100478976,23.0,49.0,1691698703732921600,1,0,1691698724.09
WithPD,80,1691698719649798656,23.0,49.0,1691698703732921600,1,0,1691698724.42
WithPD,82,1691698720746284032,23.0,49.0,1691698720199166720,1,0,1691698725.14
WithPD,83,1691698721295712512,23.0,49.0,1691698720199166720,1,0,1691698725.5
WithPD,84,1691698721845233920,23.0,49.0,1691698721845233920,0,0,1691698725.88
WithPD,87,1691698723490651136,23.0,49.0,1691698721845233920,1,0,1691698726.96
WithPD,88,1691698724043854336,23.0,49.0,1691698721845233920,1,0,1691698727.34
WithPD,90,1691698725143016960,23.0,49.0,1691698721845233920,1,0,1691698728.08
WithPD,91,1691698725689734656,23.0,49.0,1691698721845233920,1,0,1691698728.45
WithPD,93,1691698726788845568,23.0,49.0,1691698721845233920,1,0,1691698729.23
WithPD,94,1691698727342084864,23.0,49.0,1691698721845233920,1,0,1691698729.59
WithPD,95,1691698727891449344,23.0,49.0,1691698721845233920,1,0,1691698729.96
WithPD,96,1691698728441318656,23.0,49.0,1691698721845233920,1,0,1691698730.38
WithPD,97,1691698728988060160,23.0,49.0,1691698721845233920,1,0,1691698730.75
WithPD,98,1691698729537630976,23.0,49.0,1691698721845233920,1,0,1691698731.12
WithPD,99,1691698730087111936,23.0,49.0,1691698721845233920,1,0,1691698731.48
WithPD,100,1691698730640186624,23.0,49.0,1691698721845233920,1,0,1691698733.34
WithPD,102,1691698731738951680,23.0,49.0,1691698721845233920,1,0,1691698733.89
WithPD,105,1691698733390851072,23.0,49.0,1691698733390851072,0,0,1691698734.86
WithPD,106,1691698733938535168,23.0,49.0,1691698733390851072,1,0,1691698735.21
WithPD,107,1691698734487868928,23.0,49.0,1691698733390851072,1,0,1691698735.55
WithPD,108,1691698735038047232,23.0,49.0,1691698735038047232,0,0,1691698735.88
WithPD,109,1691698735585672704,23.0,49.0,1691698735038047232,1,0,1691698736.25
WithPD,110,1691698736134886656,23.0,49.0,1691698735038047232,1,0,1691698736.75
WithPD,112,1691698737231858688,23.0,49.0,1691698735038047232,1,0,1691698737.84
WithPD,113,1691698737781475328,23.0,49.0,1691698735038047232,1,0,1691698738.39
WithPD,114,1691698738330667520,23.0,49.0,1691698735038047232,1,0,1691698738.94
WithPD,115,1691698738877460992,23.0,49.0,1691698735038047232,1,0,1691698739.48
WithPD,116,1691698739426873600,23.0,49.0,1691698735038047232,1,0,1691698740.05
WithPD,117,1691698739976194304,23.0,49.0,1691698735038047232,1,0,1691698742.23
WithPD,118,1691698740523055360,23.0,49.0,1691698735038047232,1,0,1691698742.52
WithPD,119,1691698741072249600,23.0,49.0,1691698735038047232,1,0,1691698742.81
WithPD,121,1691698742169416192,23.0,49.0,1691698741622573312,1,0,1691698743.39
WithPD,122,1691698742718652160,23.0,49.0,1691698741622573312,1,0,1691698743.67
WithPD,123,1691698743268281344,23.0,49.0,1691698741622573312,1,0,1691698743.99
WithPD,124,1691698743815106048,23.0,49.0,1691698741622573312,1,0,1691698744.42
WithPD,125,1691698744365215744,23.0,49.0,1691698741622573312,1,0,1691698744.96
WithPD,126,1691698744914711040,23.0,49.0,1691698741622573312,1,0,1691698745.52
WithPD,127,1691698745461434112,23.0,49.0,1691698741622573312,1,0,1691698746.08
WithPD,128,1691698746010783488,23.0,49.0,1691698741622573312,1,0,1691698746.63
WithPD,129,1691698746560275968,23.0,49.0,1691698741622573312,1,0,1691698747.18
WithPD,132,1691698748206643968,23.0,49.0,1691698748206643968,0,0,1691698748.82
WithPD,134,1691698749303430912,23.0,49.0,1691698748206643968,1,0,1691698749.92
WithPD,135,1691698749852859648,23.0,49.0,1691698748206643968,1,0,1691698750.47
WithPD,136,1691698750406202368,23.0,49.0,1691698748206643968,1,0,1691698751.02
WithPD,137,1691698750955564288,23.0,49.0,1691698748206643968,1,0,1691698751.58
WithPD,138,1691698751505147392,23.0,49.0,1691698748206643968,1,0,1691698752.11
WithPD,141,1691698753157382912,23.0,49.0,1691698748206643968,1,0,1691698753.78
WithPD,142,1691698753710555648,23.0,49.0,1691698748206643968,1,0,1691698754.31
WithPD,143,1691698754260536576,23.0,49.0,1691698748206643968,1,0,1691698754.87
WithPD,147,1691698756455453952,23.0,49.0,1691698754809851648,1,0,1691698757.06
WithPD,151,1691698758648922368,23.0,49.0,1691698754809851648,1,0,1691698759.26
WithPD,153,1691698759747633408,23.0,49.0,1691698754809851648,1,0,1691698760.35
WithPD,156,1691698761393632512,23.0,49.0,1691698754809851648,1,0,1691698761.99
WithPD,156,1691698761393632512,23.0,49.0,1691698754809851648,1,0,1691698764.12
WithPD,157,1691698761940737024,23.0,49.0,1691698754809851648,1,0,1691698764.42
WithPD,158,1691698762490739456,23.0,49.0,1691698754809851648,1,0,1691698764.75
WithPD,159,1691698763039971328,23.0,49.0,1691698763039971328,0,0,1691698765.08
WithPD,163,1691698765239802880,23.0,49.0,1691698763039971328,1,0,1691698766.3
WithPD,164,1691698765789419776,23.0,49.0,1691698763039971328,1,0,1691698766.66
WithPD,165,1691698766338750976,23.0,49.0,1691698763039971328,1,0,1691698767.0
WithPD,167,1691698767441895424,23.0,49.0,1691698763039971328,1,0,1691698768.05
WithPD,168,1691698767991187456,23.0,49.0,1691698763039971328,1,0,1691698768.61
WithPD,172,1691698770190393600,23.0,49.0,1691698763039971328,1,0,1691698771.93
WithPD,173,1691698770739574016,23.0,49.0,1691698763039971328,1,0,1691698772.26
WithPD,173,1691698770739574016,23.0,49.0,1691698763039971328,1,0,1691698773.88
WithPD,175,1691698771842313472,23.0,49.0,1691698763039971328,1,0,1691698774.48
WithPD,176,1691698772391570944,23.0,49.0,1691698763039971328,1,0,1691698774.84
WithPD,176,1691698772391570944,23.0,49.0,1691698763039971328,1,0,1691698776.45
WithPD,177,1691698772941170176,23.0,49.0,1691698763039971328,1,0,1691698776.72
WithPD,178,1691698773487984384,23.0,49.0,1691698763039971328,1,0,1691698777.01
WithPD,179,1691698774037807360,23.0,49.0,1691698763039971328,1,0,1691698777.3
WithPD,181,1691698775134835712,23.0,49.0,1691698774587325440,1,0,1691698777.96
WithPD,181,1691698775134835712,23.0,49.0,1691698774587325440,1,0,1691698780.12
WithPD,182,1691698775684172032,23.0,49.0,1691698774587325440,1,0,1691698782.05
WithPD,183,1691698776233751296,23.0,49.0,1691698776233751296,0,0,1691698782.35
WithPD,184,1691698776781175040,23.0,49.0,1691698776233751296,1,0,1691698782.65
WithPD,185,1691698777330455552,23.0,49.0,1691698776233751296,1,0,1691698782.98
WithPD,186,1691698777879668736,23.0,49.0,1691698777879668736,0,0,1691698783.3
WithPD,187,1691698778427102976,23.0,49.0,1691698777879668736,1,0,1691698783.62
WithPD,188,1691698778976474880,23.0,49.0,1691698777879668736,1,0,1691698784.0
WithPD,191,1691698780622248704,23.0,49.0,1691698777879668736,1,0,1691698784.99
WithPD,192,1691698781171627520,23.0,49.0,1691698777879668736,1,0,1691698785.38
WithPD,193,1691698781718985728,23.0,49.0,1691698777879668736,1,0,1691698785.76
WithPD,194,1691698782268717056,23.0,49.0,1691698777879668736,1,0,1691698786.1
WithPD,195,1691698782818074880,23.0,49.0,1691698777879668736,1,0,1691698786.48
WithPD,197,1691698783920648448,23.0,49.0,1691698777879668736,1,0,1691698787.27
WithPD,198,1691698784470098432,23.0,49.0,1691698784470098432,0,0,1691698787.65
WithPD,199,1691698785016956160,23.0,49.0,1691698784470098432,1,0,1691698788.05
WithPD,200,1691698785566492672,23.0,49.0,1691698784470098432,1,0,1691698790.4
WithPD,201,1691698786115733248,23.0,49.0,1691698784470098432,1,0,1691698792.81
WithPD,202,1691698786662680832,23.0,49.0,1691698784470098432,1,0,1691698793.09
WithPD,203,1691698787212064768,23.0,49.0,1691698784470098432,1,0,1691698793.42
WithPD,204,1691698787761822464,23.0,49.0,1691698784470098432,1,0,1691698793.7
WithPD,205,1691698788308692480,23.0,49.0,1691698784470098432,1,0,1691698794.0
WithPD,206,1691698788858472704,23.0,49.0,1691698784470098432,1,0,1691698794.28
WithPD,207,1691698789407744256,23.0,49.0,1691698789407744256,0,0,1691698794.63
