WithPD,1,1683002121533082112,23.0,18.0,1683002120901922816,1,0,4,4,2
WithPD,2,1683002122083119104,23.0,18.0,1683002120901922816,1,0,7,7,3
WithPD,3,1683002122635533312,23.0,20.0,1683002122635533312,0,0,10,10,4
WithPD,4,1683002123182130944,23.0,20.0,1683002122635533312,1,0,13,13,5
WithPD,5,1683002123731479808,23.0,20.0,1683002122635533312,1,0,16,16,6
WithPD,6,1683002124280562944,23.0,20.0,1683002122635533312,1,0,19,19,7
WithPD,7,1683002124827683072,23.0,20.0,1683002122635533312,1,0,22,22,8
WithPD,8,1683002125377131008,23.0,20.0,1683002122635533312,1,0,25,25,9
WithPD,9,1683002125926307328,23.0,18.0,1683002125926307328,0,0,28,28,10
WithPD,10,1683002126472843008,23.0,18.0,1683002125926307328,1,0,31,31,11
WithPD,11,1683002127022033408,23.0,18.0,1683002125926307328,1,0,34,34,12
WithPD,12,1683002127571390720,23.0,18.0,1683002125926307328,1,0,37,37,13
WithPD,13,1683002128118029312,23.0,18.0,1683002125926307328,1,0,40,40,14
WithPD,14,1683002128668076800,23.0,18.0,1683002125926307328,1,0,43,43,15
WithPD,15,1683002129217587456,23.0,18.0,1683002125926307328,1,0,46,46,16
WithPD,16,1683002129764053504,23.0,18.0,1683002125926307328,1,0,49,49,17
WithPD,17,1683002130313532672,23.0,18.0,1683002125926307328,1,0,52,52,18
WithPD,18,1683002130863398656,23.0,18.0,1683002130863398656,0,0,55,55,19
WithPD,19,1683002131410018304,23.0,18.0,1683002130863398656,1,0,58,58,20
WithPD,19,1683002131410018304,23.0,18.0,1683002130863398656,1,0,61,60,21
WithPD,20,1683002131959641600,23.0,18.0,1683002130863398656,1,0,64,63,22
WithPD,21,1683002132509218816,23.0,18.0,1683002130863398656,1,0,67,66,23
WithPD,22,1683002133055752704,23.0,18.0,1683002130863398656,1,0,70,69,24
WoutPD,0,This_is_noise_node0,73,72,25
WoutPD,1,This_is_noise_node1,74,73,26
WoutPD,2,This_is_noise_node2,75,74,27
WoutPD,3,This_is_noise_node3,76,75,28
WoutPD,4,This_is_noise_node4,77,76,29
WoutPD,5,This_is_noise_node5,78,77,30
WoutPD,6,This_is_noise_node6,79,78,31
WithPD,23,1683002133606254336,23.0,18.0,1683002130863398656,1,0,80,79,32
WoutPD,8,This_is_noise_node8,82,80,33
WoutPD,9,This_is_noise_node9,83,81,34
WoutPD,10,This_is_noise_node10,84,82,35
WoutPD,11,This_is_noise_node11,85,83,36
WoutPD,12,This_is_noise_node12,86,84,37
WoutPD,13,This_is_noise_node13,87,85,38
WoutPD,14,This_is_noise_node14,88,86,39
WoutPD,15,This_is_noise_node15,89,87,40
WoutPD,16,This_is_noise_node16,90,88,41
WoutPD,17,This_is_noise_node17,91,89,42
WoutPD,18,This_is_noise_node18,92,90,43
WoutPD,19,This_is_noise_node19,93,91,44
WoutPD,20,This_is_noise_node20,94,92,45
WoutPD,21,This_is_noise_node21,95,93,46
WoutPD,22,This_is_noise_node22,96,94,47
WoutPD,23,This_is_noise_node23,97,95,48
WoutPD,24,This_is_noise_node24,98,96,49
WoutPD,25,This_is_noise_node25,99,97,50
WoutPD,26,This_is_noise_node26,100,98,51
WoutPD,27,This_is_noise_node27,101,99,52
WoutPD,28,This_is_noise_node28,102,100,53
WoutPD,29,This_is_noise_node29,103,101,54
WoutPD,30,This_is_noise_node30,104,102,55
WoutPD,31,This_is_noise_node31,105,103,56
WoutPD,33,This_is_noise_node33,106,104,57
WoutPD,34,This_is_noise_node34,107,105,58
WoutPD,35,This_is_noise_node35,108,106,59
WoutPD,36,This_is_noise_node36,109,107,60
WoutPD,37,This_is_noise_node37,110,108,61
WoutPD,38,This_is_noise_node38,111,109,62
WoutPD,40,This_is_noise_node40,112,110,63
WoutPD,41,This_is_noise_node41,113,111,64
WoutPD,42,This_is_noise_node42,114,112,65
WoutPD,43,This_is_noise_node43,115,113,66
WoutPD,44,This_is_noise_node44,116,114,67
WoutPD,45,This_is_noise_node45,117,115,68
WoutPD,46,This_is_noise_node46,118,116,69
WoutPD,47,This_is_noise_node47,119,117,70
WoutPD,49,This_is_noise_node49,120,118,71
WithPD,23,1683002133606254336,23.0,18.0,1683002130863398656,1,0,121,119,72
WithPD,24,1683002134155189760,23.0,18.0,1683002130863398656,1,0,124,122,73
WithPD,25,1683002134708078592,23.0,18.0,1683002130863398656,1,0,127,125,74
WithPD,26,1683002135257731072,23.0,18.0,1683002130863398656,1,0,130,128,75
WithPD,27,1683002135806672896,23.0,18.0,1683002130863398656,1,0,133,131,76
WithPD,28,1683002136353153024,23.0,18.0,1683002130863398656,1,0,136,134,77
WithPD,29,1683002136902459392,23.0,18.0,1683002130863398656,1,0,139,137,78
WithPD,30,1683002137451825152,23.0,18.0,1683002130863398656,1,0,142,140,79
WithPD,31,1683002137999699712,23.0,18.0,1683002130863398656,1,0,145,143,80
WithPD,32,1683002138548976896,23.0,18.0,1683002130863398656,1,0,148,146,81
WithPD,33,1683002139098207232,23.0,18.0,1683002130863398656,1,0,151,149,82
WithPD,34,1683002139651436800,23.0,18.0,1683002130863398656,1,0,154,152,83
WithPD,35,1683002140200507136,23.0,18.0,1683002130863398656,1,0,157,155,84
WithPD,36,1683002140750337536,23.0,18.0,1683002140750337536,0,0,160,158,85
WithPD,37,1683002141297204736,23.0,18.0,1683002140750337536,1,0,163,161,86
WithPD,38,1683002141846560256,23.0,18.0,1683002140750337536,1,0,166,164,87
WithPD,39,1683002142395796992,23.0,18.0,1683002140750337536,1,0,169,167,88
WithPD,40,1683002142943839488,23.0,18.0,1683002140750337536,1,0,172,170,89
WithPD,41,1683002143493223168,23.0,18.0,1683002140750337536,1,0,175,173,90
WithPD,42,1683002144042190592,23.0,18.0,1683002144042190592,0,0,178,176,91
WithPD,43,1683002144589516288,23.0,18.0,1683002144042190592,1,0,181,179,92
WithPD,45,1683002145688082432,23.0,18.0,1683002145688082432,0,0,187,184,93
WithPD,46,1683002146235547904,23.0,18.0,1683002145688082432,1,0,190,187,94
WithPD,47,1683002146784891904,23.0,18.0,1683002145688082432,1,0,193,190,95
WoutPD,50,This_is_noise_node50,195,191,96
WoutPD,51,This_is_noise_node51,196,192,97
WoutPD,52,This_is_noise_node52,197,193,98
WoutPD,53,This_is_noise_node53,198,194,99
WoutPD,54,This_is_noise_node54,199,195,100
WoutPD,55,This_is_noise_node55,200,196,101
WoutPD,56,This_is_noise_node56,201,197,102
WoutPD,57,This_is_noise_node57,202,198,103
WoutPD,58,This_is_noise_node58,203,199,104
WoutPD,59,This_is_noise_node59,204,200,105
WoutPD,60,This_is_noise_node60,205,201,106
WoutPD,61,This_is_noise_node61,206,202,107
WoutPD,62,This_is_noise_node62,207,203,108
WoutPD,63,This_is_noise_node63,208,204,109
WoutPD,64,This_is_noise_node64,209,205,110
WoutPD,65,This_is_noise_node65,210,206,111
WoutPD,66,This_is_noise_node66,211,207,112
WoutPD,67,This_is_noise_node67,212,208,113
WoutPD,68,This_is_noise_node68,213,209,114
WoutPD,69,This_is_noise_node69,214,210,115
WoutPD,70,This_is_noise_node70,215,211,116
WoutPD,71,This_is_noise_node71,216,212,117
WoutPD,72,This_is_noise_node72,217,213,118
WoutPD,73,This_is_noise_node73,218,214,119
WoutPD,74,This_is_noise_node74,219,215,120
WoutPD,75,This_is_noise_node75,220,216,121
WoutPD,76,This_is_noise_node76,221,217,122
WoutPD,77,This_is_noise_node77,222,218,123
WoutPD,78,This_is_noise_node78,223,219,124
WoutPD,79,This_is_noise_node79,224,220,125
WoutPD,80,This_is_noise_node80,225,221,126
WoutPD,81,This_is_noise_node81,226,222,127
WoutPD,82,This_is_noise_node82,227,223,128
WoutPD,83,This_is_noise_node83,228,224,129
WoutPD,84,This_is_noise_node84,229,225,130
WoutPD,86,This_is_noise_node86,230,226,131
WoutPD,87,This_is_noise_node87,231,227,132
WoutPD,88,This_is_noise_node88,232,228,133
WithPD,47,1683002146784891904,23.0,18.0,1683002145688082432,1,0,233,229,134
WoutPD,102,This_is_noise_node102,236,231,135
WoutPD,103,This_is_noise_node103,237,232,136
WoutPD,104,This_is_noise_node104,238,233,137
WoutPD,105,This_is_noise_node105,239,234,138
WoutPD,106,This_is_noise_node106,240,235,139
WoutPD,107,This_is_noise_node107,241,236,140
WoutPD,108,This_is_noise_node108,242,237,141
WoutPD,109,This_is_noise_node109,243,238,142
WoutPD,110,This_is_noise_node110,244,239,143
WoutPD,111,This_is_noise_node111,245,240,144
WoutPD,112,This_is_noise_node112,246,241,145
WithPD,48,1683002147334284288,23.0,18.0,1683002147334284288,0,0,247,242,146
WoutPD,121,This_is_noise_node121,249,244,147
WoutPD,123,This_is_noise_node123,250,245,148
WoutPD,124,This_is_noise_node124,251,246,149
WoutPD,125,This_is_noise_node125,252,247,150
WoutPD,126,This_is_noise_node126,253,248,151
WoutPD,127,This_is_noise_node127,254,249,152
WoutPD,128,This_is_noise_node128,255,250,153
WoutPD,129,This_is_noise_node129,256,251,154
WoutPD,130,This_is_noise_node130,257,252,155
WoutPD,131,This_is_noise_node131,258,253,156
WoutPD,132,This_is_noise_node132,259,254,157
WoutPD,133,This_is_noise_node133,260,255,158
WithPD,49,1683002147881599232,23.0,18.0,1683002147334284288,1,0,262,256,159
WoutPD,144,This_is_noise_node144,264,258,160
WoutPD,145,This_is_noise_node145,265,259,161
WoutPD,146,This_is_noise_node146,266,260,162
WoutPD,147,This_is_noise_node147,267,261,163
WoutPD,148,This_is_noise_node148,268,262,164
WoutPD,149,This_is_noise_node149,269,263,165
WithPD,50,1683002148430675712,23.0,18.0,1683002147334284288,1,0,271,265,166
WithPD,51,1683002148980033024,23.0,18.0,1683002148980033024,0,0,274,268,167
WithPD,52,1683002149527754240,23.0,18.0,1683002148980033024,1,0,277,271,168
WithPD,53,1683002150077051904,23.0,18.0,1683002148980033024,1,0,280,274,169
WithPD,54,1683002150626151936,23.0,18.0,1683002148980033024,1,0,283,277,170
WithPD,55,1683002151179106048,23.0,18.0,1683002148980033024,1,0,286,280,171
WithPD,56,1683002151728064768,23.0,18.0,1683002148980033024,1,0,289,283,172
WithPD,57,1683002152277179136,23.0,18.0,1683002148980033024,1,0,292,286,173
WithPD,58,1683002152830175488,23.0,18.0,1683002148980033024,1,0,295,289,174
WithPD,59,1683002153379331072,23.0,18.0,1683002148980033024,1,0,298,292,175
WithPD,60,1683002153928395520,23.0,18.0,1683002148980033024,1,0,301,295,176
WithPD,61,1683002154474883584,23.0,18.0,1683002148980033024,1,0,304,298,177
WithPD,62,1683002155023939584,23.0,18.0,1683002148980033024,1,0,307,301,178
WithPD,63,1683002155573526528,23.0,18.0,1683002155573526528,0,0,310,304,179
WithPD,64,1683002156120104704,23.0,18.0,1683002155573526528,1,0,313,307,180
WithPD,65,1683002156669523712,23.0,18.0,1683002155573526528,1,0,316,310,181
WithPD,66,1683002157218411264,23.0,18.0,1683002155573526528,1,0,319,313,182
WithPD,67,1683002157764875264,23.0,18.0,1683002155573526528,1,0,322,316,183
WoutPD,150,This_is_noise_node150,325,319,184
WoutPD,151,This_is_noise_node151,326,320,185
WoutPD,152,This_is_noise_node152,327,321,186
WoutPD,153,This_is_noise_node153,328,322,187
WoutPD,154,This_is_noise_node154,329,323,188
WoutPD,155,This_is_noise_node155,330,324,189
WoutPD,156,This_is_noise_node156,331,325,190
WoutPD,166,This_is_noise_node166,334,327,191
WoutPD,167,This_is_noise_node167,335,328,192
WoutPD,168,This_is_noise_node168,337,330,193
WoutPD,169,This_is_noise_node169,338,331,194
WoutPD,170,This_is_noise_node170,339,332,195
WoutPD,171,This_is_noise_node171,340,333,196
WoutPD,172,This_is_noise_node172,341,334,197
WoutPD,173,This_is_noise_node173,342,335,198
WoutPD,174,This_is_noise_node174,343,336,199
WoutPD,175,This_is_noise_node175,344,337,200
WoutPD,176,This_is_noise_node176,345,338,201
WoutPD,177,This_is_noise_node177,346,339,202
WoutPD,178,This_is_noise_node178,347,340,203
WoutPD,179,This_is_noise_node179,348,341,204
WoutPD,180,This_is_noise_node180,349,342,205
WoutPD,181,This_is_noise_node181,350,343,206
WoutPD,182,This_is_noise_node182,351,344,207
WoutPD,183,This_is_noise_node183,352,345,208
WoutPD,184,This_is_noise_node184,353,346,209
WoutPD,185,This_is_noise_node185,354,347,210
WoutPD,186,This_is_noise_node186,355,348,211
WoutPD,187,This_is_noise_node187,356,349,212
WoutPD,188,This_is_noise_node188,357,350,213
WoutPD,189,This_is_noise_node189,358,351,214
WoutPD,190,This_is_noise_node190,359,352,215
WoutPD,191,This_is_noise_node191,360,353,216
WoutPD,192,This_is_noise_node192,361,354,217
WoutPD,193,This_is_noise_node193,362,355,218
WoutPD,194,This_is_noise_node194,363,356,219
WoutPD,195,This_is_noise_node195,364,357,220
WoutPD,196,This_is_noise_node196,365,358,221
WoutPD,198,This_is_noise_node198,366,359,222
WoutPD,199,This_is_noise_node199,367,360,223
WithPD,68,1683002158314048256,23.0,18.0,1683002155573526528,1,0,368,361,224
WithPD,69,1683002158863300608,23.0,18.0,1683002155573526528,1,0,371,364,225
WithPD,70,1683002159416580864,23.0,18.0,1683002155573526528,1,0,374,367,226
WithPD,71,1683002159965729024,23.0,18.0,1683002155573526528,1,0,377,370,227
WithPD,72,1683002160514573568,23.0,18.0,1683002160514573568,0,0,380,373,228
WithPD,73,1683002161061173248,23.0,18.0,1683002160514573568,1,0,383,376,229
WithPD,74,1683002161610196224,23.0,18.0,1683002160514573568,1,0,386,379,230
WithPD,75,1683002162159563776,23.0,18.0,1683002160514573568,1,0,389,382,231
WithPD,76,1683002162705993984,23.0,18.0,1683002160514573568,1,0,392,385,232
WithPD,77,1683002163255025152,23.0,18.0,1683002160514573568,1,0,395,388,233
WithPD,78,1683002163804343552,23.0,18.0,1683002160514573568,1,0,398,391,234
WoutPD,200,This_is_noise_node200,401,394,235
WoutPD,201,This_is_noise_node201,402,395,236
WoutPD,202,This_is_noise_node202,403,396,237
WoutPD,203,This_is_noise_node203,404,397,238
WoutPD,204,This_is_noise_node204,405,398,239
WoutPD,205,This_is_noise_node205,406,399,240
WoutPD,206,This_is_noise_node206,407,400,241
WoutPD,207,This_is_noise_node207,408,401,242
WoutPD,208,This_is_noise_node208,409,402,243
WithPD,79,1683002164351013376,23.0,18.0,1683002160514573568,1,0,410,403,244
WoutPD,218,This_is_noise_node218,412,405,245
WoutPD,219,This_is_noise_node219,413,406,246
WoutPD,220,This_is_noise_node220,414,407,247
WoutPD,221,This_is_noise_node221,415,408,248
WoutPD,222,This_is_noise_node222,416,409,249
WoutPD,223,This_is_noise_node223,417,410,250
WoutPD,224,This_is_noise_node224,418,411,251
WoutPD,225,This_is_noise_node225,419,412,252
WoutPD,226,This_is_noise_node226,420,413,253
WoutPD,227,This_is_noise_node227,421,414,254
WoutPD,228,This_is_noise_node228,422,415,255
WoutPD,229,This_is_noise_node229,423,416,256
WoutPD,230,This_is_noise_node230,424,417,257
WoutPD,231,This_is_noise_node231,425,418,258
WoutPD,232,This_is_noise_node232,426,419,259
WoutPD,233,This_is_noise_node233,427,420,260
WoutPD,234,This_is_noise_node234,428,421,261
WoutPD,235,This_is_noise_node235,429,422,262
WoutPD,236,This_is_noise_node236,430,423,263
WoutPD,237,This_is_noise_node237,431,424,264
WoutPD,238,This_is_noise_node238,432,425,265
WoutPD,239,This_is_noise_node239,433,426,266
WoutPD,240,This_is_noise_node240,434,427,267
WoutPD,241,This_is_noise_node241,435,428,268
WoutPD,242,This_is_noise_node242,436,429,269
WoutPD,243,This_is_noise_node243,437,430,270
WoutPD,244,This_is_noise_node244,438,431,271
WoutPD,245,This_is_noise_node245,439,432,272
WoutPD,246,This_is_noise_node246,440,433,273
WoutPD,247,This_is_noise_node247,441,434,274
WoutPD,248,This_is_noise_node248,442,435,275
WoutPD,249,This_is_noise_node249,443,436,276
WithPD,79,1683002164351013376,23.0,18.0,1683002160514573568,1,0,444,437,277
WithPD,80,1683002164900257792,23.0,18.0,1683002160514573568,1,0,447,440,278
WithPD,81,1683002165449679104,23.0,18.0,1683002165449679104,0,0,450,443,279
WithPD,82,1683002165996420352,23.0,18.0,1683002165449679104,1,0,453,446,280
WithPD,83,1683002166546847232,23.0,18.0,1683002165449679104,1,0,456,449,281
WithPD,84,1683002167095923200,23.0,18.0,1683002167095923200,0,0,459,452,282
WithPD,85,1683002167642628864,23.0,18.0,1683002167095923200,1,0,462,455,283
WithPD,86,1683002168191781376,23.0,18.0,1683002167095923200,1,0,465,458,284
WithPD,87,1683002168741092352,23.0,18.0,1683002167095923200,1,0,468,461,285
WithPD,88,1683002169294130176,23.0,18.0,1683002167095923200,1,0,471,464,286
WithPD,89,1683002169843335680,23.0,18.0,1683002167095923200,1,0,474,467,287
WithPD,90,1683002170392193792,23.0,18.0,1683002167095923200,1,0,477,470,288
WithPD,91,1683002170945193984,23.0,18.0,1683002167095923200,1,0,480,473,289
WithPD,92,1683002171495552256,23.0,18.0,1683002167095923200,1,0,483,476,290
WithPD,93,1683002172044549632,23.0,18.0,1683002167095923200,1,0,486,479,291
WithPD,94,1683002172592786688,23.0,18.0,1683002167095923200,1,0,489,482,292
WithPD,95,1683002173142194944,23.0,18.0,1683002167095923200,1,0,492,485,293
WithPD,96,1683002173691340032,23.0,18.0,1683002167095923200,1,0,495,488,294
WithPD,97,1683002174244706816,23.0,18.0,1683002167095923200,1,0,498,491,295
WithPD,98,1683002174794198528,23.0,18.0,1683002167095923200,1,0,501,494,296
WithPD,99,1683002175343242496,23.0,18.0,1683002167095923200,1,0,504,497,297
WithPD,100,1683002175896660736,23.0,18.0,1683002167095923200,1,0,507,500,298
WoutPD,250,This_is_noise_node250,510,503,299
WoutPD,251,This_is_noise_node251,511,504,300
WoutPD,252,This_is_noise_node252,512,505,301
WoutPD,253,This_is_noise_node253,513,506,302
WoutPD,254,This_is_noise_node254,514,507,303
WoutPD,255,This_is_noise_node255,515,508,304
WoutPD,256,This_is_noise_node256,516,509,305
WoutPD,257,This_is_noise_node257,517,510,306
WoutPD,258,This_is_noise_node258,518,511,307
WoutPD,259,This_is_noise_node259,519,512,308
WoutPD,260,This_is_noise_node260,520,513,309
WoutPD,261,This_is_noise_node261,521,514,310
WoutPD,262,This_is_noise_node262,522,515,311
WithPD,101,1683002176445850624,23.0,18.0,1683002167095923200,1,0,523,516,312
WoutPD,263,This_is_noise_node263,524,517,313
WoutPD,272,This_is_noise_node272,526,519,314
WoutPD,273,This_is_noise_node273,527,520,315
WoutPD,274,This_is_noise_node274,528,521,316
WoutPD,275,This_is_noise_node275,529,522,317
WoutPD,276,This_is_noise_node276,531,524,318
WoutPD,277,This_is_noise_node277,532,525,319
WoutPD,278,This_is_noise_node278,533,526,320
WoutPD,279,This_is_noise_node279,534,527,321
WoutPD,280,This_is_noise_node280,535,528,322
WoutPD,281,This_is_noise_node281,536,529,323
WoutPD,282,This_is_noise_node282,537,530,324
WoutPD,283,This_is_noise_node283,538,531,325
WoutPD,284,This_is_noise_node284,539,532,326
WoutPD,285,This_is_noise_node285,540,533,327
WoutPD,286,This_is_noise_node286,541,534,328
WoutPD,287,This_is_noise_node287,542,535,329
WoutPD,288,This_is_noise_node288,543,536,330
WoutPD,289,This_is_noise_node289,544,537,331
WithPD,102,1683002176994934016,23.0,18.0,1683002167095923200,1,0,545,538,332
WithPD,103,1683002177548050176,23.0,18.0,1683002167095923200,1,0,548,541,333
WithPD,104,1683002178097363712,23.0,18.0,1683002167095923200,1,0,551,544,334
WithPD,105,1683002178646485248,23.0,18.0,1683002178646485248,0,0,554,547,335
WithPD,106,1683002179193424640,23.0,18.0,1683002178646485248,1,0,557,550,336
WithPD,107,1683002179742409216,23.0,18.0,1683002178646485248,1,0,560,553,337
WithPD,108,1683002180291471360,23.0,18.0,1683002178646485248,1,0,563,556,338
WithPD,109,1683002180838509824,23.0,18.0,1683002178646485248,1,0,566,559,339
WithPD,110,1683002181387255552,23.0,18.0,1683002178646485248,1,0,569,562,340
WithPD,111,1683002181936872960,23.0,18.0,1683002181936872960,0,0,572,565,341
WithPD,111,1683002181936872960,23.0,18.0,1683002181936872960,0,0,574,566,342
WithPD,112,1683002182483834112,23.0,18.0,1683002181936872960,1,0,577,569,343
WithPD,113,1683002183032965632,23.0,18.0,1683002181936872960,1,0,580,572,344
WithPD,114,1683002183582034432,23.0,18.0,1683002183582034432,0,0,583,575,345
WithPD,115,1683002184128718848,23.0,18.0,1683002183582034432,1,0,586,578,346
WithPD,116,1683002184678157056,23.0,18.0,1683002183582034432,1,0,589,581,347
WithPD,117,1683002185227654656,23.0,18.0,1683002183582034432,1,0,592,584,348
WithPD,118,1683002185774361088,23.0,18.0,1683002183582034432,1,0,595,587,349
WithPD,119,1683002186323882240,23.0,18.0,1683002183582034432,1,0,598,590,350
WithPD,120,1683002186874276608,23.0,18.0,1683002186874276608,0,0,601,593,351
WithPD,121,1683002187421565184,23.0,18.0,1683002186874276608,1,0,604,596,352
WithPD,122,1683002187971443456,23.0,18.0,1683002186874276608,1,0,607,599,353
WithPD,123,1683002188520853504,23.0,18.0,1683002188520853504,0,0,610,602,354
WithPD,124,1683002189068112896,23.0,18.0,1683002188520853504,1,0,613,605,355
WithPD,125,1683002189617722880,23.0,18.0,1683002188520853504,1,0,616,608,356
WithPD,126,1683002190166761216,23.0,18.0,1683002190166761216,0,0,619,611,357
WithPD,127,1683002190713846784,23.0,18.0,1683002190166761216,1,0,622,614,358
WithPD,128,1683002191262837504,23.0,18.0,1683002190166761216,1,0,625,617,359
WithPD,129,1683002191811809792,23.0,18.0,1683002190166761216,1,0,628,620,360
WithPD,130,1683002192360342272,23.0,18.0,1683002190166761216,1,0,631,623,361
WithPD,131,1683002192909408000,23.0,18.0,1683002190166761216,1,0,634,626,362
WithPD,132,1683002193458481920,23.0,18.0,1683002193458481920,0,0,637,629,363
WithPD,133,1683002194005810944,23.0,18.0,1683002193458481920,1,0,640,632,364
WithPD,134,1683002194554854912,23.0,18.0,1683002193458481920,1,0,643,635,365
WithPD,135,1683002195104348416,23.0,18.0,1683002195104348416,0,0,646,638,366
WoutPD,301,This_is_noise_node301,648,640,367
WoutPD,302,This_is_noise_node302,649,641,368
WoutPD,303,This_is_noise_node303,650,642,369
WoutPD,304,This_is_noise_node304,651,643,370
WoutPD,305,This_is_noise_node305,652,644,371
WoutPD,306,This_is_noise_node306,653,645,372
WoutPD,307,This_is_noise_node307,654,646,373
WoutPD,308,This_is_noise_node308,655,647,374
WoutPD,309,This_is_noise_node309,656,648,375
WoutPD,310,This_is_noise_node310,657,649,376
WoutPD,311,This_is_noise_node311,658,650,377
WoutPD,312,This_is_noise_node312,659,651,378
WoutPD,313,This_is_noise_node313,660,652,379
WoutPD,314,This_is_noise_node314,661,653,380
WoutPD,315,This_is_noise_node315,662,654,381
WoutPD,316,This_is_noise_node316,663,655,382
WoutPD,317,This_is_noise_node317,664,656,383
WoutPD,318,This_is_noise_node318,665,657,384
WoutPD,319,This_is_noise_node319,666,658,385
WoutPD,320,This_is_noise_node320,667,659,386
WoutPD,321,This_is_noise_node321,668,660,387
WoutPD,322,This_is_noise_node322,669,661,388
WoutPD,323,This_is_noise_node323,670,662,389
WoutPD,324,This_is_noise_node324,671,663,390
WoutPD,325,This_is_noise_node325,672,664,391
WoutPD,326,This_is_noise_node326,673,665,392
WoutPD,327,This_is_noise_node327,674,666,393
WoutPD,328,This_is_noise_node328,675,667,394
WoutPD,329,This_is_noise_node329,676,668,395
WoutPD,330,This_is_noise_node330,677,669,396
WoutPD,331,This_is_noise_node331,678,670,397
WoutPD,333,This_is_noise_node333,679,671,398
WoutPD,334,This_is_noise_node334,680,672,399
WoutPD,335,This_is_noise_node335,681,673,400
WoutPD,336,This_is_noise_node336,682,674,401
WoutPD,337,This_is_noise_node337,683,675,402
WoutPD,339,This_is_noise_node339,684,676,403
WoutPD,340,This_is_noise_node340,685,677,404
WoutPD,341,This_is_noise_node341,686,678,405
WoutPD,342,This_is_noise_node342,687,679,406
WoutPD,343,This_is_noise_node343,688,680,407
WoutPD,344,This_is_noise_node344,689,681,408
WoutPD,346,This_is_noise_node346,690,682,409
WoutPD,347,This_is_noise_node347,691,683,410
WoutPD,349,This_is_noise_node349,692,684,411
WithPD,135,1683002195104348416,23.0,18.0,1683002195104348416,0,0,693,685,412
WithPD,136,1683002195651051264,23.0,18.0,1683002195104348416,1,0,696,688,413
WithPD,137,1683002196199994624,23.0,18.0,1683002195104348416,1,0,699,691,414
WithPD,138,1683002196749426432,23.0,18.0,1683002195104348416,1,0,702,694,415
WithPD,139,1683002197296928000,23.0,18.0,1683002195104348416,1,0,705,697,416
WithPD,140,1683002197846113024,23.0,18.0,1683002195104348416,1,0,708,700,417
WithPD,141,1683002198395184896,23.0,18.0,1683002198395184896,0,0,711,703,418
WithPD,142,1683002198942419968,23.0,18.0,1683002198395184896,1,0,714,706,419
WoutPD,350,This_is_noise_node350,717,709,420
WoutPD,351,This_is_noise_node351,718,710,421
WoutPD,352,This_is_noise_node352,719,711,422
WoutPD,353,This_is_noise_node353,720,712,423
WoutPD,354,This_is_noise_node354,721,713,424
WoutPD,355,This_is_noise_node355,722,714,425
WoutPD,356,This_is_noise_node356,723,715,426
WoutPD,357,This_is_noise_node357,724,716,427
WoutPD,358,This_is_noise_node358,725,717,428
WoutPD,359,This_is_noise_node359,726,718,429
WoutPD,360,This_is_noise_node360,727,719,430
WoutPD,361,This_is_noise_node361,728,720,431
WoutPD,362,This_is_noise_node362,729,721,432
WoutPD,373,This_is_noise_node373,732,723,433
WoutPD,374,This_is_noise_node374,733,724,434
WoutPD,375,This_is_noise_node375,734,725,435
WoutPD,376,This_is_noise_node376,735,726,436
WoutPD,377,This_is_noise_node377,736,727,437
WoutPD,378,This_is_noise_node378,737,728,438
WoutPD,379,This_is_noise_node379,738,729,439
WoutPD,380,This_is_noise_node380,739,730,440
WoutPD,381,This_is_noise_node381,740,731,441
WoutPD,382,This_is_noise_node382,741,732,442
WoutPD,383,This_is_noise_node383,742,733,443
WoutPD,384,This_is_noise_node384,743,734,444
WoutPD,385,This_is_noise_node385,744,735,445
WoutPD,386,This_is_noise_node386,745,736,446
WoutPD,387,This_is_noise_node387,746,737,447
WoutPD,388,This_is_noise_node388,747,738,448
WoutPD,389,This_is_noise_node389,748,739,449
WoutPD,390,This_is_noise_node390,749,740,450
WithPD,144,1683002200041397248,23.0,18.0,1683002198395184896,1,0,750,741,451
WoutPD,392,This_is_noise_node392,751,742,452
WoutPD,393,This_is_noise_node393,752,743,453
WoutPD,394,This_is_noise_node394,753,744,454
WoutPD,395,This_is_noise_node395,754,745,455
WoutPD,396,This_is_noise_node396,755,746,456
WoutPD,397,This_is_noise_node397,756,747,457
WoutPD,398,This_is_noise_node398,757,748,458
WoutPD,399,This_is_noise_node399,758,749,459
WithPD,144,1683002200041397248,23.0,18.0,1683002198395184896,1,0,759,750,460
WithPD,145,1683002200588510208,23.0,18.0,1683002198395184896,1,0,762,753,461
WithPD,146,1683002201137734656,23.0,18.0,1683002198395184896,1,0,765,756,462
WithPD,147,1683002201686735360,23.0,18.0,1683002198395184896,1,0,768,759,463
WithPD,148,1683002202233840128,23.0,18.0,1683002198395184896,1,0,771,762,464
WithPD,149,1683002202782787584,23.0,18.0,1683002198395184896,1,0,774,765,465
WithPD,150,1683002203331806208,23.0,18.0,1683002198395184896,1,0,777,768,466
WithPD,151,1683002203878637568,23.0,18.0,1683002198395184896,1,0,780,771,467
WithPD,152,1683002204427881728,23.0,18.0,1683002198395184896,1,0,783,774,468
WithPD,153,1683002204977660672,23.0,18.0,1683002198395184896,1,0,786,777,469
WithPD,154,1683002205524180736,23.0,18.0,1683002198395184896,1,0,789,780,470
WithPD,155,1683002206074108928,23.0,18.0,1683002198395184896,1,0,792,783,471
WithPD,156,1683002206623189760,23.0,18.0,1683002198395184896,1,0,795,786,472
WithPD,157,1683002207176311552,23.0,18.0,1683002198395184896,1,0,798,789,473
WithPD,158,1683002207725581824,23.0,18.0,1683002198395184896,1,0,801,792,474
WithPD,159,1683002208274832128,23.0,18.0,1683002208274832128,0,0,804,795,475
WithPD,160,1683002208822509056,23.0,18.0,1683002208274832128,1,0,807,798,476
WithPD,161,1683002209371565568,23.0,18.0,1683002208274832128,1,0,810,801,477
WoutPD,400,This_is_noise_node400,812,802,478
WoutPD,401,This_is_noise_node401,813,803,479
WoutPD,402,This_is_noise_node402,814,804,480
WoutPD,403,This_is_noise_node403,815,805,481
WoutPD,404,This_is_noise_node404,816,806,482
WoutPD,405,This_is_noise_node405,817,807,483
WoutPD,406,This_is_noise_node406,818,808,484
WoutPD,407,This_is_noise_node407,819,809,485
WoutPD,408,This_is_noise_node408,820,810,486
WoutPD,409,This_is_noise_node409,821,811,487
WoutPD,410,This_is_noise_node410,822,812,488
WoutPD,411,This_is_noise_node411,823,813,489
WoutPD,412,This_is_noise_node412,824,814,490
WoutPD,413,This_is_noise_node413,825,815,491
WoutPD,414,This_is_noise_node414,826,816,492
WoutPD,415,This_is_noise_node415,827,817,493
WoutPD,416,This_is_noise_node416,828,818,494
WoutPD,417,This_is_noise_node417,829,819,495
WoutPD,418,This_is_noise_node418,830,820,496
WoutPD,419,This_is_noise_node419,831,821,497
WoutPD,420,This_is_noise_node420,832,822,498
WoutPD,421,This_is_noise_node421,833,823,499
WoutPD,422,This_is_noise_node422,834,824,500
WoutPD,423,This_is_noise_node423,835,825,501
WoutPD,424,This_is_noise_node424,836,826,502
WoutPD,425,This_is_noise_node425,837,827,503
WoutPD,426,This_is_noise_node426,838,828,504
WoutPD,427,This_is_noise_node427,839,829,505
WoutPD,428,This_is_noise_node428,840,830,506
WoutPD,429,This_is_noise_node429,841,831,507
WoutPD,430,This_is_noise_node430,842,832,508
WoutPD,431,This_is_noise_node431,843,833,509
WoutPD,432,This_is_noise_node432,844,834,510
WoutPD,433,This_is_noise_node433,845,835,511
WoutPD,434,This_is_noise_node434,846,836,512
WoutPD,435,This_is_noise_node435,847,837,513
WoutPD,437,This_is_noise_node437,848,838,514
WoutPD,438,This_is_noise_node438,849,839,515
WoutPD,440,This_is_noise_node440,852,840,516
WoutPD,441,This_is_noise_node441,853,841,517
WoutPD,442,This_is_noise_node442,854,842,518
WoutPD,444,This_is_noise_node444,855,843,519
WoutPD,446,This_is_noise_node446,856,844,520
WoutPD,447,This_is_noise_node447,857,845,521
WoutPD,449,This_is_noise_node449,858,846,522
WithPD,161,1683002209371565568,23.0,18.0,1683002208274832128,1,0,859,847,523
WithPD,162,1683002209920335872,23.0,18.0,1683002208274832128,1,0,862,850,524
WithPD,163,1683002210466983424,23.0,18.0,1683002208274832128,1,0,865,853,525
WithPD,164,1683002211016026624,23.0,18.0,1683002208274832128,1,0,868,856,526
WithPD,165,1683002211566450688,23.0,18.0,1683002208274832128,1,0,871,859,527
WithPD,166,1683002212113308416,23.0,18.0,1683002208274832128,1,0,874,862,528
WithPD,167,1683002212662384128,23.0,18.0,1683002208274832128,1,0,877,865,529
WithPD,168,1683002213211750144,23.0,18.0,1683002208274832128,1,0,880,868,530
WithPD,169,1683002213758513152,23.0,18.0,1683002208274832128,1,0,883,871,531
WithPD,170,1683002214307562496,23.0,18.0,1683002208274832128,1,0,886,874,532
WithPD,171,1683002214856551168,23.0,18.0,1683002208274832128,1,0,889,877,533
WithPD,172,1683002215409569024,23.0,18.0,1683002208274832128,1,0,892,880,534
WithPD,173,1683002215958626304,23.0,18.0,1683002208274832128,1,0,895,883,535
WithPD,174,1683002216507720448,23.0,18.0,1683002208274832128,1,0,898,886,536
WithPD,175,1683002217054372352,23.0,18.0,1683002208274832128,1,0,901,889,537
WithPD,176,1683002217603337728,23.0,18.0,1683002208274832128,1,0,904,892,538
WithPD,177,1683002218152218112,23.0,18.0,1683002208274832128,1,0,907,895,539
WithPD,178,1683002218705340416,23.0,18.0,1683002208274832128,1,0,910,898,540
WithPD,179,1683002219254371072,23.0,18.0,1683002208274832128,1,0,913,901,541
WithPD,180,1683002219803697920,23.0,18.0,1683002208274832128,1,0,916,904,542
WithPD,181,1683002220357307136,23.0,18.0,1683002208274832128,1,0,919,907,543
WithPD,182,1683002220906095104,23.0,18.0,1683002208274832128,1,0,922,910,544
WithPD,183,1683002221455423488,23.0,18.0,1683002221455423488,0,0,925,913,545
WithPD,184,1683002222002217216,23.0,18.0,1683002221455423488,1,0,928,916,546
WoutPD,450,This_is_noise_node450,931,919,547
WoutPD,451,This_is_noise_node451,932,920,548
WoutPD,452,This_is_noise_node452,933,921,549
WoutPD,453,This_is_noise_node453,934,922,550
WoutPD,454,This_is_noise_node454,935,923,551
WoutPD,455,This_is_noise_node455,936,924,552
WoutPD,456,This_is_noise_node456,937,925,553
WoutPD,457,This_is_noise_node457,938,926,554
WoutPD,458,This_is_noise_node458,939,927,555
WoutPD,459,This_is_noise_node459,940,928,556
WoutPD,460,This_is_noise_node460,941,929,557
WoutPD,461,This_is_noise_node461,942,930,558
WoutPD,462,This_is_noise_node462,943,931,559
WoutPD,463,This_is_noise_node463,944,932,560
WoutPD,464,This_is_noise_node464,945,933,561
WithPD,185,1683002222551340544,23.0,18.0,1683002221455423488,1,0,946,934,562
WoutPD,474,This_is_noise_node474,948,936,563
WoutPD,475,This_is_noise_node475,949,937,564
WoutPD,476,This_is_noise_node476,950,938,565
WoutPD,477,This_is_noise_node477,951,939,566
WoutPD,478,This_is_noise_node478,952,940,567
WoutPD,479,This_is_noise_node479,953,941,568
WoutPD,480,This_is_noise_node480,954,942,569
WoutPD,481,This_is_noise_node481,955,943,570
WoutPD,482,This_is_noise_node482,956,944,571
WoutPD,483,This_is_noise_node483,957,945,572
WoutPD,484,This_is_noise_node484,958,946,573
WoutPD,485,This_is_noise_node485,959,947,574
WoutPD,486,This_is_noise_node486,960,948,575
WoutPD,487,This_is_noise_node487,961,949,576
WoutPD,488,This_is_noise_node488,962,950,577
WoutPD,489,This_is_noise_node489,963,951,578
WoutPD,490,This_is_noise_node490,964,952,579
WoutPD,491,This_is_noise_node491,965,953,580
WithPD,186,1683002223100670976,23.0,18.0,1683002221455423488,1,0,966,954,581
WoutPD,501,This_is_noise_node501,968,956,582
WoutPD,502,This_is_noise_node502,969,957,583
WoutPD,503,This_is_noise_node503,970,958,584
WoutPD,504,This_is_noise_node504,971,959,585
WoutPD,505,This_is_noise_node505,972,960,586
WoutPD,506,This_is_noise_node506,973,961,587
WoutPD,507,This_is_noise_node507,974,962,588
WoutPD,508,This_is_noise_node508,975,963,589
WoutPD,509,This_is_noise_node509,976,964,590
WoutPD,510,This_is_noise_node510,977,965,591
WoutPD,511,This_is_noise_node511,978,966,592
WoutPD,512,This_is_noise_node512,979,967,593
WoutPD,513,This_is_noise_node513,980,968,594
WoutPD,514,This_is_noise_node514,981,969,595
WoutPD,515,This_is_noise_node515,982,970,596
WoutPD,516,This_is_noise_node516,983,971,597
WoutPD,517,This_is_noise_node517,984,972,598
WoutPD,518,This_is_noise_node518,985,973,599
WoutPD,520,This_is_noise_node520,987,974,600
WoutPD,521,This_is_noise_node521,988,975,601
WoutPD,522,This_is_noise_node522,989,976,602
WoutPD,523,This_is_noise_node523,990,977,603
WoutPD,525,This_is_noise_node525,991,978,604
WoutPD,526,This_is_noise_node526,992,979,605
WoutPD,528,This_is_noise_node528,993,980,606
WoutPD,529,This_is_noise_node529,994,981,607
WoutPD,530,This_is_noise_node530,995,982,608
WoutPD,531,This_is_noise_node531,996,983,609
WoutPD,532,This_is_noise_node532,997,984,610
WoutPD,533,This_is_noise_node533,998,985,611
WoutPD,535,This_is_noise_node535,999,986,612
WoutPD,536,This_is_noise_node536,1000,987,613
WoutPD,537,This_is_noise_node537,1001,988,614
WoutPD,538,This_is_noise_node538,1002,989,615
WoutPD,539,This_is_noise_node539,1003,990,616
WoutPD,540,This_is_noise_node540,1004,991,617
WoutPD,542,This_is_noise_node542,1005,992,618
WoutPD,545,This_is_noise_node545,1007,993,619
WoutPD,546,This_is_noise_node546,1008,994,620
WoutPD,547,This_is_noise_node547,1009,995,621
WoutPD,548,This_is_noise_node548,1010,996,622
WoutPD,549,This_is_noise_node549,1011,997,623
WithPD,186,1683002223100670976,23.0,18.0,1683002221455423488,1,0,1012,998,624
WithPD,187,1683002223653856768,23.0,18.0,1683002221455423488,1,0,1015,1001,625
WoutPD,550,This_is_noise_node550,1018,1004,626
WoutPD,551,This_is_noise_node551,1019,1005,627
WoutPD,552,This_is_noise_node552,1020,1006,628
WithPD,188,1683002224202932992,23.0,18.0,1683002221455423488,1,0,1021,1007,629
WoutPD,561,This_is_noise_node561,1023,1009,630
WoutPD,562,This_is_noise_node562,1024,1010,631
WoutPD,563,This_is_noise_node563,1026,1012,632
WoutPD,564,This_is_noise_node564,1027,1013,633
WoutPD,565,This_is_noise_node565,1028,1014,634
WoutPD,566,This_is_noise_node566,1029,1015,635
WoutPD,567,This_is_noise_node567,1030,1016,636
WoutPD,568,This_is_noise_node568,1031,1017,637
WoutPD,569,This_is_noise_node569,1032,1018,638
WoutPD,579,This_is_noise_node579,1035,1020,639
WoutPD,580,This_is_noise_node580,1036,1021,640
WoutPD,581,This_is_noise_node581,1037,1022,641
WoutPD,582,This_is_noise_node582,1038,1023,642
WoutPD,583,This_is_noise_node583,1039,1024,643
WoutPD,584,This_is_noise_node584,1040,1025,644
WoutPD,585,This_is_noise_node585,1041,1026,645
WoutPD,586,This_is_noise_node586,1042,1027,646
WoutPD,587,This_is_noise_node587,1043,1028,647
WoutPD,588,This_is_noise_node588,1044,1029,648
WithPD,190,1683002225300690432,23.0,18.0,1683002221455423488,1,0,1045,1030,649
WoutPD,598,This_is_noise_node598,1047,1032,650
WoutPD,599,This_is_noise_node599,1048,1033,651
WoutPD,600,This_is_noise_node600,1049,1034,652
WoutPD,601,This_is_noise_node601,1051,1036,653
WoutPD,602,This_is_noise_node602,1052,1037,654
WoutPD,603,This_is_noise_node603,1053,1038,655
WoutPD,604,This_is_noise_node604,1054,1039,656
WoutPD,605,This_is_noise_node605,1055,1040,657
WoutPD,606,This_is_noise_node606,1056,1041,658
WoutPD,607,This_is_noise_node607,1057,1042,659
WoutPD,608,This_is_noise_node608,1058,1043,660
WoutPD,609,This_is_noise_node609,1059,1044,661
WithPD,191,1683002225849882368,23.0,18.0,1683002221455423488,1,0,1060,1045,662
WoutPD,618,This_is_noise_node618,1062,1047,663
WoutPD,619,This_is_noise_node619,1063,1048,664
WoutPD,620,This_is_noise_node620,1064,1049,665
WoutPD,621,This_is_noise_node621,1065,1050,666
WoutPD,622,This_is_noise_node622,1066,1051,667
WoutPD,623,This_is_noise_node623,1067,1052,668
WoutPD,624,This_is_noise_node624,1068,1053,669
WoutPD,625,This_is_noise_node625,1069,1054,670
WoutPD,626,This_is_noise_node626,1070,1055,671
WoutPD,627,This_is_noise_node627,1071,1056,672
WoutPD,628,This_is_noise_node628,1072,1057,673
WoutPD,629,This_is_noise_node629,1073,1058,674
WoutPD,630,This_is_noise_node630,1074,1059,675
WithPD,192,1683002226399358976,23.0,18.0,1683002221455423488,1,0,1075,1060,676
WoutPD,632,This_is_noise_node632,1076,1061,677
WoutPD,642,This_is_noise_node642,1078,1063,678
WoutPD,643,This_is_noise_node643,1079,1064,679
WoutPD,644,This_is_noise_node644,1080,1065,680
WoutPD,645,This_is_noise_node645,1081,1066,681
WoutPD,646,This_is_noise_node646,1082,1067,682
WoutPD,647,This_is_noise_node647,1083,1068,683
WoutPD,648,This_is_noise_node648,1084,1069,684
WoutPD,649,This_is_noise_node649,1085,1070,685
WoutPD,650,This_is_noise_node650,1086,1071,686
WoutPD,651,This_is_noise_node651,1087,1072,687
WoutPD,652,This_is_noise_node652,1088,1073,688
WoutPD,653,This_is_noise_node653,1089,1074,689
WoutPD,654,This_is_noise_node654,1090,1075,690
WoutPD,655,This_is_noise_node655,1091,1076,691
WoutPD,656,This_is_noise_node656,1092,1077,692
WithPD,193,1683002226945946880,23.0,18.0,1683002221455423488,1,0,1093,1078,693
WoutPD,658,This_is_noise_node658,1095,1079,694
WoutPD,659,This_is_noise_node659,1096,1080,695
WoutPD,660,This_is_noise_node660,1097,1081,696
WoutPD,661,This_is_noise_node661,1098,1082,697
WoutPD,662,This_is_noise_node662,1099,1083,698
WoutPD,663,This_is_noise_node663,1100,1084,699
WoutPD,664,This_is_noise_node664,1101,1085,700
WoutPD,665,This_is_noise_node665,1102,1086,701
WoutPD,666,This_is_noise_node666,1103,1087,702
WoutPD,667,This_is_noise_node667,1104,1088,703
WoutPD,668,This_is_noise_node668,1105,1089,704
WoutPD,669,This_is_noise_node669,1106,1090,705
WoutPD,670,This_is_noise_node670,1107,1091,706
WoutPD,672,This_is_noise_node672,1108,1092,707
WoutPD,673,This_is_noise_node673,1109,1093,708
WoutPD,674,This_is_noise_node674,1110,1094,709
WoutPD,675,This_is_noise_node675,1111,1095,710
WoutPD,677,This_is_noise_node677,1112,1096,711
WoutPD,678,This_is_noise_node678,1113,1097,712
WoutPD,679,This_is_noise_node679,1114,1098,713
WoutPD,680,This_is_noise_node680,1115,1099,714
WoutPD,682,This_is_noise_node682,1116,1100,715
WoutPD,683,This_is_noise_node683,1117,1101,716
WoutPD,684,This_is_noise_node684,1118,1102,717
WoutPD,685,This_is_noise_node685,1119,1103,718
WoutPD,686,This_is_noise_node686,1120,1104,719
WoutPD,687,This_is_noise_node687,1121,1105,720
WoutPD,689,This_is_noise_node689,1122,1106,721
WoutPD,690,This_is_noise_node690,1123,1107,722
WoutPD,691,This_is_noise_node691,1124,1108,723
WoutPD,692,This_is_noise_node692,1125,1109,724
WoutPD,694,This_is_noise_node694,1126,1110,725
WoutPD,695,This_is_noise_node695,1127,1111,726
WoutPD,697,This_is_noise_node697,1128,1112,727
WoutPD,698,This_is_noise_node698,1129,1113,728
WithPD,193,1683002226945946880,23.0,18.0,1683002221455423488,1,0,1130,1114,729
WithPD,194,1683002227495007744,23.0,18.0,1683002221455423488,1,0,1133,1117,730
WithPD,195,1683002228043926528,23.0,18.0,1683002221455423488,1,0,1136,1120,731
WithPD,196,1683002228590580992,23.0,18.0,1683002221455423488,1,0,1139,1123,732
WithPD,197,1683002229139666432,23.0,18.0,1683002221455423488,1,0,1142,1126,733
WithPD,198,1683002229690160384,23.0,18.0,1683002221455423488,1,0,1145,1129,734
WithPD,199,1683002230236535552,23.0,18.0,1683002221455423488,1,0,1148,1132,735
WithPD,200,1683002230785633792,23.0,18.0,1683002221455423488,1,0,1151,1135,736
WithPD,201,1683002231334774528,23.0,18.0,1683002221455423488,1,0,1154,1138,737
WithPD,202,1683002231887767040,23.0,18.0,1683002221455423488,1,0,1157,1141,738
WithPD,203,1683002232436790272,23.0,18.0,1683002221455423488,1,0,1160,1144,739
WithPD,204,1683002232985840896,23.0,18.0,1683002221455423488,1,0,1163,1147,740
WithPD,205,1683002233538842368,23.0,18.0,1683002221455423488,1,0,1166,1150,741
WithPD,206,1683002234088354048,23.0,18.0,1683002221455423488,1,0,1169,1153,742
WithPD,207,1683002234639115264,23.0,18.0,1683002221455423488,1,0,1172,1156,743
WithPD,208,1683002235193351680,23.0,18.0,1683002221455423488,1,0,1175,1159,744
WithPD,209,1683002235742685696,23.0,18.0,1683002221455423488,1,0,1178,1162,745
WithPD,210,1683002236291639808,23.0,18.0,1683002221455423488,1,0,1181,1165,746
WithPD,211,1683002236845323520,23.0,18.0,1683002221455423488,1,0,1184,1168,747
WithPD,212,1683002237394964224,23.0,18.0,1683002221455423488,1,0,1187,1171,748
WithPD,213,1683002237944058624,23.0,18.0,1683002221455423488,1,0,1190,1174,749
WithPD,214,1683002238491019520,23.0,18.0,1683002221455423488,1,0,1193,1177,750
WithPD,215,1683002239040518656,23.0,18.0,1683002221455423488,1,0,1196,1180,751
WithPD,216,1683002239589711104,23.0,17.0,1683002239589711104,0,0,1199,1183,752
WithPD,217,1683002240137460992,23.0,17.0,1683002239589711104,1,0,1202,1186,753
WithPD,218,1683002240687259648,23.0,17.0,1683002239589711104,1,0,1205,1189,754
WithPD,219,1683002241237393408,23.0,17.0,1683002239589711104,1,0,1208,1192,755
WithPD,220,1683002241783977984,23.0,17.0,1683002239589711104,1,0,1211,1195,756
WithPD,221,1683002242333440768,23.0,17.0,1683002239589711104,1,0,1214,1198,757
WithPD,222,1683002242882280448,23.0,17.0,1683002239589711104,1,0,1217,1201,758
WithPD,223,1683002243429121792,23.0,17.0,1683002239589711104,1,0,1220,1204,759
WithPD,224,1683002243978288384,23.0,17.0,1683002239589711104,1,0,1223,1207,760
WithPD,225,1683002244527218688,23.0,17.0,1683002239589711104,1,0,1226,1210,761
WithPD,226,1683002245080327168,23.0,17.0,1683002239589711104,1,0,1229,1213,762
WithPD,227,1683002245629980160,23.0,17.0,1683002239589711104,1,0,1232,1216,763
WithPD,228,1683002246178962432,23.0,17.0,1683002239589711104,1,0,1235,1219,764
WithPD,229,1683002246726392832,23.0,17.0,1683002239589711104,1,0,1238,1222,765
WithPD,230,1683002247276631808,23.0,17.0,1683002239589711104,1,0,1241,1225,766
WithPD,231,1683002247826485504,23.0,17.0,1683002239589711104,1,0,1244,1228,767
WithPD,232,1683002248373151744,23.0,17.0,1683002239589711104,1,0,1247,1231,768
WithPD,233,1683002248922342912,23.0,17.0,1683002239589711104,1,0,1250,1234,769
WithPD,234,1683002249471390720,23.0,17.0,1683002239589711104,1,0,1253,1237,770
WithPD,235,1683002250024429312,23.0,17.0,1683002239589711104,1,0,1256,1240,771
WithPD,236,1683002250573549056,23.0,17.0,1683002239589711104,1,0,1259,1243,772
WithPD,237,1683002251124368640,23.0,17.0,1683002239589711104,1,0,1262,1246,773
WithPD,238,1683002251671272704,23.0,17.0,1683002239589711104,1,0,1265,1249,774
WithPD,239,1683002252220349696,23.0,17.0,1683002239589711104,1,0,1268,1252,775
WithPD,240,1683002252769592576,23.0,17.0,1683002252769592576,0,0,1271,1255,776
WithPD,241,1683002253317856256,23.0,17.0,1683002252769592576,1,0,1274,1258,777
WithPD,242,1683002253866967552,23.0,17.0,1683002252769592576,1,0,1277,1261,778
WithPD,243,1683002254416045056,23.0,18.0,1683002254416045056,0,0,1280,1264,779
WithPD,244,1683002254965508864,23.0,18.0,1683002254416045056,1,0,1283,1267,780
WoutPD,700,This_is_noise_node700,1286,1270,781
WoutPD,701,This_is_noise_node701,1287,1271,782
WoutPD,702,This_is_noise_node702,1288,1272,783
WoutPD,703,This_is_noise_node703,1289,1273,784
WoutPD,704,This_is_noise_node704,1290,1274,785
WoutPD,705,This_is_noise_node705,1291,1275,786
WoutPD,706,This_is_noise_node706,1292,1276,787
WoutPD,707,This_is_noise_node707,1293,1277,788
WoutPD,708,This_is_noise_node708,1294,1278,789
WoutPD,709,This_is_noise_node709,1295,1279,790
WithPD,245,1683002255514535168,23.0,18.0,1683002254416045056,1,0,1296,1280,791
WoutPD,719,This_is_noise_node719,1298,1282,792
WoutPD,720,This_is_noise_node720,1299,1283,793
WoutPD,721,This_is_noise_node721,1300,1284,794
WoutPD,722,This_is_noise_node722,1301,1285,795
WoutPD,723,This_is_noise_node723,1302,1286,796
WoutPD,724,This_is_noise_node724,1303,1287,797
WoutPD,725,This_is_noise_node725,1304,1288,798
WoutPD,726,This_is_noise_node726,1305,1289,799
WoutPD,727,This_is_noise_node727,1306,1290,800
WoutPD,728,This_is_noise_node728,1307,1291,801
WoutPD,729,This_is_noise_node729,1308,1292,802
WoutPD,730,This_is_noise_node730,1309,1293,803
WoutPD,731,This_is_noise_node731,1310,1294,804
WoutPD,732,This_is_noise_node732,1311,1295,805
WoutPD,733,This_is_noise_node733,1312,1296,806
WoutPD,734,This_is_noise_node734,1313,1297,807
WoutPD,735,This_is_noise_node735,1314,1298,808
WoutPD,736,This_is_noise_node736,1315,1299,809
WoutPD,737,This_is_noise_node737,1316,1300,810
WithPD,246,1683002256063658240,23.0,18.0,1683002256063658240,0,0,1317,1301,811
WoutPD,746,This_is_noise_node746,1319,1303,812
WoutPD,747,This_is_noise_node747,1320,1304,813
WoutPD,748,This_is_noise_node748,1321,1305,814
WoutPD,749,This_is_noise_node749,1322,1306,815
WithPD,247,1683002256610431232,23.0,18.0,1683002256063658240,1,0,1324,1308,816
WithPD,248,1683002257159448576,23.0,18.0,1683002256063658240,1,0,1327,1311,817
WithPD,249,1683002257708502528,23.0,18.0,1683002256063658240,1,0,1330,1314,818
WithPD,250,1683002258261494784,23.0,18.0,1683002256063658240,1,0,1333,1317,819
WithPD,251,1683002258810983936,23.0,18.0,1683002256063658240,1,0,1336,1320,820
WithPD,252,1683002259361395200,23.0,18.0,1683002259361395200,0,0,1339,1323,821
WithPD,253,1683002259907905024,23.0,18.0,1683002259361395200,1,0,1342,1326,822
WithPD,254,1683002260457338880,23.0,18.0,1683002259361395200,1,0,1345,1329,823
WithPD,255,1683002261006120960,23.0,18.0,1683002259361395200,1,0,1348,1332,824
WithPD,256,1683002261559702528,23.0,18.0,1683002259361395200,1,0,1351,1335,825
WithPD,257,1683002262109541888,23.0,18.0,1683002259361395200,1,0,1354,1338,826
WithPD,258,1683002262658568192,23.0,18.0,1683002262658568192,0,0,1357,1341,827
WithPD,259,1683002263205495808,23.0,18.0,1683002262658568192,1,0,1360,1344,828
WithPD,260,1683002263754891264,23.0,18.0,1683002262658568192,1,0,1363,1347,829
WithPD,261,1683002264303939072,23.0,18.0,1683002264303939072,0,0,1366,1350,830
WithPD,262,1683002264850822400,23.0,18.0,1683002264303939072,1,0,1369,1353,831
WithPD,263,1683002265401026048,23.0,18.0,1683002264303939072,1,0,1372,1356,832
WithPD,264,1683002265950371328,23.0,18.0,1683002264303939072,1,0,1375,1359,833
WithPD,265,1683002266503112960,23.0,18.0,1683002264303939072,1,0,1378,1362,834
WithPD,266,1683002267052088576,23.0,18.0,1683002264303939072,1,0,1381,1365,835
WoutPD,750,This_is_noise_node750,1384,1368,836
WoutPD,751,This_is_noise_node751,1385,1369,837
WoutPD,752,This_is_noise_node752,1386,1370,838
WoutPD,753,This_is_noise_node753,1387,1371,839
WoutPD,754,This_is_noise_node754,1388,1372,840
WoutPD,755,This_is_noise_node755,1389,1373,841
WoutPD,756,This_is_noise_node756,1390,1374,842
WoutPD,757,This_is_noise_node757,1391,1375,843
WoutPD,758,This_is_noise_node758,1392,1376,844
WoutPD,759,This_is_noise_node759,1393,1377,845
WoutPD,760,This_is_noise_node760,1394,1378,846
WoutPD,761,This_is_noise_node761,1395,1379,847
WoutPD,762,This_is_noise_node762,1396,1380,848
WoutPD,763,This_is_noise_node763,1397,1381,849
WithPD,267,1683002267601438464,23.0,18.0,1683002264303939072,1,0,1398,1382,850
WoutPD,773,This_is_noise_node773,1400,1384,851
WoutPD,774,This_is_noise_node774,1401,1385,852
WoutPD,775,This_is_noise_node775,1402,1386,853
WoutPD,776,This_is_noise_node776,1403,1387,854
WoutPD,777,This_is_noise_node777,1404,1388,855
WoutPD,778,This_is_noise_node778,1405,1389,856
WoutPD,779,This_is_noise_node779,1406,1390,857
WoutPD,780,This_is_noise_node780,1407,1391,858
WoutPD,781,This_is_noise_node781,1408,1392,859
WoutPD,782,This_is_noise_node782,1409,1393,860
WoutPD,783,This_is_noise_node783,1410,1394,861
WoutPD,784,This_is_noise_node784,1411,1395,862
WoutPD,785,This_is_noise_node785,1412,1396,863
WoutPD,786,This_is_noise_node786,1413,1397,864
WoutPD,787,This_is_noise_node787,1414,1398,865
WoutPD,788,This_is_noise_node788,1415,1399,866
WoutPD,789,This_is_noise_node789,1416,1400,867
WoutPD,790,This_is_noise_node790,1417,1401,868
WoutPD,791,This_is_noise_node791,1418,1402,869
WoutPD,792,This_is_noise_node792,1419,1403,870
WoutPD,793,This_is_noise_node793,1420,1404,871
WoutPD,794,This_is_noise_node794,1421,1405,872
WoutPD,795,This_is_noise_node795,1422,1406,873
WoutPD,796,This_is_noise_node796,1423,1407,874
WoutPD,797,This_is_noise_node797,1424,1408,875
WoutPD,798,This_is_noise_node798,1425,1409,876
WithPD,267,1683002267601438464,23.0,18.0,1683002264303939072,1,0,1427,1410,877
WithPD,268,1683002268154057984,23.0,18.0,1683002264303939072,1,0,1430,1413,878
WithPD,269,1683002268702877184,23.0,18.0,1683002264303939072,1,0,1433,1416,879
WithPD,270,1683002269251860992,23.0,18.0,1683002264303939072,1,0,1436,1419,880
WoutPD,800,This_is_noise_node800,1439,1422,881
WoutPD,801,This_is_noise_node801,1440,1423,882
WoutPD,802,This_is_noise_node802,1441,1424,883
WoutPD,803,This_is_noise_node803,1442,1425,884
WoutPD,804,This_is_noise_node804,1443,1426,885
WoutPD,805,This_is_noise_node805,1444,1427,886
WoutPD,806,This_is_noise_node806,1445,1428,887
WithPD,271,1683002269799859456,23.0,18.0,1683002264303939072,1,0,1446,1429,888
WoutPD,814,This_is_noise_node814,1448,1431,889
WoutPD,815,This_is_noise_node815,1449,1432,890
WoutPD,816,This_is_noise_node816,1450,1433,891
WoutPD,817,This_is_noise_node817,1452,1435,892
WoutPD,818,This_is_noise_node818,1453,1436,893
WoutPD,819,This_is_noise_node819,1454,1437,894
WoutPD,820,This_is_noise_node820,1455,1438,895
WoutPD,821,This_is_noise_node821,1456,1439,896
WoutPD,822,This_is_noise_node822,1457,1440,897
WoutPD,823,This_is_noise_node823,1458,1441,898
WoutPD,834,This_is_noise_node834,1461,1443,899
WoutPD,835,This_is_noise_node835,1462,1444,900
WoutPD,836,This_is_noise_node836,1463,1445,901
WoutPD,837,This_is_noise_node837,1464,1446,902
WoutPD,838,This_is_noise_node838,1465,1447,903
WoutPD,839,This_is_noise_node839,1466,1448,904
WoutPD,840,This_is_noise_node840,1467,1449,905
WoutPD,841,This_is_noise_node841,1468,1450,906
WoutPD,842,This_is_noise_node842,1469,1451,907
WoutPD,843,This_is_noise_node843,1470,1452,908
WithPD,273,1683002270899114240,23.0,18.0,1683002264303939072,1,0,1471,1453,909
WoutPD,845,This_is_noise_node845,1472,1454,910
WoutPD,846,This_is_noise_node846,1473,1455,911
WoutPD,847,This_is_noise_node847,1474,1456,912
WoutPD,848,This_is_noise_node848,1475,1457,913
WoutPD,849,This_is_noise_node849,1476,1458,914
WithPD,273,1683002270899114240,23.0,18.0,1683002264303939072,1,0,1477,1459,915
WithPD,274,1683002271451880192,23.0,18.0,1683002264303939072,1,0,1480,1462,916
WithPD,275,1683002272001128960,23.0,18.0,1683002264303939072,1,0,1483,1465,917
WithPD,276,1683002272550428928,23.0,18.0,1683002272550428928,0,0,1486,1468,918
WithPD,277,1683002273096921088,23.0,18.0,1683002272550428928,1,0,1489,1471,919
WithPD,278,1683002273646263296,23.0,18.0,1683002272550428928,1,0,1492,1474,920
WithPD,279,1683002274195508480,23.0,18.0,1683002272550428928,1,0,1495,1477,921
WithPD,280,1683002274742093568,23.0,18.0,1683002272550428928,1,0,1498,1480,922
WithPD,281,1683002275291037696,23.0,18.0,1683002272550428928,1,0,1501,1483,923
WithPD,282,1683002275842308096,23.0,18.0,1683002272550428928,1,0,1504,1486,924
WithPD,283,1683002276390019584,23.0,18.0,1683002272550428928,1,0,1507,1489,925
WithPD,284,1683002276939075840,23.0,18.0,1683002272550428928,1,0,1510,1492,926
WithPD,285,1683002277488049664,23.0,18.0,1683002272550428928,1,0,1513,1495,927
WithPD,286,1683002278041330176,23.0,18.0,1683002272550428928,1,0,1516,1498,928
WithPD,287,1683002278590341632,23.0,18.0,1683002272550428928,1,0,1519,1501,929
WithPD,288,1683002279139393792,23.0,17.0,1683002279139393792,0,0,1522,1504,930
WithPD,289,1683002279686103808,23.0,17.0,1683002279139393792,1,0,1525,1507,931
WithPD,290,1683002280235121920,23.0,17.0,1683002279139393792,1,0,1528,1510,932
WithPD,291,1683002280784070400,23.0,17.0,1683002279139393792,1,0,1531,1513,933
WithPD,292,1683002281330769408,23.0,17.0,1683002279139393792,1,0,1534,1516,934
WithPD,293,1683002281879596288,23.0,17.0,1683002279139393792,1,0,1537,1519,935
WithPD,294,1683002282429899776,23.0,18.0,1683002282429899776,0,0,1540,1522,936
WithPD,294,1683002282429899776,23.0,18.0,1683002282429899776,0,0,1542,1523,937
WithPD,295,1683002282976960768,23.0,18.0,1683002282429899776,1,0,1545,1526,938
WithPD,296,1683002283526085888,23.0,18.0,1683002282429899776,1,0,1548,1529,939
WithPD,297,1683002284075041792,23.0,18.0,1683002284075041792,0,0,1551,1532,940
WithPD,298,1683002284622403584,23.0,18.0,1683002284075041792,1,0,1554,1535,941
WithPD,299,1683002285171544064,23.0,18.0,1683002284075041792,1,0,1557,1538,942
WithPD,300,1683002285720497664,23.0,17.0,1683002285720497664,0,0,1560,1541,943
WithPD,301,1683002286267723520,23.0,17.0,1683002285720497664,1,0,1563,1544,944
WithPD,302,1683002286817204224,23.0,17.0,1683002285720497664,1,0,1566,1547,945
WithPD,303,1683002287366496000,23.0,17.0,1683002287366496000,0,0,1569,1550,946
WithPD,304,1683002287913223424,23.0,17.0,1683002287366496000,1,0,1572,1553,947
WithPD,305,1683002288462521088,23.0,17.0,1683002287366496000,1,0,1575,1556,948
WithPD,306,1683002289011550720,23.0,17.0,1683002287366496000,1,0,1578,1559,949
WoutPD,850,This_is_noise_node850,1581,1562,950
WoutPD,851,This_is_noise_node851,1582,1563,951
WoutPD,852,This_is_noise_node852,1583,1564,952
WoutPD,853,This_is_noise_node853,1584,1565,953
WoutPD,854,This_is_noise_node854,1585,1566,954
WoutPD,855,This_is_noise_node855,1586,1567,955
WoutPD,856,This_is_noise_node856,1587,1568,956
WoutPD,857,This_is_noise_node857,1588,1569,957
WoutPD,858,This_is_noise_node858,1589,1570,958
WoutPD,859,This_is_noise_node859,1590,1571,959
WithPD,307,1683002289558167040,23.0,17.0,1683002287366496000,1,0,1591,1572,960
WoutPD,863,This_is_noise_node863,1593,1573,961
WoutPD,864,This_is_noise_node864,1594,1574,962
WoutPD,865,This_is_noise_node865,1595,1575,963
WoutPD,866,This_is_noise_node866,1596,1576,964
WoutPD,867,This_is_noise_node867,1597,1577,965
WoutPD,868,This_is_noise_node868,1598,1578,966
WoutPD,869,This_is_noise_node869,1599,1579,967
WoutPD,870,This_is_noise_node870,1600,1580,968
WoutPD,871,This_is_noise_node871,1601,1581,969
WoutPD,872,This_is_noise_node872,1602,1582,970
WoutPD,873,This_is_noise_node873,1603,1583,971
WoutPD,874,This_is_noise_node874,1604,1584,972
WoutPD,875,This_is_noise_node875,1605,1585,973
WoutPD,876,This_is_noise_node876,1606,1586,974
WoutPD,877,This_is_noise_node877,1607,1587,975
WoutPD,878,This_is_noise_node878,1608,1588,976
WoutPD,879,This_is_noise_node879,1609,1589,977
WoutPD,880,This_is_noise_node880,1610,1590,978
WoutPD,881,This_is_noise_node881,1611,1591,979
WoutPD,882,This_is_noise_node882,1612,1592,980
WoutPD,883,This_is_noise_node883,1613,1593,981
WoutPD,884,This_is_noise_node884,1614,1594,982
WoutPD,885,This_is_noise_node885,1615,1595,983
WoutPD,886,This_is_noise_node886,1616,1596,984
WoutPD,887,This_is_noise_node887,1617,1597,985
WoutPD,888,This_is_noise_node888,1618,1598,986
WoutPD,889,This_is_noise_node889,1619,1599,987
WoutPD,891,This_is_noise_node891,1620,1600,988
WoutPD,892,This_is_noise_node892,1621,1601,989
WoutPD,893,This_is_noise_node893,1622,1602,990
WoutPD,896,This_is_noise_node896,1623,1603,991
WoutPD,898,This_is_noise_node898,1625,1604,992
WithPD,307,1683002289558167040,23.0,17.0,1683002287366496000,1,0,1627,1605,993
WoutPD,900,This_is_noise_node900,1630,1608,994
WoutPD,901,This_is_noise_node901,1631,1609,995
WoutPD,902,This_is_noise_node902,1632,1610,996
WoutPD,903,This_is_noise_node903,1633,1611,997
WoutPD,904,This_is_noise_node904,1634,1612,998
WithPD,308,1683002290107208192,23.0,17.0,1683002287366496000,1,0,1635,1613,999
WoutPD,906,This_is_noise_node906,1636,1614,1000
WoutPD,907,This_is_noise_node907,1637,1615,1001
WoutPD,908,This_is_noise_node908,1638,1616,1002
WoutPD,909,This_is_noise_node909,1639,1617,1003
WoutPD,910,This_is_noise_node910,1640,1618,1004
WoutPD,911,This_is_noise_node911,1641,1619,1005
WoutPD,912,This_is_noise_node912,1642,1620,1006
WoutPD,913,This_is_noise_node913,1643,1621,1007
WoutPD,914,This_is_noise_node914,1644,1622,1008
WoutPD,915,This_is_noise_node915,1645,1623,1009
WoutPD,916,This_is_noise_node916,1646,1624,1010
WoutPD,917,This_is_noise_node917,1647,1625,1011
WoutPD,918,This_is_noise_node918,1648,1626,1012
WoutPD,919,This_is_noise_node919,1649,1627,1013
WoutPD,920,This_is_noise_node920,1650,1628,1014
WoutPD,921,This_is_noise_node921,1651,1629,1015
WoutPD,922,This_is_noise_node922,1652,1630,1016
WoutPD,923,This_is_noise_node923,1653,1631,1017
WoutPD,924,This_is_noise_node924,1654,1632,1018
WoutPD,925,This_is_noise_node925,1655,1633,1019
WoutPD,926,This_is_noise_node926,1656,1634,1020
WoutPD,927,This_is_noise_node927,1657,1635,1021
WoutPD,928,This_is_noise_node928,1658,1636,1022
WoutPD,929,This_is_noise_node929,1659,1637,1023
WoutPD,930,This_is_noise_node930,1660,1638,1024
WoutPD,932,This_is_noise_node932,1662,1639,1025
WoutPD,933,This_is_noise_node933,1663,1640,1026
WoutPD,934,This_is_noise_node934,1664,1641,1027
WoutPD,935,This_is_noise_node935,1665,1642,1028
WoutPD,936,This_is_noise_node936,1666,1643,1029
WoutPD,937,This_is_noise_node937,1667,1644,1030
WoutPD,939,This_is_noise_node939,1668,1645,1031
WoutPD,940,This_is_noise_node940,1669,1646,1032
WoutPD,941,This_is_noise_node941,1670,1647,1033
WoutPD,942,This_is_noise_node942,1671,1648,1034
WoutPD,944,This_is_noise_node944,1672,1649,1035
WoutPD,945,This_is_noise_node945,1673,1650,1036
WoutPD,947,This_is_noise_node947,1674,1651,1037
WoutPD,949,This_is_noise_node949,1675,1652,1038
WoutPD,950,This_is_noise_node950,1676,1653,1039
WoutPD,951,This_is_noise_node951,1677,1654,1040
WoutPD,952,This_is_noise_node952,1678,1655,1041
WoutPD,954,This_is_noise_node954,1679,1656,1042
WoutPD,955,This_is_noise_node955,1680,1657,1043
WoutPD,956,This_is_noise_node956,1681,1658,1044
WoutPD,957,This_is_noise_node957,1682,1659,1045
WoutPD,958,This_is_noise_node958,1683,1660,1046
WoutPD,959,This_is_noise_node959,1684,1661,1047
WoutPD,960,This_is_noise_node960,1685,1662,1048
WoutPD,961,This_is_noise_node961,1686,1663,1049
WoutPD,963,This_is_noise_node963,1687,1664,1050
WoutPD,965,This_is_noise_node965,1688,1665,1051
WoutPD,966,This_is_noise_node966,1689,1666,1052
WoutPD,968,This_is_noise_node968,1690,1667,1053
WoutPD,970,This_is_noise_node970,1691,1668,1054
WoutPD,971,This_is_noise_node971,1692,1669,1055
WoutPD,973,This_is_noise_node973,1693,1670,1056
WoutPD,974,This_is_noise_node974,1694,1671,1057
WoutPD,976,This_is_noise_node976,1695,1672,1058
WoutPD,977,This_is_noise_node977,1696,1673,1059
WoutPD,978,This_is_noise_node978,1697,1674,1060
WoutPD,980,This_is_noise_node980,1698,1675,1061
WoutPD,981,This_is_noise_node981,1699,1676,1062
WoutPD,982,This_is_noise_node982,1700,1677,1063
WoutPD,983,This_is_noise_node983,1701,1678,1064
WoutPD,985,This_is_noise_node985,1702,1679,1065
WoutPD,987,This_is_noise_node987,1703,1680,1066
WoutPD,988,This_is_noise_node988,1704,1681,1067
WoutPD,990,This_is_noise_node990,1705,1682,1068
WoutPD,991,This_is_noise_node991,1706,1683,1069
WoutPD,992,This_is_noise_node992,1707,1684,1070
WoutPD,993,This_is_noise_node993,1708,1685,1071
WoutPD,994,This_is_noise_node994,1709,1686,1072
WoutPD,995,This_is_noise_node995,1710,1687,1073
WoutPD,997,This_is_noise_node997,1711,1688,1074
WoutPD,998,This_is_noise_node998,1712,1689,1075
WoutPD,999,This_is_noise_node999,1713,1690,1076
WithPD,308,1683002290107208192,23.0,17.0,1683002287366496000,1,0,1714,1691,1077
WithPD,309,1683002290656333824,23.0,17.0,1683002287366496000,1,0,1717,1694,1078
WithPD,310,1683002291202980608,23.0,17.0,1683002287366496000,1,0,1720,1697,1079
WithPD,311,1683002291752094208,23.0,17.0,1683002287366496000,1,0,1723,1700,1080
WithPD,312,1683002292301384192,23.0,17.0,1683002287366496000,1,0,1726,1703,1081
WithPD,313,1683002292854162688,23.0,17.0,1683002287366496000,1,0,1729,1706,1082
WithPD,314,1683002293403194624,23.0,17.0,1683002287366496000,1,0,1732,1709,1083
WithPD,315,1683002293952199168,23.0,17.0,1683002287366496000,1,0,1735,1712,1084
WithPD,316,1683002294498875136,23.0,17.0,1683002287366496000,1,0,1738,1715,1085
WithPD,317,1683002295047896064,23.0,17.0,1683002287366496000,1,0,1741,1718,1086
WithPD,318,1683002295597500672,23.0,17.0,1683002287366496000,1,0,1744,1721,1087
WithPD,319,1683002296145041664,23.0,17.0,1683002287366496000,1,0,1747,1724,1088
WithPD,320,1683002296694179840,23.0,17.0,1683002287366496000,1,0,1750,1727,1089
WithPD,321,1683002297243197440,23.0,18.0,1683002297243197440,0,0,1753,1730,1090
WithPD,322,1683002297790497024,23.0,18.0,1683002297243197440,1,0,1756,1733,1091
WithPD,323,1683002298339496448,23.0,18.0,1683002297243197440,1,0,1759,1736,1092
WithPD,324,1683002298888526336,23.0,17.0,1683002298888526336,0,0,1762,1739,1093
WithPD,325,1683002299435775232,23.0,17.0,1683002298888526336,1,0,1765,1742,1094
